2.54005715223167E-08
2.53138801519333E-08
2.54377249667667E-08
2.54377249667667E-08
0.000000026
2.54624939297333E-08
0.000000025
2.53634180778667E-08
2.53634180778667E-08
2.53634180778667E-08
2.54624939297333E-08
2.59454887075833E-08
2.53510335963833E-08
2.55491853001167E-08
2.55491853001167E-08
2.53881870408333E-08
2.57225680408833E-08
2.55739542630833E-08
2.51900353371E-08
2.51900353371E-08
0.000000025
0.000000025
2.49175767444667E-08
2.45708112629333E-08
2.45460422999667E-08
2.455842678145E-08
2.45708112629333E-08
2.46946560777667E-08
2.48308853740833E-08
2.46698871148E-08
2.455842678145E-08
2.46822715962833E-08
2.440981300365E-08
2.418689233695E-08
0.000000024
2.38277423739333E-08
2.38772802998667E-08
2.418689233695E-08
2.43231216332667E-08
2.42983526703E-08
2.42116612999167E-08
2.42240457814E-08
2.38772802998667E-08
2.38772802998667E-08
2.39392027072833E-08
2.3778204448E-08
2.3778204448E-08
2.39268182258E-08
2.39144337443167E-08
0.000000024
0.000000024
0.000000024
0.000000024
0.000000024
0.000000024
2.433550611475E-08
2.46079647073833E-08
2.4521273337E-08
2.45460422999667E-08
2.492996122595E-08
2.51776508556167E-08
2.56111077075333E-08
2.60941024853833E-08
2.62798697076333E-08
2.68247868929E-08
2.68247868929E-08
2.59207197446167E-08
2.55491853001167E-08
2.55491853001167E-08
2.55491853001167E-08
2.59454887075833E-08
2.59454887075833E-08
2.76669316337667E-08
3.191480878255E-08
3.26331087085833E-08
3.26331087085833E-08
3.45279343755333E-08
3.45279343755333E-08
3.44288585236667E-08
3.44288585236667E-08
2.94874504118167E-08
2.84843074116667E-08
2.71963213374E-08
2.63665610780167E-08
2.52891111889667E-08
2.51900353371E-08
3.14194295232167E-08
0.000000028
2.75802402633833E-08
2.94750659303333E-08
3.013144344895E-08
2.990852278225E-08
0.000000029
0.000000029
2.83233091523833E-08
2.515288189265E-08
2.72582437448167E-08
2.98961383007667E-08
2.83852315598E-08
3.01809813748833E-08
3.37972499680167E-08
3.10850485231667E-08
3.10850485231667E-08
3.10850485231667E-08
3.01438279304333E-08
3.01438279304333E-08
3.33761775975833E-08
3.94569580059E-08
3.18157329306833E-08
3.13698915972833E-08
3.13698915972833E-08
3.25588018196833E-08
3.29055673012167E-08
7.34771286406167E-08
7.34771286406167E-08
6.32847003798333E-08
3.83423546724E-08
3.53453101534333E-08
3.21005760048E-08
0.00000003
2.78403143745333E-08
3.27817224863833E-08
3.23482656344667E-08
3.35247913753833E-08
6.28760124908833E-08
6.28760124908833E-08
6.28760124908833E-08
6.28760124908833E-08
4.46832091918667E-08
4.46832091918667E-08
4.157470433955E-08
3.75992857834E-08
3.43545516347667E-08
3.43545516347667E-08
3.23234966715E-08
3.23234966715E-08
3.17042725973333E-08
3.96798786726E-08
3.96798786726E-08
4.008856656155E-08
4.008856656155E-08
3.629891522765E-08
3.47756240052E-08
3.47756240052E-08
3.47013171163E-08
3.42430913014167E-08
3.35867137828E-08
3.35867137828E-08
3.35743293013167E-08
3.48375464126167E-08
3.48375464126167E-08
3.47756240052E-08
3.99027993393E-08
3.97665700429833E-08
4.45345954140667E-08
4.13146302284E-08
4.04105630801167E-08
3.96551097096333E-08
3.96551097096333E-08
3.94445735244167E-08
0.000000042
0.000000042
4.13889371173E-08
4.04848699690167E-08
4.13765526358167E-08
4.10917095617E-08
0.000000044
4.23425421915167E-08
3.96551097096333E-08
3.47632395237167E-08
3.250926389375E-08
4.06706371912667E-08
3.61131480054E-08
4.13889371173E-08
4.15127819321333E-08
4.23053887470667E-08
4.23425421915167E-08
4.26645387100833E-08
4.85100139702167E-08
4.194623878405E-08
1.44440207540117E-07
5.42687978599667E-08
4.81384795257167E-08
4.529004878455E-08
4.74821020071E-08
0.000000047
4.87205501554333E-08
5.23863566745E-08
7.08392340846667E-08
9.82089381628333E-08
7.83194609006E-08
8.45364706052333E-08
7.84185367524667E-08
6.20586367129833E-08
5.91235146014333E-08
8.03752848268333E-08
8.794220301315E-08
8.03257469009E-08
0.000000075
4.23796956359667E-08
3.93331131910667E-08
3.75992857834E-08
6.91549446029333E-08
7.67466317522167E-08
8.9911335569E-08
9.659895557E-08
9.36514489769667E-08
1.1030857657205E-07
1.17417268943483E-07
1.172562706842E-07
1.0005422590385E-07
1.13218929720633E-07
7.00713962327E-08
5.116029300765E-08
0.000000052
0.000000078
7.070300478835E-08
3.6410375561E-08
5.05039154890333E-08
4.12650923024667E-08
3.56053842645833E-08
3.87634270428333E-08
4.17357025988333E-08
4.67142641551333E-08
0.000000052
4.52776643030667E-08
0.000000052
4.65161124514E-08
1.17751649943533E-07
0.000000378
0.000000046
7.65484800484833E-08
4.94140811185E-08
4.61941159328333E-08
6.80651102324E-08
6.97741686771E-08
4.937692767405E-08
4.31227645249667E-08
3.77355150797167E-08
6.275216767605E-08
0.000000114
4.82004019331333E-08
4.751925545155E-08
4.68381089699667E-08
4.31723024509E-08
3.92092683762333E-08
0.000000037
8.44621637163333E-08
6.25911694167667E-08
4.521574189565E-08
3.81937408946E-08
3.67076031166E-08
0.000000039
3.82804322649833E-08
4.52776643030667E-08
4.54634315253167E-08
7.56444129002E-08
4.08068664875833E-08
3.68562168944E-08
3.52338498200833E-08
3.42430913014167E-08
3.44164740421833E-08
3.41068620051E-08
3.40944775236167E-08
3.40944775236167E-08
3.43793205977333E-08
3.84414305242667E-08
3.629891522765E-08
3.28188759308333E-08
0.000000035
0.000000034
3.78717443760333E-08
3.96055717837E-08
3.206342256035E-08
3.01562124119167E-08
3.08868968194333E-08
3.0465824449E-08
0.000000034
3.20758070418333E-08
3.14937364121167E-08
3.191480878255E-08
3.07506675231167E-08
3.07506675231167E-08
2.93388366340167E-08
2.93388366340167E-08
2.767931611525E-08
3.63484531535833E-08
3.82556633020167E-08
2.54129560038E-08
