0.3153600000
0.3086400000
0.3158400000
0.3286400000
0.2808000000
0.3529600000
0.3496000000
0.3022400000
0.3227200000
0.3550400000
0.3876800000
0.3403200000
0.3472000000
0.3436800000
0.3427200000
0.2968000000
0.3124800000
0.3091200000
0.2963200000
0.3003200000
0.2993600000
0.3091200000
0.3384000000
0.3476800000
0.3134400000
0.3091200000
0.3174400000
0.2793600000
0.2832000000
0.2729600000
0.2739200000
0.2744000000
0.2836800000
0.2944000000
0.2656000000
0.2739200000
0.2905600000
0.3100800000
0.2934400000
0.3153600000
0.3110400000
0.2915200000
0.2705600000
0.2691200000
0.2720000000
0.2612800000
0.2636800000
0.2497600000
0.2529600000
0.2489600000
0.2784000000
0.2817600000
0.2608000000
0.2582400000
0.2438400000
0.2168000000
0.2200000000
0.2214400000
0.2067200000
0.2400000000
0.2204800000
0.2387200000
0.2488000000
0.2144000000
0.2451200000
0.2424000000
0.2617600000
0.2480000000
0.2385600000
0.2070400000
0.1985600000
0.1881600000
0.1987200000
0.1950400000
0.1944000000
0.1843200000
0.1908800000
0.2041600000
0.2371200000
0.2280000000
0.2340800000
0.2256000000
0.2603200000
0.2366400000
0.2428800000
0.2510400000
0.2112000000
0.2024000000
0.1824000000
0.1742400000
0.1875200000
0.1838400000
0.1892800000
0.2097600000
0.1996800000
0.2009600000
0.2145600000
0.1939200000
0.1816000000
0.1860800000
0.1811200000
0.1792000000
0.1816000000
0.1779200000
0.1801600000
0.1764800000
0.1750400000
0.2108800000
0.2020800000
0.2083200000
0.2011200000
0.1916800000
0.1860800000
0.1745600000
0.1736000000
0.1835200000
0.1867200000
0.1782400000
0.1828800000
0.1884800000
0.1899200000
0.1819200000
0.1904000000
0.1918400000
0.1936000000
0.1912000000
0.1894400000
0.2227200000
0.2454400000
0.2497600000
0.2432000000
0.2353600000
0.2131200000
0.2112000000
0.2171200000
0.2060800000
0.2265600000
0.2268800000
0.2278400000
0.2563200000
0.2470400000
0.2433600000
0.2417600000
0.2464000000
0.2515200000
0.2484800000
0.2454400000
0.2505600000
0.2558400000
0.2448000000
0.2520000000
0.2632000000
0.2784000000
0.2798400000
0.2905600000
0.2758400000
0.2720000000
0.2865600000
0.3174400000
0.3262400000
0.3379200000
0.3452800000
0.3617600000
0.3808000000
0.3612800000
0.3633600000
0.3457600000
0.4003200000
0.4262400000
0.3612800000
0.3560000000
0.3540800000
0.3784000000
0.3774400000
0.3876800000
0.3881600000
0.4003200000
0.4243200000
0.4291200000
0.4116800000
0.3803200000
0.3731200000
0.3764800000
0.3769600000
0.3750400000
0.3686400000
0.3848000000
0.3812800000
0.3724800000
0.4081600000
0.4043200000
0.4043200000
0.4140800000
0.4243200000
0.4443200000
0.3910400000
0.4067200000
0.4096000000
0.3936000000
0.3936000000
0.4038400000
0.3950400000
0.4019200000
0.4169600000
0.3852800000
0.3833600000
0.4179200000
0.3886400000
0.4204800000
0.4052800000
0.4116800000
0.4150400000
0.4193600000
0.3896000000
0.3824000000
0.3867200000
0.3896000000
0.3857600000
0.3984000000
0.4267200000
0.4214400000
0.4364800000
0.4379200000
0.4379200000
0.4345600000
0.4238400000
0.4312000000
0.3936000000
0.3960000000
0.4038400000
0.4003200000
0.4136000000
0.3984000000
0.4096000000
0.4096000000
0.4443200000
0.4985600000
0.5292800000
0.5380800000
0.5204800000
0.4355200000
0.4678400000
0.4892800000
0.4726400000
0.4326400000
0.4257600000
0.4291200000
0.4121600000
0.4228800000
0.3984000000
0.4155200000
0.4038400000
0.4048000000
0.3900800000
0.3936000000
0.4131200000
0.4248000000
0.4155200000
0.4248000000
0.4409600000
0.4316800000
0.4174400000
0.4188800000
0.4248000000
0.3979200000
0.3993600000
0.3886400000
0.3681600000
0.3760000000
0.3745600000
0.3696000000
0.3676800000
0.3560000000
0.3740800000
0.3998400000
0.3910400000
0.3731200000
0.3633600000
0.3574400000
0.3593600000
0.3724800000
0.3564800000
0.3584000000
0.3524800000
0.3462400000
0.3696000000
0.3364800000
0.3686400000
0.3593600000
0.3710400000
0.3824000000
0.3881600000
0.3905600000
0.3681600000
0.3798400000
0.3633600000
0.3793600000
0.3852800000
0.3662400000
0.3886400000
0.3534400000
0.3745600000
0.3491200000
0.3760000000
0.3857600000
0.3862400000
0.3886400000
0.3881600000
0.3529600000
0.3574400000
0.3662400000
0.3740800000
0.3867200000
0.3988800000
0.3769600000
0.3736000000
0.3784000000
0.3784000000
0.3622400000
0.3203200000
0.3100800000
0.3081600000
0.3188800000
0.3153600000
0.3374400000
0.3448000000
0.3467200000
0.3643200000
0.3448000000
0.3486400000
0.3276800000
0.3262400000
0.3222400000
0.3076800000
0.3086400000
0.2958400000
0.2934400000
0.3320000000
0.3315200000
0.3281600000
0.3096000000
0.2979200000
0.2784000000
0.2822400000
0.2705600000
0.2998400000
0.2958400000
0.2920000000
0.2998400000
0.3036800000
0.2984000000
0.2665600000
0.2744000000
0.2371200000
0.2243200000
0.2382400000
0.2275200000
0.2145600000
0.2224000000
0.2340800000
0.2680000000
0.2881600000
0.2603200000
0.2582400000
0.2680000000
0.2344000000
0.2273600000
0.2252800000
0.2126400000
0.2292800000
0.2155200000
0.2036800000
0.1936000000
0.2001600000
0.1960000000
0.1880000000
0.2067200000
0.2187200000
0.2321600000
0.2041600000
0.2089600000
0.1968000000
0.1820800000
0.1897600000
0.1737600000
0.1777600000
0.2080000000
0.2118400000
0.2140800000
0.2153600000
0.2222400000
0.2016000000
0.2062400000
0.1867200000
0.1806400000
0.1857600000
0.1625600000
0.1611200000
0.1902400000
0.1643200000
0.1796800000
0.1784000000
0.1960000000
0.1876800000
0.2024000000
0.1835200000
0.2004800000
0.2056000000
0.2233600000
0.1955200000
0.1876800000
0.1881600000
0.1865600000
0.1792000000
0.1801600000
0.1857600000
0.1876800000
0.2011200000
0.2139200000
0.1948800000
0.2000000000
0.2019200000
0.1979200000
0.2062400000
0.2107200000
0.1852800000
0.2032000000
0.2329600000
0.2363200000
0.2308800000
0.2307200000
0.2227200000
0.2371200000
0.2243200000
0.2675200000
0.2622400000
0.3003200000
0.2998400000
0.2798400000
0.2715200000
0.3022400000
0.3169600000
0.3320000000
0.3212800000
0.3105600000
0.2934400000
0.2968000000
0.2836800000
0.2881600000
0.3051200000
0.3091200000
0.3041600000
0.3091200000
0.3193600000
0.3148800000
0.3355200000
0.3529600000
0.3408000000
0.3691200000
0.3779200000
0.3872000000
0.3648000000
0.3608000000
0.3569600000
0.3545600000
0.3550400000
0.3652800000
0.3588800000
0.3448000000
0.3769600000
0.4081600000
0.4057600000
0.3974400000
0.3700800000
0.3731200000
0.3681600000
0.4024000000
0.3876800000
0.4057600000
0.4697600000
0.3945600000
0.3648000000
0.3886400000
0.4024000000
0.4321600000
0.4200000000
0.4008000000
0.4057600000
0.4291200000
0.4008000000
0.3936000000
0.3964800000
0.4052800000
0.4160000000
0.3936000000
0.3750400000
0.3833600000
0.3843200000
0.4028800000
0.4096000000
0.3862400000
0.4028800000
0.0000000100
0.0000000100
0.0000000100
0.0000000100
0.0000000100
0.0000000100
0.0000000100
0.0000000100
0.0000000100
0.0000000100
0.0000000100
0.0000000100
0.0000000100
0.0000000100
0.0000000100
0.0000000100
0.0000000100
0.0000000100
0.0000000100
0.0000000100
0.0000000100
0.0000000100
0.0000000100
0.0000000100
0.0000000100
0.0000000100
0.0000000100
0.0000000100
0.0000000100
0.0000000100
0.0000000100
0.0000000100
0.0000000100
0.0000000100
0.0000000100
0.0000000100
0.0000000100
0.0000000100
0.0000000100
0.0000000100
0.0000000100
0.0000000100
0.0000000100
0.0000000100
0.0000000100
0.0000000100
0.0000000100
0.0000000100
0.0000000100
0.0000000100
0.0000000100
0.0000000100
0.0000000100
0.0000000100
0.0000000100
0.0000000100
0.0000000100
0.0000000100
0.0000000100
0.0000000100
0.0000000100
0.0000000100
0.0000000100
0.0000000100
0.0000000100
0.0000000100
0.0000000100
0.0000000100
0.0000000100
0.0000000100
0.0000000100
0.0000000100
0.0000000100
0.0000000100
0.0000000100
0.0000000100
0.0000000100
0.0000000100
0.0000000100
0.0000000100
0.0000000100
0.0000000100
0.0000000100
0.0000000100
0.0000000100
0.0000000100
0.0000000100
0.0000000100
0.0000000100
0.0000000100
0.0000000100
0.0000000100
0.0000000100
0.0000000100
0.0000000100
0.0000000100
0.0000000100
0.0000000100
0.0000000100
0.0000000100
0.0000000100
0.0000000100
0.0000000100
0.0000000100
0.0000000100
0.0000000100
0.0000000100
0.0000000100
0.0000000100
0.0000000100
0.0000000100
0.0000000100
0.0000000100
0.0000000100
0.0000000100
0.0000000100
0.0000000100
0.0000000100
0.0000000100
0.0000000100
0.0000000100
0.0000000100
0.0000000100
0.0000000100
0.0000000100
0.0000000100
0.0000000100
0.0000000100
0.0000000100
0.0000000100
0.0000000100
0.0000000100
0.0000000100
0.0000000100
0.0000000100
0.0000000100
0.0000000100
0.0000000100
0.0000000100
0.0000000100
0.0000000100
0.0000000100
0.0000000100
0.0000000100
0.0000000100
0.0000000100
0.0000000100
0.0000000100
0.0000000100
0.0000000100
0.0000000100
0.0000000100
0.0000000100
0.0000000100
0.0000000100
0.0000000100
0.0000000100
0.0000000100
0.0000000100
0.0000000100
0.0000000100
0.0000000100
0.0000000100
0.0000000100
0.0000000100
0.0000000100
0.0000000100
0.0000000100
0.0000000100
0.0000000100
0.0000000100
0.0000000100
0.0000000100
0.0000000100
0.0000000100
0.0000000100
0.0000000100
0.0000000100
0.0000000100
0.0000000100
0.0000000100
0.0000000100
0.0000000100
0.0000000100
0.0000000100
0.0000000100
0.0000000100
0.0000000100
0.0000000100
0.0000000100
0.0000000100
0.0000000100
0.0000000100
0.0000000100
0.0000000100
0.0000000100
0.0000000100
0.0000000100
0.0000000100
0.0000000100
0.0000000100
0.0000000100
0.0000000100
0.0000000100
0.0000000100
0.0000000100
0.0000000100
0.0000000100
0.0000000100
0.0000000100
0.0000000100
0.0000000100
0.0000000100
0.0000000100
0.0000000100
0.0000000100
0.0000000100
0.0000000100
0.0000000100
0.0000000100
0.0000000100
0.0000000100
0.0000000100
0.0000000100
0.0000000100
0.0000000100
0.0000000100
0.0000000100
0.0000000100
0.0000000100
0.0000000100
0.0000000100
0.0000000100
0.0000000100
0.0000000100
0.0000000100
0.0000000100
0.0000000100
0.0000000100
0.0000000100
0.0000000100
0.0000000100
0.0000000100
0.0000000100
0.0000000100
0.0000000100
0.0000000100
0.0000000100
0.0000000100
0.0000000100
0.0000000100
0.0000000100
0.0000000100
0.0000000100
0.0000000100
0.0000000100
0.0000000100
0.0000000100
0.0000000100
0.0000000100
0.0000000100
0.0000000100
0.0000000100
0.0000000100
0.0000000100
0.0000000100
0.0000000100
0.0000000100
0.0000000100
0.0000000100
0.0000000100
0.0000000100
0.0000000100
0.0000000100
0.0000000100
0.0000000100
0.0000000100
0.0000000100
0.0000000100
0.0000000100
0.0000000100
0.0000000100
0.0000000100
0.0000000100
0.0000000100
0.0000000100
0.0000000100
0.0000000100
0.0000000100
0.0000000100
0.0000000100
0.0000000100
0.0000000100
0.0000000100
0.0000000100
0.0000000100
0.0000000100
0.0000000100
0.0000000100
0.0000000100
0.0000000100
0.0000000100
0.0000000100
0.0000000100
0.0000000100
0.0000000100
0.0000000100
0.0000000100
0.0000000100
0.0000000100
0.0000000100
0.0000000100
0.0000000100
0.0000000100
0.0000000100
0.0000000100
0.0000000100
0.0000000100
0.0000000100
0.0000000100
0.0000000100
0.0000000100
0.0000000100
0.0000000100
0.0000000100
0.0000000100
0.0000000100
0.0000000100
0.0000000100
0.0000000100
0.0000000100
0.0000000100
0.0000000100
0.0000000100
0.0000000100
0.0000000100
0.0000000100
0.0000000100
0.0000000100
0.0000000100
0.0000000100
0.0000000100
0.0000000100
0.0000000100
0.0000000100
0.0000000100
0.0000000100
0.0000000100
0.0000000100
0.0000000100
0.0000000100
0.0000000100
0.0000000100
0.0000000100
0.0000000100
0.0000000100
0.0000000100
0.0000000100
0.0000000100
0.0000000100
0.0000000100
0.0000000100
0.0000000100
0.0000000100
0.0000000100
0.0000000100
0.0000000100
0.0000000100
