0.0993066667
0.0984533333
0.1010666667
0.0925866667
0.0955200000
0.0989333333
0.0971733333
0.0945600000
0.0901866667
0.0932800000
0.1018666667
0.0947200000
0.0982933333
0.0931200000
0.1004266667
0.0890133333
0.0939200000
0.0950400000
0.1015466667
0.0870933333
0.0996266667
0.0898666667
0.0962133333
0.0950400000
0.0913066667
0.0913066667
0.0908266667
0.0942400000
0.0934400000
0.0838400000
0.0848000000
0.0775466667
0.0761066667
0.0796800000
0.0877333333
0.0774933333
0.0744533333
0.0726933333
0.0718400000
0.0682666667
0.0659733333
0.0668800000
0.0614400000
0.0629866667
0.0589866667
0.0594666667
0.0529760000
0.0585066667
0.0541866667
0.0538666667
0.0462240000
0.0497226667
0.0424000000
0.0420746667
0.0417493333
0.0375573333
0.0355200000
0.0358453333
0.0334080000
0.0362933333
0.0298240000
0.0268960000
0.0246186667
0.0231520000
0.0260000000
0.0229920000
0.0252266667
0.0208320000
0.0249013333
0.0195306667
0.0152000000
0.0190026667
0.0168853333
0.0159520000
0.0137546667
0.0151786667
0.0130826667
0.0139146667
0.0134293333
0.0129600000
0.0122453333
0.0120213333
0.0132266667
0.0138133333
0.0128160000
0.0153173333
0.0152000000
0.0124106667
0.0132426667
0.0112906667
0.0100906667
0.0124106667
0.0132853333
0.0121653333
0.0097333333
0.0113920000
0.0122453333
0.0137920000
0.0106826667
0.0085226667
0.0103840000
0.0086666667
0.0063680000
0.0094400000
0.0127573333
0.0092960000
0.0098986667
0.0093600000
0.0060533333
0.0076000000
0.0053306667
0.0077226667
0.0075253333
0.0079626667
0.0099360000
0.0085866667
0.0072106667
0.0065493333
0.0105386667
0.0073653333
0.0076106667
0.0104373333
0.0096053333
0.0084106667
0.0106186667
0.0138560000
0.0112320000
0.0103680000
0.0123306667
0.0124533333
0.0114346667
0.0123893333
0.0124533333
0.0144266667
0.0137546667
0.0136106667
0.0150560000
0.0155253333
0.0155413333
0.0162133333
0.0191626667
0.0195306667
0.0191253333
0.0166026667
0.0167626667
0.0130400000
0.0180853333
0.0195093333
0.0148906667
0.0198773333
0.0207946667
0.0202026667
0.0233173333
0.0205493333
0.0233173333
0.0253493333
0.0231946667
0.0259200000
0.0263680000
0.0260800000
0.0350773333
0.0506986667
0.0485013333
0.0541333333
0.0553600000
0.0621866667
0.0610133333
0.0568000000
0.0648533333
0.0616000000
0.0673066667
0.0622400000
0.0717866667
0.0739733333
0.0736533333
0.0707200000
0.0780266667
0.0792533333
0.0744000000
0.0815466667
0.0770666667
0.0801600000
0.0836800000
0.0872533333
0.0856000000
0.0792533333
0.0852800000
0.0785066667
0.0785066667
0.0906666667
0.0852800000
0.0838400000
0.0822933333
0.0848000000
0.0864000000
0.0883733333
0.0890133333
0.0914666667
0.0937600000
0.1052800000
0.0916266667
0.0966933333
0.0909866667
0.0978133333
0.0950400000
0.0989333333
0.1035200000
0.1027200000
0.1093866667
0.1085866667
0.1098666667
0.1106666667
0.1166933333
0.1150933333
0.1069333333
0.1144000000
0.1166933333
0.1183466667
0.1262933333
0.1240000000
0.1285866667
0.1298666667
0.1292266667
0.1171733333
0.1131200000
0.1640533333
0.2731200000
0.2965333333
0.3124800000
0.3170666667
0.2932800000
0.1696000000
0.0996266667
0.0905066667
0.0782933333
0.0867733333
0.0891733333
0.0913066667
0.0890133333
0.0862400000
0.0852800000
0.0880533333
0.0867733333
0.0893333333
0.0848000000
0.0916266667
0.0894933333
0.0857600000
0.0880533333
0.0965333333
0.0908266667
0.0932800000
0.0922666667
0.0911466667
0.0900266667
0.0922666667
0.0924266667
0.0984533333
0.0950400000
0.0888533333
0.0885333333
0.0919466667
0.0929600000
0.0914666667
0.0917866667
0.0932800000
0.0877333333
0.0885333333
0.0908266667
0.0945600000
0.0970133333
0.0921066667
0.1005866667
0.0929600000
0.0968533333
0.0952000000
0.0999466667
0.0956800000
0.1002666667
0.1038400000
0.1137600000
0.1062933333
0.1158933333
0.1181866667
0.1149333333
0.1140800000
0.1160533333
0.1193066667
0.1116800000
0.1139200000
0.1170133333
0.1178133333
0.1145600000
0.1162133333
0.1212800000
0.1158933333
0.1220800000
0.1269333333
0.1227200000
0.1336000000
0.1241600000
0.1205866667
0.1326400000
0.1318400000
0.1307200000
0.1344533333
0.1279466667
0.1250133333
0.1232000000
0.1224000000
0.1241600000
0.1144000000
0.1193066667
0.1186666667
0.1098666667
0.1134400000
0.1009066667
0.1035200000
0.1030400000
0.1038400000
0.1012266667
0.0984533333
0.0906666667
0.0860800000
0.0781333333
0.0818133333
0.0753600000
0.0769066667
0.0809066667
0.0736533333
0.0756800000
0.0770666667
0.0654933333
0.0700800000
0.0625066667
0.0602133333
0.0604800000
0.0593066667
0.0504533333
0.0534933333
0.0507786667
0.0485013333
0.0477706667
0.0456533333
0.0407733333
0.0437013333
0.0393866667
0.0293760000
0.0361333333
0.0351946667
0.0325120000
0.0321866667
0.0267733333
0.0257973333
0.0268160000
0.0213226667
0.0212000000
0.0181280000
0.0191040000
0.0189386667
0.0154400000
0.0204053333
0.0152000000
0.0168480000
0.0146080000
0.0154826667
0.0147680000
0.0173760000
0.0152373333
0.0150986667
0.0146506667
0.0138773333
0.0139573333
0.0128160000
0.0119840000
0.0133280000
0.0131413333
0.0140586667
0.0110453333
0.0118826667
0.0114346667
0.0126346667
0.0134666667
0.0101120000
0.0085440000
0.0093866667
0.0103360000
0.0094506667
0.0080746667
0.0097333333
0.0083200000
0.0129813333
0.0093280000
0.0085973333
0.0095306667
0.0087466667
0.0074133333
0.0088586667
0.0058613333
0.0011034667
0.0007274667
0.0020597333
0.0027568000
0.0079840000
0.0098666667
0.0085546667
0.0091040000
0.0091466667
0.0067840000
0.0073333333
0.0117173333
0.0090933333
0.0072960000
0.0099786667
0.0109653333
0.0093973333
0.0091946667
0.0096053333
0.0113546667
0.0117386667
0.0104960000
0.0134080000
0.0108640000
0.0146293333
0.0130613333
0.0121066667
0.0131413333
0.0137920000
0.0136533333
0.0166826667
0.0164800000
0.0138933333
0.0151146667
0.0167626667
0.0178240000
0.0188800000
0.0171093333
0.0168480000
0.0162986667
0.0193706667
0.0203680000
0.0201600000
0.0200373333
0.0195946667
0.0235573333
0.0230293333
0.0229493333
0.0214826667
0.0225813333
0.0264053333
0.0286880000
0.0248640000
0.0292960000
0.0286880000
0.0349120000
0.0284853333
0.0302720000
0.0345066667
0.0338133333
0.0350773333
0.0429706667
0.0413013333
0.0343040000
0.0371520000
0.0392266667
0.0406080000
0.0389013333
0.0441920000
0.0415040000
0.0408533333
0.0459786667
0.0421546667
0.0409333333
0.0445973333
0.0432106667
0.0423200000
0.0461440000
0.0432106667
0.0510240000
0.0493973333
0.0438613333
0.0453280000
0.0493173333
0.0511093333
0.0503733333
0.0501280000
0.0495626667
0.0481760000
0.0511893333
0.0500480000
0.0471200000
0.0463040000
0.0505386667
0.0511093333
0.0568000000
0.0541866667
0.0557333333
0.0564800000
0.0568000000
0.0546666667
0.0609600000
0.0560000000
0.0000000100
0.0000000100
0.0000000100
0.0000000100
0.0000000100
0.0000000100
0.0000000100
0.0000000100
0.0000000100
0.0000000100
0.0000000100
0.0000000100
0.0000000100
0.0000000100
0.0000000100
0.0000000100
0.0000000100
0.0000000100
0.0000000100
0.0000000100
0.0000000100
0.0000000100
0.0000000100
0.0000000100
0.0000000100
0.0000000100
0.0000000100
0.0000000100
0.0000000100
0.0000000100
0.0000000100
0.0000000100
0.0000000100
0.0000000100
0.0000000100
0.0000000100
0.0000000100
0.0000000100
0.0000000100
0.0000000100
0.0000000100
0.0000000100
0.0000000100
0.0000000100
0.0000000100
0.0000000100
0.0000000100
0.0000000100
0.0000000100
0.0000000100
0.0000000100
0.0000000100
0.0000000100
0.0000000100
0.0000000100
0.0000000100
0.0000000100
0.0000000100
0.0000000100
0.0000000100
0.0000000100
0.0000000100
0.0000000100
0.0000000100
0.0000000100
0.0000000100
0.0000000100
0.0000000100
0.0000000100
0.0000000100
0.0000000100
0.0000000100
0.0000000100
0.0000000100
0.0000000100
0.0000000100
0.0000000100
0.0000000100
0.0000000100
0.0000000100
0.0000000100
0.0000000100
0.0000000100
0.0000000100
0.0000000100
0.0000000100
0.0000000100
0.0000000100
0.0000000100
0.0000000100
0.0000000100
0.0000000100
0.0000000100
0.0000000100
0.0000000100
0.0000000100
0.0000000100
0.0000000100
0.0000000100
0.0000000100
0.0000000100
0.0000000100
0.0000000100
0.0000000100
0.0000000100
0.0000000100
0.0000000100
0.0000000100
0.0000000100
0.0000000100
0.0000000100
0.0000000100
0.0000000100
0.0000000100
0.0000000100
0.0000000100
0.0000000100
0.0000000100
0.0000000100
0.0000000100
0.0000000100
0.0000000100
0.0000000100
0.0000000100
0.0000000100
0.0000000100
0.0000000100
0.0000000100
0.0000000100
0.0000000100
0.0000000100
0.0000000100
0.0000000100
0.0000000100
0.0000000100
0.0000000100
0.0000000100
0.0000000100
0.0000000100
0.0000000100
0.0000000100
0.0000000100
0.0000000100
0.0000000100
0.0000000100
0.0000000100
0.0000000100
0.0000000100
0.0000000100
0.0000000100
0.0000000100
0.0000000100
0.0000000100
0.0000000100
0.0000000100
0.0000000100
0.0000000100
0.0000000100
0.0000000100
0.0000000100
0.0000000100
0.0000000100
0.0000000100
0.0000000100
0.0000000100
0.0000000100
0.0000000100
0.0000000100
0.0000000100
0.0000000100
0.0000000100
0.0000000100
0.0000000100
0.0000000100
0.0000000100
0.0000000100
0.0000000100
0.0000000100
0.0000000100
0.0000000100
0.0000000100
0.0000000100
0.0000000100
0.0000000100
0.0000000100
0.0000000100
0.0000000100
0.0000000100
0.0000000100
0.0000000100
0.0000000100
0.0000000100
0.0000000100
0.0000000100
0.0000000100
0.0000000100
0.0000000100
0.0000000100
0.0000000100
0.0000000100
0.0000000100
0.0000000100
0.0000000100
0.0000000100
0.0000000100
0.0000000100
0.0000000100
0.0000000100
0.0000000100
0.0000000100
0.0000000100
0.0000000100
0.0000000100
0.0000000100
0.0000000100
0.0000000100
0.0000000100
0.0000000100
0.0000000100
0.0000000100
0.0000000100
0.0000000100
0.0000000100
0.0000000100
0.0000000100
0.0000000100
0.0000000100
0.0000000100
0.0000000100
0.0000000100
0.0000000100
0.0000000100
0.0000000100
0.0000000100
0.0000000100
0.0000000100
0.0000000100
0.0000000100
0.0000000100
0.0000000100
0.0000000100
0.0000000100
0.0000000100
0.0000000100
0.0000000100
0.0000000100
0.0000000100
0.0000000100
0.0000000100
0.0000000100
0.0000000100
0.0000000100
0.0000000100
0.0000000100
0.0000000100
0.0000000100
0.0000000100
0.0000000100
0.0000000100
0.0000000100
0.0000000100
0.0000000100
0.0000000100
0.0000000100
0.0000000100
0.0000000100
0.0000000100
0.0000000100
0.0000000100
0.0000000100
0.0000000100
0.0000000100
0.0000000100
0.0000000100
0.0000000100
0.0000000100
0.0000000100
0.0000000100
0.0000000100
0.0000000100
0.0000000100
0.0000000100
0.0000000100
0.0000000100
0.0000000100
0.0000000100
0.0000000100
0.0000000100
0.0000000100
0.0000000100
0.0000000100
0.0000000100
0.0000000100
0.0000000100
0.0000000100
0.0000000100
0.0000000100
0.0000000100
0.0000000100
0.0000000100
0.0000000100
0.0000000100
0.0000000100
0.0000000100
0.0000000100
0.0000000100
0.0000000100
0.0000000100
0.0000000100
0.0000000100
0.0000000100
0.0000000100
0.0000000100
0.0000000100
0.0000000100
0.0000000100
0.0000000100
0.0000000100
0.0000000100
0.0000000100
0.0000000100
0.0000000100
0.0000000100
0.0000000100
0.0000000100
0.0000000100
0.0000000100
0.0000000100
0.0000000100
0.0000000100
0.0000000100
0.0000000100
0.0000000100
0.0000000100
0.0000000100
0.0000000100
0.0000000100
0.0000000100
0.0000000100
0.0000000100
0.0000000100
0.0000000100
0.0000000100
0.0000000100
0.0000000100
0.0000000100
0.0000000100
0.0000000100
0.0000000100
0.0000000100
0.0000000100
0.0000000100
0.0000000100
0.0000000100
0.0000000100
0.0000000100
0.0000000100
0.0000000100
0.0000000100
0.0000000100
0.0000000100
0.0000000100
0.0000000100
0.0000000100
0.0000000100
0.0000000100
0.0000000100
0.0000000100
