0.8252231015
0.8006398384
0.7913790200
0.7851490150
0.7831284728
0.7779087388
0.8715271931
0.7933995622
0.7984509177
0.8026603805
0.8099006567
0.8109109278
0.8509850143
0.8201717461
0.8221922883
0.8580569119
0.8397036538
0.8344839199
0.8560363698
0.8375147331
0.8232025594
0.8375147331
0.8159622832
0.8232025594
0.8592355615
0.7944098333
0.8016501094
0.8056911938
0.7913790200
0.8099006567
0.8221922883
0.8067014649
0.8036706516
0.8272436437
0.8026603805
0.7893584779
0.8365044620
0.7964303755
0.8046809227
0.7964303755
0.8109109278
0.8272436437
0.8304428355
0.8046809227
0.8119211989
0.7933995622
0.8016501094
0.7933995622
0.8375147331
0.8139417410
0.8262333726
0.7984509177
0.7964303755
0.8016501094
0.8242128304
0.8087220071
0.8016501094
0.8087220071
0.8056911938
0.8397036538
0.8201717461
0.8067014649
0.8099006567
0.7913790200
0.8056911938
0.7903687489
0.8314531066
0.7964303755
0.8447550093
0.7923892911
0.7954201044
0.8036706516
0.8179828254
0.8067014649
0.7881798283
0.7944098333
0.7933995622
0.8211820172
0.7974406466
0.7881798283
0.7779087388
0.7758881967
0.8016501094
0.7789190099
0.8149520121
0.8006398384
0.8129314699
0.8006398384
0.7954201044
0.7871695572
0.8179828254
0.7841387439
0.7933995622
0.7996295673
0.7851490150
0.7974406466
0.8159622832
0.7625862940
0.7789190099
0.7625862940
0.7779087388
0.7698265701
0.8119211989
0.7625862940
0.8087220071
0.7698265701
0.7758881967
0.7686479205
0.8087220071
0.7851490150
0.7831284728
0.7800976595
0.7686479205
0.8159622832
0.8191614750
0.7748779256
0.7861592861
0.7728573834
0.7861592861
0.7974406466
0.8036706516
0.7903687489
0.7903687489
0.8314531066
0.7738676545
0.8016501094
0.8397036538
0.8489644721
0.8673177303
0.8477858225
0.8612561037
0.8417241960
0.8900488298
0.8159622832
0.8282539148
0.8149520121
0.8149520121
0.8324633777
0.8344839199
0.8016501094
0.8056911938
0.8221922883
0.7881798283
0.7923892911
0.8129314699
0.7800976595
0.7831284728
0.7954201044
0.8109109278
0.8087220071
0.8282539148
0.8427344671
0.8232025594
0.8314531066
0.8179828254
0.8365044620
0.8642869170
0.8447550093
0.8344839199
0.8519952854
0.8695066510
0.8447550093
0.8775888197
0.8447550093
0.8447550093
0.8407139249
0.8540158276
0.8201717461
0.8612561037
0.8592355615
0.8272436437
0.8673177303
0.8099006567
0.7996295673
0.8067014649
0.7933995622
0.7831284728
0.7553460178
0.8046809227
0.7676376494
0.7758881967
0.7666273783
0.7450749284
0.7470954706
0.7420441152
0.7491160128
0.7851490150
0.7768984678
0.7460851995
0.7420441152
0.7368243812
0.7460851995
0.7573665600
0.7410338441
0.7502946624
0.7553460178
0.7523152046
0.7400235730
0.7615760229
0.7317730258
0.7317730258
0.7204916653
0.7563562889
0.7410338441
0.8046809227
0.7378346523
0.7295841051
0.7388449234
0.7563562889
0.7698265701
0.8179828254
0.7768984678
0.8201717461
0.7954201044
0.8119211989
0.7903687489
0.8365044620
0.8149520121
0.7954201044
0.7944098333
0.8252231015
0.7800976595
0.8006398384
0.7738676545
0.7851490150
0.7656171073
0.7789190099
0.7748779256
0.8385250042
0.7758881967
0.7593871022
0.7974406466
0.7708368412
0.7738676545
0.7676376494
0.7481057417
0.7800976595
0.7440646573
0.7533254757
0.7758881967
0.7635965651
0.7523152046
0.7430543863
0.7646068362
0.7933995622
0.7593871022
0.7933995622
0.7635965651
0.7470954706
0.7718471123
0.7718471123
0.7656171073
0.8457652804
0.7573665600
0.7625862940
0.7698265701
0.7317730258
0.7265532918
0.7708368412
0.7768984678
0.7450749284
0.7152719313
0.7285738340
0.7307627547
0.7666273783
0.7295841051
0.7460851995
0.7563562889
0.7388449234
0.7430543863
0.7686479205
0.7265532918
0.7152719313
0.7358141101
0.7307627547
0.7676376494
0.7635965651
0.7307627547
0.7573665600
0.7368243812
0.7553460178
0.7430543863
0.7893584779
0.7615760229
0.7573665600
0.7400235730
0.7533254757
0.7583768311
0.7954201044
0.7502946624
0.7984509177
0.7460851995
0.7656171073
0.7583768311
0.7811079306
0.7481057417
0.7676376494
0.7738676545
0.8221922883
0.8642869170
0.9053712746
0.8580569119
0.8457652804
0.7913790200
0.7841387439
0.7964303755
0.8878599091
0.8036706516
0.8006398384
0.7984509177
0.7954201044
0.8026603805
0.8314531066
0.8272436437
0.8560363698
0.8592355615
0.8201717461
0.8282539148
0.8334736488
0.8109109278
0.8129314699
0.7944098333
0.8109109278
0.8211820172
0.8417241960
0.8036706516
0.8179828254
0.8139417410
0.8129314699
0.8149520121
0.8652971881
0.8570466408
0.8775888197
0.8592355615
0.8705169220
0.8397036538
0.8755682775
0.8489644721
0.8397036538
0.8499747432
0.8663074592
0.8354941909
0.8467755514
0.8375147331
0.8570466408
0.8755682775
0.8642869170
0.8612561037
0.9321434585
0.8580569119
0.8427344671
0.8489644721
0.8447550093
0.8365044620
0.8878599091
0.8099006567
0.8221922883
0.8417241960
0.8282539148
0.7996295673
0.8385250042
0.8016501094
0.8179828254
0.8211820172
0.8314531066
0.8169725543
0.8838188247
0.8221922883
0.8242128304
0.8159622832
0.8201717461
0.8046809227
0.8417241960
0.8457652804
0.8489644721
0.8705169220
0.8407139249
0.8540158276
0.8817982825
0.8354941909
0.8344839199
0.8397036538
0.8314531066
0.8282539148
0.8890385587
0.8314531066
0.8077117360
0.8129314699
0.8304428355
0.8232025594
0.8499747432
0.8149520121
0.8385250042
0.8427344671
0.8252231015
0.8262333726
0.8457652804
0.8489644721
0.8354941909
0.8397036538
0.8087220071
0.8119211989
0.8375147331
0.8457652804
0.7954201044
0.8099006567
0.7954201044
0.8077117360
0.8354941909
0.7893584779
0.7954201044
0.8087220071
0.8673177303
0.8129314699
0.8509850143
0.8119211989
0.8087220071
0.7954201044
0.7944098333
0.8006398384
0.8201717461
0.8139417410
0.7861592861
0.7964303755
0.7954201044
0.7996295673
0.8221922883
0.7841387439
0.8026603805
0.7903687489
0.8252231015
0.8016501094
0.8334736488
0.7893584779
0.7748779256
0.7583768311
0.7410338441
0.7460851995
0.7903687489
0.7821182017
0.7583768311
0.7686479205
0.7543357468
0.7656171073
0.7903687489
0.7789190099
0.7954201044
0.8550260987
0.8242128304
0.8294325644
0.8519952854
0.8457652804
0.8509850143
0.8489644721
0.8344839199
0.8437447382
0.9095807375
0.8304428355
0.8499747432
0.8397036538
0.8324633777
0.8304428355
0.8580569119
0.8221922883
0.8489644721
0.8067014649
0.7923892911
0.7996295673
0.8272436437
0.7821182017
0.8067014649
0.7800976595
0.7831284728
0.7851490150
0.7954201044
0.7615760229
0.7686479205
0.7635965651
0.7666273783
0.7635965651
0.8139417410
0.7811079306
0.7523152046
0.7563562889
0.7593871022
0.7615760229
0.7811079306
0.7676376494
0.7913790200
0.7625862940
0.7686479205
0.7593871022
0.7903687489
0.7646068362
0.7656171073
0.7470954706
0.7779087388
0.7768984678
0.8077117360
0.7686479205
0.7553460178
0.7768984678
0.0000000100
0.0000000100
0.0000000100
0.0000000100
0.0000000100
0.0000000100
0.0000000100
0.0000000100
0.0000000100
0.0000000100
0.0000000100
0.0000000100
0.0000000100
0.0000000100
0.0000000100
0.0000000100
0.0000000100
0.0000000100
0.0000000100
0.0000000100
0.0000000100
0.0000000100
0.0000000100
0.0000000100
0.0000000100
0.0000000100
0.0000000100
0.0000000100
0.0000000100
0.0000000100
0.0000000100
0.0000000100
0.0000000100
0.0000000100
0.0000000100
0.0000000100
0.0000000100
0.0000000100
0.0000000100
0.0000000100
0.0000000100
0.0000000100
0.0000000100
0.0000000100
0.0000000100
0.0000000100
0.0000000100
0.0000000100
0.0000000100
0.0000000100
0.0000000100
0.0000000100
0.0000000100
0.0000000100
0.0000000100
0.0000000100
0.0000000100
0.0000000100
0.0000000100
0.0000000100
0.0000000100
0.0000000100
0.0000000100
0.0000000100
0.0000000100
0.0000000100
0.0000000100
0.0000000100
0.0000000100
0.0000000100
0.0000000100
0.0000000100
0.0000000100
0.0000000100
0.0000000100
0.0000000100
0.0000000100
0.0000000100
0.0000000100
0.0000000100
0.0000000100
0.0000000100
0.0000000100
0.0000000100
0.0000000100
0.0000000100
0.0000000100
0.0000000100
0.0000000100
0.0000000100
0.0000000100
0.0000000100
0.0000000100
0.0000000100
0.0000000100
0.0000000100
0.0000000100
0.0000000100
0.0000000100
0.0000000100
0.0000000100
0.0000000100
0.0000000100
0.0000000100
0.0000000100
0.0000000100
0.0000000100
0.0000000100
0.0000000100
0.0000000100
0.0000000100
0.0000000100
0.0000000100
0.0000000100
0.0000000100
0.0000000100
0.0000000100
0.0000000100
0.0000000100
0.0000000100
0.0000000100
0.0000000100
0.0000000100
0.0000000100
0.0000000100
0.0000000100
0.0000000100
0.0000000100
0.0000000100
0.0000000100
0.0000000100
0.0000000100
0.0000000100
0.0000000100
0.0000000100
0.0000000100
0.0000000100
0.0000000100
0.0000000100
0.0000000100
0.0000000100
0.0000000100
0.0000000100
0.0000000100
0.0000000100
0.0000000100
0.0000000100
0.0000000100
0.0000000100
0.0000000100
0.0000000100
0.0000000100
0.0000000100
0.0000000100
0.0000000100
0.0000000100
0.0000000100
0.0000000100
0.0000000100
0.0000000100
0.0000000100
0.0000000100
0.0000000100
0.0000000100
0.0000000100
0.0000000100
0.0000000100
0.0000000100
0.0000000100
0.0000000100
0.0000000100
0.0000000100
0.0000000100
0.0000000100
0.0000000100
0.0000000100
0.0000000100
0.0000000100
0.0000000100
0.0000000100
0.0000000100
0.0000000100
0.0000000100
0.0000000100
0.0000000100
0.0000000100
0.0000000100
0.0000000100
0.0000000100
0.0000000100
0.0000000100
0.0000000100
0.0000000100
0.0000000100
0.0000000100
0.0000000100
0.0000000100
0.0000000100
0.0000000100
0.0000000100
0.0000000100
0.0000000100
0.0000000100
0.0000000100
0.0000000100
0.0000000100
0.0000000100
0.0000000100
0.0000000100
0.0000000100
0.0000000100
0.0000000100
0.0000000100
0.0000000100
0.0000000100
0.0000000100
0.0000000100
0.0000000100
0.0000000100
0.0000000100
0.0000000100
0.0000000100
0.0000000100
0.0000000100
0.0000000100
0.0000000100
0.0000000100
0.0000000100
0.0000000100
0.0000000100
0.0000000100
0.0000000100
0.0000000100
0.0000000100
0.0000000100
0.0000000100
0.0000000100
0.0000000100
0.0000000100
0.0000000100
0.0000000100
0.0000000100
0.0000000100
0.0000000100
0.0000000100
0.0000000100
0.0000000100
0.0000000100
0.0000000100
0.0000000100
0.0000000100
0.0000000100
0.0000000100
0.0000000100
0.0000000100
0.0000000100
0.0000000100
0.0000000100
0.0000000100
0.0000000100
0.0000000100
0.0000000100
0.0000000100
0.0000000100
0.0000000100
0.0000000100
0.0000000100
0.0000000100
0.0000000100
0.0000000100
0.0000000100
0.0000000100
0.0000000100
0.0000000100
0.0000000100
0.0000000100
0.0000000100
0.0000000100
0.0000000100
0.0000000100
0.0000000100
0.0000000100
0.0000000100
0.0000000100
0.0000000100
0.0000000100
0.0000000100
0.0000000100
0.0000000100
0.0000000100
0.0000000100
0.0000000100
0.0000000100
0.0000000100
0.0000000100
0.0000000100
0.0000000100
0.0000000100
0.0000000100
0.0000000100
0.0000000100
0.0000000100
0.0000000100
0.0000000100
0.0000000100
0.0000000100
0.0000000100
0.0000000100
0.0000000100
0.0000000100
0.0000000100
0.0000000100
0.0000000100
0.0000000100
0.0000000100
0.0000000100
0.0000000100
0.0000000100
0.0000000100
0.0000000100
0.0000000100
0.0000000100
0.0000000100
0.0000000100
0.0000000100
0.0000000100
0.0000000100
0.0000000100
0.0000000100
0.0000000100
0.0000000100
0.0000000100
0.0000000100
0.0000000100
0.0000000100
0.0000000100
0.0000000100
0.0000000100
0.0000000100
0.0000000100
0.0000000100
0.0000000100
0.0000000100
0.0000000100
0.0000000100
0.0000000100
0.0000000100
0.0000000100
0.0000000100
0.0000000100
0.0000000100
0.0000000100
0.0000000100
0.0000000100
0.0000000100
0.0000000100
0.0000000100
0.0000000100
0.0000000100
0.0000000100
0.0000000100
0.0000000100
0.0000000100
0.0000000100
0.0000000100
0.0000000100
0.0000000100
0.0000000100
