0.0795200000
0.0816000000
0.0843200000
0.0852800000
0.0782933333
0.0778666667
0.0852800000
0.0762666667
0.0782933333
0.0783466667
0.0885333333
0.0829333333
0.0784533333
0.0764266667
0.0818133333
0.0763200000
0.0811200000
0.0778133333
0.0788800000
0.0753600000
0.0726933333
0.0755200000
0.0848000000
0.0821333333
0.0728533333
0.0788800000
0.0798400000
0.0781333333
0.0744533333
0.0733333333
0.0742400000
0.0682133333
0.0652800000
0.0708800000
0.0728533333
0.0671466667
0.0634666667
0.0646400000
0.0613866667
0.0594666667
0.0564800000
0.0578666667
0.0558933333
0.0516746667
0.0548266667
0.0523253333
0.0475253333
0.0449226667
0.0451680000
0.0377173333
0.0366613333
0.0371093333
0.0377173333
0.0356053333
0.0351146667
0.0364160000
0.0324693333
0.0307626667
0.0282400000
0.0269386667
0.0255520000
0.0205066667
0.0203680000
0.0203040000
0.0195946667
0.0212000000
0.0208746667
0.0179626667
0.0189386667
0.0144053333
0.0143413333
0.0150133333
0.0149760000
0.0116373333
0.0121440000
0.0134293333
0.0117173333
0.0107200000
0.0105600000
0.0105973333
0.0107040000
0.0107413333
0.0118186667
0.0104960000
0.0095733333
0.0128800000
0.0115786667
0.0102826667
0.0105600000
0.0105813333
0.0080586667
0.0120053333
0.0103253333
0.0098346667
0.0089493333
0.0093280000
0.0081813333
0.0079466667
0.0066240000
0.0052693333
0.0071733333
0.0079573333
0.0071893333
0.0066613333
0.0082080000
0.0071306667
0.0069280000
0.0082400000
0.0064480000
0.0062880000
0.0045728000
0.0061653333
0.0058293333
0.0071093333
0.0063893333
0.0060000000
0.0057386667
0.0054400000
0.0097440000
0.0070826667
0.0088373333
0.0074453333
0.0077813333
0.0071520000
0.0092480000
0.0074986667
0.0088800000
0.0077226667
0.0076373333
0.0087893333
0.0095413333
0.0109653333
0.0086666667
0.0113120000
0.0098880000
0.0131413333
0.0109440000
0.0125546667
0.0134506667
0.0150133333
0.0144426667
0.0143840000
0.0142826667
0.0125706667
0.0130400000
0.0131413333
0.0177013333
0.0169653333
0.0163786667
0.0165813333
0.0176000000
0.0176800000
0.0184320000
0.0196320000
0.0227040000
0.0221760000
0.0240906667
0.0225013333
0.0237653333
0.0234773333
0.0311253333
0.0444320000
0.0448426667
0.0483413333
0.0479306667
0.0488266667
0.0513493333
0.0486666667
0.0541866667
0.0533866667
0.0574400000
0.0545066667
0.0580800000
0.0577066667
0.0609600000
0.0574400000
0.0630933333
0.0633066667
0.0610133333
0.0661866667
0.0650133333
0.0659733333
0.0649600000
0.0692800000
0.0701333333
0.0660800000
0.0668800000
0.0691733333
0.0720000000
0.0769066667
0.0691733333
0.0688533333
0.0733333333
0.0713066667
0.0725866667
0.0790400000
0.0713066667
0.0732266667
0.0762666667
0.0796800000
0.0787733333
0.0797333333
0.0805866667
0.0771733333
0.0792000000
0.0812800000
0.0814400000
0.0914666667
0.0875733333
0.0914666667
0.0901866667
0.0955200000
0.0922666667
0.0921066667
0.0909866667
0.0979733333
0.0958400000
0.1116800000
0.1124800000
0.1147200000
0.1251733333
0.1205866667
0.1163733333
0.1180266667
0.1181866667
0.1515200000
0.2643200000
0.2779733333
0.2799466667
0.2903466667
0.2301333333
0.1224000000
0.0862400000
0.0761600000
0.0699200000
0.0744000000
0.0721066667
0.0769066667
0.0794133333
0.0757866667
0.0702933333
0.0822933333
0.0778133333
0.0727466667
0.0731733333
0.0733866667
0.0766400000
0.0786133333
0.0780266667
0.0880533333
0.0823466667
0.0894933333
0.0866133333
0.0857600000
0.0805866667
0.0835200000
0.0854400000
0.0914666667
0.0758400000
0.0796800000
0.0788800000
0.0794133333
0.0761066667
0.0762666667
0.0777066667
0.0795733333
0.0764266667
0.0694933333
0.0782933333
0.0811200000
0.0749333333
0.0758400000
0.0844800000
0.0769066667
0.0813866667
0.0802666667
0.0900266667
0.0792533333
0.0790400000
0.0875733333
0.0852800000
0.0893333333
0.0994666667
0.0913066667
0.0909866667
0.0966933333
0.1005866667
0.0981333333
0.0917866667
0.0986133333
0.0971733333
0.0919466667
0.0979733333
0.0991466667
0.0936000000
0.1126400000
0.1173333333
0.1162133333
0.1236800000
0.1246933333
0.1243733333
0.1157333333
0.1209066667
0.1083733333
0.1093866667
0.1095466667
0.1046400000
0.1078933333
0.1020266667
0.0965333333
0.1128000000
0.1064533333
0.1059733333
0.1097066667
0.1049600000
0.1017066667
0.1002666667
0.0905066667
0.0953600000
0.0929600000
0.0929600000
0.0854400000
0.0846400000
0.0802666667
0.0769066667
0.0616000000
0.0678933333
0.0652800000
0.0627200000
0.0627200000
0.0569600000
0.0603733333
0.0605333333
0.0580800000
0.0541866667
0.0458986667
0.0488266667
0.0454080000
0.0462240000
0.0441920000
0.0426453333
0.0394293333
0.0434560000
0.0368640000
0.0359306667
0.0350773333
0.0347893333
0.0270186667
0.0310080000
0.0336906667
0.0241280000
0.0248640000
0.0227040000
0.0225440000
0.0224586667
0.0162773333
0.0167840000
0.0157280000
0.0168853333
0.0144426667
0.0118400000
0.0158506667
0.0140800000
0.0127786667
0.0131840000
0.0121440000
0.0129600000
0.0121280000
0.0116800000
0.0137120000
0.0127146667
0.0124106667
0.0121440000
0.0107200000
0.0114133333
0.0111893333
0.0110293333
0.0116373333
0.0117813333
0.0103146667
0.0080480000
0.0092160000
0.0085866667
0.0063466667
0.0070720000
0.0088480000
0.0074986667
0.0093173333
0.0068586667
0.0085226667
0.0089920000
0.0068746667
0.0081066667
0.0059093333
0.0072533333
0.0077386667
0.0069760000
0.0053600000
0.0045728000
0.0011749333
0.0005187733
0.0012106667
0.0028176000
0.0065493333
0.0064693333
0.0070613333
0.0067040000
0.0070506667
0.0050762667
0.0058613333
0.0081706667
0.0072853333
0.0068746667
0.0092853333
0.0068640000
0.0073013333
0.0071093333
0.0083413333
0.0079146667
0.0089493333
0.0069866667
0.0098346667
0.0107040000
0.0090026667
0.0120640000
0.0101813333
0.0115360000
0.0125920000
0.0127146667
0.0123893333
0.0121066667
0.0132266667
0.0128160000
0.0109866667
0.0148906667
0.0168853333
0.0143413333
0.0127573333
0.0144053333
0.0146293333
0.0135093333
0.0175146667
0.0169866667
0.0157653333
0.0197760000
0.0186346667
0.0195946667
0.0208106667
0.0196533333
0.0225013333
0.0184746667
0.0212426667
0.0261226667
0.0256373333
0.0265706667
0.0273440000
0.0279520000
0.0262453333
0.0303573333
0.0289280000
0.0325120000
0.0325546667
0.0325920000
0.0339360000
0.0354400000
0.0344640000
0.0365013333
0.0367040000
0.0343040000
0.0397973333
0.0378026667
0.0336533333
0.0337333333
0.0365013333
0.0362133333
0.0380426667
0.0367040000
0.0358453333
0.0413386667
0.0363360000
0.0404480000
0.0377173333
0.0398346667
0.0417493333
0.0418293333
0.0416266667
0.0381280000
0.0432106667
0.0438613333
0.0417493333
0.0427253333
0.0408106667
0.0432106667
0.0423200000
0.0415040000
0.0456533333
0.0431306667
0.0431306667
0.0407733333
0.0502133333
0.0463893333
0.0461440000
0.0000000100
0.0000000100
0.0000000100
0.0000000100
0.0000000100
0.0000000100
0.0000000100
0.0000000100
0.0000000100
0.0000000100
0.0000000100
0.0000000100
0.0000000100
0.0000000100
0.0000000100
0.0000000100
0.0000000100
0.0000000100
0.0000000100
0.0000000100
0.0000000100
0.0000000100
0.0000000100
0.0000000100
0.0000000100
0.0000000100
0.0000000100
0.0000000100
0.0000000100
0.0000000100
0.0000000100
0.0000000100
0.0000000100
0.0000000100
0.0000000100
0.0000000100
0.0000000100
0.0000000100
0.0000000100
0.0000000100
0.0000000100
0.0000000100
0.0000000100
0.0000000100
0.0000000100
0.0000000100
0.0000000100
0.0000000100
0.0000000100
0.0000000100
0.0000000100
0.0000000100
0.0000000100
0.0000000100
0.0000000100
0.0000000100
0.0000000100
0.0000000100
0.0000000100
0.0000000100
0.0000000100
0.0000000100
0.0000000100
0.0000000100
0.0000000100
0.0000000100
0.0000000100
0.0000000100
0.0000000100
0.0000000100
0.0000000100
0.0000000100
0.0000000100
0.0000000100
0.0000000100
0.0000000100
0.0000000100
0.0000000100
0.0000000100
0.0000000100
0.0000000100
0.0000000100
0.0000000100
0.0000000100
0.0000000100
0.0000000100
0.0000000100
0.0000000100
0.0000000100
0.0000000100
0.0000000100
0.0000000100
0.0000000100
0.0000000100
0.0000000100
0.0000000100
0.0000000100
0.0000000100
0.0000000100
0.0000000100
0.0000000100
0.0000000100
0.0000000100
0.0000000100
0.0000000100
0.0000000100
0.0000000100
0.0000000100
0.0000000100
0.0000000100
0.0000000100
0.0000000100
0.0000000100
0.0000000100
0.0000000100
0.0000000100
0.0000000100
0.0000000100
0.0000000100
0.0000000100
0.0000000100
0.0000000100
0.0000000100
0.0000000100
0.0000000100
0.0000000100
0.0000000100
0.0000000100
0.0000000100
0.0000000100
0.0000000100
0.0000000100
0.0000000100
0.0000000100
0.0000000100
0.0000000100
0.0000000100
0.0000000100
0.0000000100
0.0000000100
0.0000000100
0.0000000100
0.0000000100
0.0000000100
0.0000000100
0.0000000100
0.0000000100
0.0000000100
0.0000000100
0.0000000100
0.0000000100
0.0000000100
0.0000000100
0.0000000100
0.0000000100
0.0000000100
0.0000000100
0.0000000100
0.0000000100
0.0000000100
0.0000000100
0.0000000100
0.0000000100
0.0000000100
0.0000000100
0.0000000100
0.0000000100
0.0000000100
0.0000000100
0.0000000100
0.0000000100
0.0000000100
0.0000000100
0.0000000100
0.0000000100
0.0000000100
0.0000000100
0.0000000100
0.0000000100
0.0000000100
0.0000000100
0.0000000100
0.0000000100
0.0000000100
0.0000000100
0.0000000100
0.0000000100
0.0000000100
0.0000000100
0.0000000100
0.0000000100
0.0000000100
0.0000000100
0.0000000100
0.0000000100
0.0000000100
0.0000000100
0.0000000100
0.0000000100
0.0000000100
0.0000000100
0.0000000100
0.0000000100
0.0000000100
0.0000000100
0.0000000100
0.0000000100
0.0000000100
0.0000000100
0.0000000100
0.0000000100
0.0000000100
0.0000000100
0.0000000100
0.0000000100
0.0000000100
0.0000000100
0.0000000100
0.0000000100
0.0000000100
0.0000000100
0.0000000100
0.0000000100
0.0000000100
0.0000000100
0.0000000100
0.0000000100
0.0000000100
0.0000000100
0.0000000100
0.0000000100
0.0000000100
0.0000000100
0.0000000100
0.0000000100
0.0000000100
0.0000000100
0.0000000100
0.0000000100
0.0000000100
0.0000000100
0.0000000100
0.0000000100
0.0000000100
0.0000000100
0.0000000100
0.0000000100
0.0000000100
0.0000000100
0.0000000100
0.0000000100
0.0000000100
0.0000000100
0.0000000100
0.0000000100
0.0000000100
0.0000000100
0.0000000100
0.0000000100
0.0000000100
0.0000000100
0.0000000100
0.0000000100
0.0000000100
0.0000000100
0.0000000100
0.0000000100
0.0000000100
0.0000000100
0.0000000100
0.0000000100
0.0000000100
0.0000000100
0.0000000100
0.0000000100
0.0000000100
0.0000000100
0.0000000100
0.0000000100
0.0000000100
0.0000000100
0.0000000100
0.0000000100
0.0000000100
0.0000000100
0.0000000100
0.0000000100
0.0000000100
0.0000000100
0.0000000100
0.0000000100
0.0000000100
0.0000000100
0.0000000100
0.0000000100
0.0000000100
0.0000000100
0.0000000100
0.0000000100
0.0000000100
0.0000000100
0.0000000100
0.0000000100
0.0000000100
0.0000000100
0.0000000100
0.0000000100
0.0000000100
0.0000000100
0.0000000100
0.0000000100
0.0000000100
0.0000000100
0.0000000100
0.0000000100
0.0000000100
0.0000000100
0.0000000100
0.0000000100
0.0000000100
0.0000000100
0.0000000100
0.0000000100
0.0000000100
0.0000000100
0.0000000100
0.0000000100
0.0000000100
0.0000000100
0.0000000100
0.0000000100
0.0000000100
0.0000000100
0.0000000100
0.0000000100
0.0000000100
0.0000000100
0.0000000100
0.0000000100
0.0000000100
0.0000000100
0.0000000100
0.0000000100
0.0000000100
0.0000000100
0.0000000100
0.0000000100
0.0000000100
0.0000000100
0.0000000100
0.0000000100
0.0000000100
0.0000000100
0.0000000100
0.0000000100
0.0000000100
0.0000000100
0.0000000100
0.0000000100
0.0000000100
0.0000000100
0.0000000100
0.0000000100
0.0000000100
0.0000000100
0.0000000100
0.0000000100
0.0000000100
