1.0000000000
1.0000000000
0.5991773309
0.6937842779
0.8313528336
1.0000000000
1.0000000000
1.0000000000
0.7714808044
0.7449725777
0.9666361974
1.0000000000
1.0000000000
1.0000000000
1.0000000000
0.7184643510
0.9469835466
1.0000000000
1.0000000000
1.0000000000
0.7212065814
0.6745886654
0.6270566728
1.0000000000
1.0000000000
1.0000000000
1.0000000000
0.8912248629
1.0000000000
1.0000000000
1.0000000000
1.0000000000
0.7627970750
0.9638939671
0.8925959781
1.0000000000
1.0000000000
1.0000000000
0.6814442413
0.6165447898
0.9830895795
1.0000000000
1.0000000000
1.0000000000
0.7070383912
0.6553930530
1.0000000000
1.0000000000
1.0000000000
0.9917733090
0.6471663620
0.6165447898
0.9707495430
1.0000000000
1.0000000000
1.0000000000
1.0000000000
0.6366544790
1.0000000000
1.0000000000
1.0000000000
1.0000000000
0.7184643510
0.5598720293
1.0000000000
1.0000000000
0.9890310786
0.8021023766
0.7614259598
0.6604204753
0.6576782450
1.0000000000
0.9931444241
1.0000000000
1.0000000000
0.6229433272
0.5804387569
1.0000000000
1.0000000000
0.6288848263
0.8007312614
0.8564899452
0.8564899452
1.0000000000
0.7463436929
1.0000000000
1.0000000000
1.0000000000
1.0000000000
1.0000000000
1.0000000000
1.0000000000
1.0000000000
1.0000000000
1.0000000000
1.0000000000
1.0000000000
1.0000000000
1.0000000000
1.0000000000
1.0000000000
1.0000000000
1.0000000000
1.0000000000
1.0000000000
1.0000000000
1.0000000000
1.0000000000
1.0000000000
1.0000000000
1.0000000000
1.0000000000
1.0000000000
1.0000000000
1.0000000000
1.0000000000
1.0000000000
1.0000000000
1.0000000000
1.0000000000
1.0000000000
1.0000000000
1.0000000000
1.0000000000
1.0000000000
1.0000000000
1.0000000000
1.0000000000
1.0000000000
1.0000000000
1.0000000000
1.0000000000
1.0000000000
1.0000000000
1.0000000000
1.0000000000
1.0000000000
1.0000000000
1.0000000000
1.0000000000
1.0000000000
1.0000000000
1.0000000000
1.0000000000
1.0000000000
1.0000000000
1.0000000000
1.0000000000
1.0000000000
1.0000000000
1.0000000000
1.0000000000
1.0000000000
1.0000000000
1.0000000000
1.0000000000
1.0000000000
1.0000000000
1.0000000000
1.0000000000
1.0000000000
1.0000000000
1.0000000000
1.0000000000
0.8912248629
0.8048446069
0.6860146252
0.7586837294
0.9081352834
1.0000000000
1.0000000000
1.0000000000
1.0000000000
0.9040219378
0.7225776965
1.0000000000
1.0000000000
1.0000000000
0.9721206581
0.6736745887
0.7404021938
1.0000000000
1.0000000000
1.0000000000
0.7065813528
0.7952468007
1.0000000000
1.0000000000
1.0000000000
0.7545703839
0.6435100548
0.6471663620
0.6462522852
1.0000000000
1.0000000000
1.0000000000
0.7097806216
0.9789762340
0.6138025594
1.0000000000
1.0000000000
1.0000000000
0.8354661792
0.7810786106
1.0000000000
1.0000000000
1.0000000000
1.0000000000
0.6869287020
0.7097806216
1.0000000000
1.0000000000
1.0000000000
0.8007312614
0.7810786106
0.8199268739
0.6892138940
0.7559414991
0.7559414991
1.0000000000
1.0000000000
0.9442413163
1.0000000000
1.0000000000
1.0000000000
1.0000000000
1.0000000000
0.7212065814
0.9469835466
1.0000000000
1.0000000000
1.0000000000
1.0000000000
1.0000000000
0.8103290676
1.0000000000
1.0000000000
0.7742230347
0.7669104205
0.8606032907
0.8775137112
1.0000000000
1.0000000000
1.0000000000
0.8884826325
0.9693784278
1.0000000000
1.0000000000
1.0000000000
1.0000000000
1.0000000000
0.8761425960
0.8021023766
1.0000000000
1.0000000000
1.0000000000
0.7979890311
0.8523765996
1.0000000000
1.0000000000
1.0000000000
0.7934186472
0.8395795247
1.0000000000
1.0000000000
0.7783363803
0.7573126143
1.0000000000
1.0000000000
1.0000000000
1.0000000000
1.0000000000
0.7979890311
0.7134369287
0.9401279707
1.0000000000
1.0000000000
0.7093235832
0.8117001828
1.0000000000
1.0000000000
1.0000000000
0.8244972578
1.0000000000
1.0000000000
1.0000000000
1.0000000000
0.9305301645
1.0000000000
1.0000000000
1.0000000000
0.7518281536
0.7573126143
1.0000000000
1.0000000000
1.0000000000
0.7349177331
0.8395795247
0.7225776965
0.8034734918
0.7362888483
1.0000000000
1.0000000000
0.7783363803
0.9287020110
1.0000000000
1.0000000000
1.0000000000
0.9081352834
1.0000000000
1.0000000000
0.7490859232
0.8939670932
1.0000000000
1.0000000000
0.8715722121
0.9945155393
0.9666361974
1.0000000000
1.0000000000
1.0000000000
0.8898537477
0.9319012797
0.8450639854
0.9469835466
1.0000000000
1.0000000000
1.0000000000
0.7253199269
0.7669104205
0.7728519196
1.0000000000
1.0000000000
1.0000000000
0.7106946984
0.7824497258
0.9177330896
1.0000000000
1.0000000000
1.0000000000
0.6896709324
1.0000000000
1.0000000000
1.0000000000
1.0000000000
0.7783363803
0.7669104205
1.0000000000
1.0000000000
1.0000000000
1.0000000000
1.0000000000
0.9387568556
1.0000000000
1.0000000000
1.0000000000
1.0000000000
1.0000000000
1.0000000000
1.0000000000
1.0000000000
1.0000000000
1.0000000000
1.0000000000
1.0000000000
1.0000000000
1.0000000000
1.0000000000
1.0000000000
1.0000000000
1.0000000000
1.0000000000
1.0000000000
1.0000000000
1.0000000000
1.0000000000
1.0000000000
1.0000000000
1.0000000000
1.0000000000
1.0000000000
1.0000000000
1.0000000000
1.0000000000
1.0000000000
1.0000000000
1.0000000000
1.0000000000
1.0000000000
1.0000000000
1.0000000000
1.0000000000
1.0000000000
1.0000000000
1.0000000000
1.0000000000
1.0000000000
1.0000000000
1.0000000000
1.0000000000
1.0000000000
1.0000000000
1.0000000000
1.0000000000
1.0000000000
1.0000000000
1.0000000000
1.0000000000
1.0000000000
1.0000000000
1.0000000000
1.0000000000
1.0000000000
1.0000000000
1.0000000000
1.0000000000
1.0000000000
1.0000000000
1.0000000000
1.0000000000
1.0000000000
1.0000000000
1.0000000000
1.0000000000
1.0000000000
1.0000000000
1.0000000000
1.0000000000
1.0000000000
1.0000000000
1.0000000000
1.0000000000
1.0000000000
1.0000000000
1.0000000000
1.0000000000
1.0000000000
1.0000000000
1.0000000000
1.0000000000
1.0000000000
1.0000000000
1.0000000000
1.0000000000
1.0000000000
1.0000000000
1.0000000000
1.0000000000
1.0000000000
1.0000000000
1.0000000000
1.0000000000
1.0000000000
1.0000000000
1.0000000000
1.0000000000
1.0000000000
1.0000000000
1.0000000000
1.0000000000
1.0000000000
1.0000000000
1.0000000000
1.0000000000
1.0000000000
1.0000000000
1.0000000000
1.0000000000
1.0000000000
1.0000000000
1.0000000000
1.0000000000
1.0000000000
1.0000000000
1.0000000000
1.0000000000
1.0000000000
1.0000000000
1.0000000000
1.0000000000
1.0000000000
1.0000000000
1.0000000000
1.0000000000
1.0000000000
1.0000000000
1.0000000000
1.0000000000
1.0000000000
1.0000000000
1.0000000000
1.0000000000
1.0000000000
1.0000000000
1.0000000000
1.0000000000
1.0000000000
1.0000000000
1.0000000000
1.0000000000
1.0000000000
1.0000000000
0.0000000100
0.0000000100
0.0000000100
0.0000000100
0.0000000100
0.0000000100
0.0000000100
0.0000000100
0.0000000100
0.0000000100
0.0000000100
0.0000000100
0.0000000100
0.0000000100
0.0000000100
0.0000000100
0.0000000100
0.0000000100
0.0000000100
0.0000000100
0.0000000100
0.0000000100
0.0000000100
0.0000000100
0.0000000100
0.0000000100
0.0000000100
0.0000000100
0.0000000100
0.0000000100
0.0000000100
0.0000000100
0.0000000100
0.0000000100
0.0000000100
0.0000000100
0.0000000100
0.0000000100
0.0000000100
0.0000000100
0.0000000100
0.0000000100
0.0000000100
0.0000000100
0.0000000100
0.0000000100
0.0000000100
0.0000000100
0.0000000100
0.0000000100
0.0000000100
0.0000000100
0.0000000100
0.0000000100
0.0000000100
0.0000000100
0.0000000100
0.0000000100
0.0000000100
0.0000000100
0.0000000100
0.0000000100
0.0000000100
0.0000000100
0.0000000100
0.0000000100
0.0000000100
0.0000000100
0.0000000100
0.0000000100
0.0000000100
0.0000000100
0.0000000100
0.0000000100
0.0000000100
0.0000000100
0.0000000100
0.0000000100
0.0000000100
0.0000000100
0.0000000100
0.0000000100
0.0000000100
0.0000000100
0.0000000100
0.0000000100
0.0000000100
0.0000000100
0.0000000100
0.0000000100
0.0000000100
0.0000000100
0.0000000100
0.0000000100
0.0000000100
0.0000000100
0.0000000100
0.0000000100
0.0000000100
0.0000000100
0.0000000100
0.0000000100
0.0000000100
0.0000000100
0.0000000100
0.0000000100
0.0000000100
0.0000000100
0.0000000100
0.0000000100
0.0000000100
0.0000000100
0.0000000100
0.0000000100
0.0000000100
0.0000000100
0.0000000100
0.0000000100
0.0000000100
0.0000000100
0.0000000100
0.0000000100
0.0000000100
0.0000000100
0.0000000100
0.0000000100
0.0000000100
0.0000000100
0.0000000100
0.0000000100
0.0000000100
0.0000000100
0.0000000100
0.0000000100
0.0000000100
0.0000000100
0.0000000100
0.0000000100
0.0000000100
0.0000000100
0.0000000100
0.0000000100
0.0000000100
0.0000000100
0.0000000100
0.0000000100
0.0000000100
0.0000000100
0.0000000100
0.0000000100
0.0000000100
0.0000000100
0.0000000100
0.0000000100
0.0000000100
0.0000000100
0.0000000100
0.0000000100
0.0000000100
0.0000000100
0.0000000100
0.0000000100
0.0000000100
0.0000000100
0.0000000100
0.0000000100
0.0000000100
0.0000000100
0.0000000100
0.0000000100
0.0000000100
0.0000000100
0.0000000100
0.0000000100
0.0000000100
0.0000000100
0.0000000100
0.0000000100
0.0000000100
0.0000000100
0.0000000100
0.0000000100
0.0000000100
0.0000000100
0.0000000100
0.0000000100
0.0000000100
0.0000000100
0.0000000100
0.0000000100
0.0000000100
0.0000000100
0.0000000100
0.0000000100
0.0000000100
0.0000000100
0.0000000100
0.0000000100
0.0000000100
0.0000000100
0.0000000100
0.0000000100
0.0000000100
0.0000000100
0.0000000100
0.0000000100
0.0000000100
0.0000000100
0.0000000100
0.0000000100
0.0000000100
0.0000000100
0.0000000100
0.0000000100
0.0000000100
0.0000000100
0.0000000100
0.0000000100
0.0000000100
0.0000000100
0.0000000100
0.0000000100
0.0000000100
0.0000000100
0.0000000100
0.0000000100
0.0000000100
0.0000000100
0.0000000100
0.0000000100
0.0000000100
0.0000000100
0.0000000100
0.0000000100
0.0000000100
0.0000000100
0.0000000100
0.0000000100
0.0000000100
0.0000000100
0.0000000100
0.0000000100
0.0000000100
0.0000000100
0.0000000100
0.0000000100
0.0000000100
0.0000000100
0.0000000100
0.0000000100
0.0000000100
0.0000000100
0.0000000100
0.0000000100
0.0000000100
0.0000000100
0.0000000100
0.0000000100
0.0000000100
0.0000000100
0.0000000100
0.0000000100
0.0000000100
0.0000000100
0.0000000100
0.0000000100
0.0000000100
0.0000000100
0.0000000100
0.0000000100
0.0000000100
0.0000000100
0.0000000100
0.0000000100
0.0000000100
0.0000000100
0.0000000100
0.0000000100
0.0000000100
0.0000000100
0.0000000100
0.0000000100
0.0000000100
0.0000000100
0.0000000100
0.0000000100
0.0000000100
0.0000000100
0.0000000100
0.0000000100
0.0000000100
0.0000000100
0.0000000100
0.0000000100
0.0000000100
0.0000000100
0.0000000100
0.0000000100
0.0000000100
0.0000000100
0.0000000100
0.0000000100
0.0000000100
0.0000000100
0.0000000100
0.0000000100
0.0000000100
0.0000000100
0.0000000100
0.0000000100
0.0000000100
0.0000000100
0.0000000100
0.0000000100
0.0000000100
0.0000000100
0.0000000100
0.0000000100
0.0000000100
0.0000000100
0.0000000100
0.0000000100
0.0000000100
0.0000000100
0.0000000100
0.0000000100
0.0000000100
0.0000000100
0.0000000100
0.0000000100
0.0000000100
0.0000000100
0.0000000100
0.0000000100
0.0000000100
0.0000000100
0.0000000100
0.0000000100
0.0000000100
0.0000000100
0.0000000100
0.0000000100
0.0000000100
0.0000000100
0.0000000100
0.0000000100
0.0000000100
0.0000000100
0.0000000100
0.0000000100
0.0000000100
0.0000000100
0.0000000100
0.0000000100
0.0000000100
0.0000000100
0.0000000100
0.0000000100
0.0000000100
0.0000000100
0.0000000100
0.0000000100
0.0000000100
0.0000000100
0.0000000100
0.0000000100
0.0000000100
0.0000000100
