0.2672686230
0.2310948081
0.2400677201
0.2345372460
0.2097629797
0.2132054176
0.2076749436
0.2352708804
0.2149548533
0.2059819413
0.2025395034
0.1737584650
0.1815462754
0.1884311512
0.1894469526
0.1928893905
0.1718961625
0.1427765237
0.1534424379
0.1458803612
0.1681151242
0.1417607223
0.1586343115
0.1636004515
0.1804740406
0.1818848758
0.2011286682
0.2138826185
0.2042325056
0.1677200903
0.1853273138
0.2176636569
0.2879796840
0.4091986456
0.4698081264
0.5166478555
0.4650112867
0.5283860045
0.4766930023
0.4415914221
0.5566027088
0.5152934537
0.5242663657
0.5015237020
0.4436230248
0.4670428894
0.4946388262
0.4760158014
0.5028781038
0.5118510158
0.5049661400
0.4684537246
0.4980812641
0.4746613995
0.5104401806
0.5028781038
0.4856659142
0.5132054176
0.5400677201
0.5682844244
0.5750564334
0.4174379233
0.5566027088
0.5373024831
0.5008465011
0.5097629797
0.4284988713
0.4691309255
0.5042889391
0.4539503386
0.4498306998
0.4457110609
0.4512415350
0.4953160271
0.4663656885
0.4843115124
0.4704853273
0.5028781038
0.4753386005
0.4270880361
0.4525959368
0.4650112867
0.4250564334
0.4312641084
0.2549097065
0.3919864560
0.3809255079
0.3540632054
0.4601580135
0.5352708804
0.4973476298
0.4463882619
0.4656884876
0.4284988713
0.4023137698
0.4229683973
0.4319413093
0.4339729120
0.4216139955
0.4174379233
0.4195259594
0.4560383747
0.4415914221
0.4002257336
0.4078442438
0.4195259594
0.4498306998
0.4085214447
0.4044018059
0.4085214447
0.4388261851
0.4326185102
0.3933408578
0.4305304740
0.4636004515
0.5511286682
0.4739277652
0.4650112867
0.4250564334
0.4098758465
0.4367381490
0.5049661400
0.4167607223
0.4450338600
0.4725733634
0.5215011287
0.6111738149
0.6422121896
0.5469525959
0.4815462754
0.3885440181
0.4284988713
0.4422686230
0.4629232506
0.3995485327
0.3685665914
0.3995485327
0.4718961625
0.4601580135
0.4181715576
0.4044018059
0.4016365688
0.3961060948
0.4044018059
0.4023137698
0.4098758465
0.4139954853
0.4395033860
0.3658013544
0.3547968397
0.3561512415
0.3240970655
0.3520316027
0.4236455982
0.3913092551
0.3892212190
0.3878668172
0.3961060948
0.4091986456
0.3440744921
0.3630361174
0.3461625282
0.3213882619
0.3506207675
0.4044018059
0.3926636569
0.3303047404
0.4208803612
0.3864559819
0.3413656885
0.3168735892
0.3365124153
0.4133182844
0.3713318284
0.3616817156
0.3954288939
0.4291760722
0.4284988713
0.5042889391
0.5042889391
0.5001128668
0.5152934537
0.4746613995
0.4546839729
0.4643340858
0.4519187359
0.4160835214
0.4450338600
0.4615688488
0.4712189616
0.4953160271
0.5200902935
0.5166478555
0.5118510158
0.4808690745
0.5262979684
0.4946388262
0.5269751693
0.5572799097
0.5449209932
0.5262979684
0.5518058691
0.5387133183
0.5518058691
0.5269751693
0.5042889391
0.5015237020
0.4849887133
0.4835778781
0.5166478555
0.5077313770
0.6151241535
0.5953724605
0.5035553047
0.5998871332
0.5015237020
0.5338600451
0.4546839729
0.4911963883
0.5366252822
0.5215011287
0.5400677201
0.4877539503
0.5256207675
0.4629232506
0.4932279910
0.5215011287
0.5008465011
0.5015237020
0.5200902935
0.4939051919
0.5366252822
0.5352708804
0.5290632054
0.5462753950
0.5552483070
0.5705417607
0.5090857788
0.5215011287
0.4973476298
0.5008465011
0.4959932280
0.4477990971
0.4670428894
0.4732505643
0.4753386005
0.4636004515
0.4305304740
0.3947516930
0.4195259594
0.4388261851
0.4160835214
0.4181715576
0.4870203160
0.5132054176
0.4588036117
0.4567155756
0.4939051919
0.4732505643
0.4677765237
0.4636004515
0.4395033860
0.4491534989
0.4470654628
0.4650112867
0.4071106095
0.4670428894
0.4443566591
0.4326185102
0.4222911964
0.4684537246
0.4897855530
0.4677765237
0.4718961625
0.4216139955
0.4525959368
0.4298532731
0.3940180587
0.4139954853
0.4470654628
0.3878668172
0.4250564334
0.4684537246
0.4291760722
0.4381489842
0.4216139955
0.4381489842
0.4291760722
0.4091986456
0.4512415350
0.4573927765
0.4753386005
0.4532731377
0.4126410835
0.4429458239
0.4663656885
0.5015237020
0.5654627540
0.5373024831
0.4360609481
0.5056433409
0.4739277652
0.4339729120
0.4381489842
0.5069977427
0.4884311512
0.4463882619
0.4257336343
0.3802483070
0.4202031603
0.4422686230
0.4016365688
0.3554740406
0.2841422122
0.3151805869
0.3740406321
0.3795711061
0.3051918736
0.3127539503
0.2514672686
0.2872460497
0.2955417607
0.3248306998
0.2717832957
0.3272009029
0.3454853273
0.2910270880
0.3079571106
0.3151805869
0.2875846501
0.3475169300
0.3265237020
0.2638261851
0.2414785553
0.2514672686
0.3802483070
0.3589164786
0.4243792325
0.4415914221
0.3320541761
0.3237584650
0.3857787810
0.3967832957
0.3492663657
0.3045146727
0.3258465011
0.3275395034
0.3678893905
0.3713318284
0.3479119639
0.2993227991
0.2638261851
0.4222911964
0.4505079007
0.4457110609
0.3461625282
0.3774830700
0.3933408578
0.3289503386
0.3678893905
0.3644469526
0.3685665914
0.3396162528
0.3898984199
0.4029909707
0.3782167043
0.3974604966
0.3616817156
0.4016365688
0.3589164786
0.4154063205
0.3602708804
0.3664785553
0.3348194131
0.3000000000
0.2821106095
0.2779909707
0.2831264108
0.2562641084
0.2580135440
0.2875846501
0.2786681716
0.3027652370
0.3048532731
0.3471783296
0.3954288939
0.4029909707
0.3761286682
0.3671557562
0.3740406321
0.3954288939
0.4085214447
0.4374153499
0.3720090293
0.3836907449
0.4050790068
0.4160835214
0.2435101580
0.4105530474
0.3974604966
0.4470654628
0.5125282167
0.4622460497
0.4822234763
0.4643340858
0.4374153499
0.3871331828
0.4401805869
0.4546839729
0.5028781038
0.4560383747
0.4594808126
0.4347065463
0.4360609481
0.4712189616
0.4691309255
0.4870203160
0.5138826185
0.4546839729
0.4415914221
0.4704853273
0.4567155756
0.4126410835
0.4367381490
0.4174379233
0.4181715576
0.4257336343
0.4539503386
0.4849887133
0.4704853273
0.4573927765
0.4588036117
0.4284988713
0.4401805869
0.5090857788
0.5366252822
0.5442437923
0.5187358916
0.5118510158
0.4904627540
0.5366252822
0.4959932280
0.5084085779
0.5586907449
0.4946388262
0.4849887133
0.4360609481
0.3995485327
0.4388261851
0.4897855530
0.4918735892
0.4264108352
0.4202031603
0.4546839729
0.4691309255
0.4470654628
0.5111738149
0.5146162528
0.5593679458
0.5421557562
0.5654627540
0.4904627540
0.5242663657
0.5733634312
0.5739277652
0.5795711061
0.5699774266
0.4133182844
0.4897855530
0.4270880361
0.5387133183
0.4808690745
0.4388261851
0.4629232506
0.5408013544
0.5671557562
0.6156884876
0.6269751693
0.5936794582
0.6218961625
0.6032731377
0.6264108352
0.6151241535
0.5880361174
0.6405191874
0.6123024831
0.5559255079
0.5187358916
0.4202031603
0.6241534989
0.6123024831
0.5998871332
0.6168171558
0.6326185102
0.6309255079
0.5965011287
0.5304176072
0.4932279910
0.4553611738
0.4966704289
0.5981941309
0.4753386005
0.0000000100
0.0000000100
0.0000000100
0.0000000100
0.0000000100
0.0000000100
0.0000000100
0.0000000100
0.0000000100
0.0000000100
0.0000000100
0.0000000100
0.0000000100
0.0000000100
0.0000000100
0.0000000100
0.0000000100
0.0000000100
0.0000000100
0.0000000100
0.0000000100
0.0000000100
0.0000000100
0.0000000100
0.0000000100
0.0000000100
0.0000000100
0.0000000100
0.0000000100
0.0000000100
0.0000000100
0.0000000100
0.0000000100
0.0000000100
0.0000000100
0.0000000100
0.0000000100
0.0000000100
0.0000000100
0.0000000100
0.0000000100
0.0000000100
0.0000000100
0.0000000100
0.0000000100
0.0000000100
0.0000000100
0.0000000100
0.0000000100
0.0000000100
0.0000000100
0.0000000100
0.0000000100
0.0000000100
0.0000000100
0.0000000100
0.0000000100
0.0000000100
0.0000000100
0.0000000100
0.0000000100
0.0000000100
0.0000000100
0.0000000100
0.0000000100
0.0000000100
0.0000000100
0.0000000100
0.0000000100
0.0000000100
0.0000000100
0.0000000100
0.0000000100
0.0000000100
0.0000000100
0.0000000100
0.0000000100
0.0000000100
0.0000000100
0.0000000100
0.0000000100
0.0000000100
0.0000000100
0.0000000100
0.0000000100
0.0000000100
0.0000000100
0.0000000100
0.0000000100
0.0000000100
0.0000000100
0.0000000100
0.0000000100
0.0000000100
0.0000000100
0.0000000100
0.0000000100
0.0000000100
0.0000000100
0.0000000100
0.0000000100
0.0000000100
0.0000000100
0.0000000100
0.0000000100
0.0000000100
0.0000000100
0.0000000100
0.0000000100
0.0000000100
0.0000000100
0.0000000100
0.0000000100
0.0000000100
0.0000000100
0.0000000100
0.0000000100
0.0000000100
0.0000000100
0.0000000100
0.0000000100
0.0000000100
0.0000000100
0.0000000100
0.0000000100
0.0000000100
0.0000000100
0.0000000100
0.0000000100
0.0000000100
0.0000000100
0.0000000100
0.0000000100
0.0000000100
0.0000000100
0.0000000100
0.0000000100
0.0000000100
0.0000000100
0.0000000100
0.0000000100
0.0000000100
0.0000000100
0.0000000100
0.0000000100
0.0000000100
0.0000000100
0.0000000100
0.0000000100
0.0000000100
0.0000000100
0.0000000100
0.0000000100
0.0000000100
0.0000000100
0.0000000100
0.0000000100
0.0000000100
0.0000000100
0.0000000100
0.0000000100
0.0000000100
0.0000000100
0.0000000100
0.0000000100
0.0000000100
0.0000000100
0.0000000100
0.0000000100
0.0000000100
0.0000000100
0.0000000100
0.0000000100
0.0000000100
0.0000000100
0.0000000100
0.0000000100
0.0000000100
0.0000000100
0.0000000100
0.0000000100
0.0000000100
0.0000000100
0.0000000100
0.0000000100
0.0000000100
0.0000000100
0.0000000100
0.0000000100
0.0000000100
0.0000000100
0.0000000100
0.0000000100
0.0000000100
0.0000000100
0.0000000100
0.0000000100
0.0000000100
0.0000000100
0.0000000100
0.0000000100
0.0000000100
0.0000000100
0.0000000100
0.0000000100
0.0000000100
0.0000000100
0.0000000100
0.0000000100
0.0000000100
0.0000000100
0.0000000100
0.0000000100
0.0000000100
0.0000000100
0.0000000100
0.0000000100
0.0000000100
0.0000000100
0.0000000100
0.0000000100
0.0000000100
0.0000000100
0.0000000100
0.0000000100
0.0000000100
0.0000000100
0.0000000100
0.0000000100
0.0000000100
0.0000000100
0.0000000100
0.0000000100
0.0000000100
0.0000000100
0.0000000100
0.0000000100
0.0000000100
0.0000000100
0.0000000100
0.0000000100
0.0000000100
0.0000000100
0.0000000100
0.0000000100
0.0000000100
0.0000000100
0.0000000100
0.0000000100
0.0000000100
0.0000000100
0.0000000100
0.0000000100
0.0000000100
0.0000000100
0.0000000100
0.0000000100
0.0000000100
0.0000000100
0.0000000100
0.0000000100
0.0000000100
0.0000000100
0.0000000100
0.0000000100
0.0000000100
0.0000000100
0.0000000100
0.0000000100
0.0000000100
0.0000000100
0.0000000100
0.0000000100
0.0000000100
0.0000000100
0.0000000100
0.0000000100
0.0000000100
0.0000000100
0.0000000100
0.0000000100
0.0000000100
0.0000000100
0.0000000100
0.0000000100
0.0000000100
0.0000000100
0.0000000100
0.0000000100
0.0000000100
0.0000000100
0.0000000100
0.0000000100
0.0000000100
0.0000000100
0.0000000100
0.0000000100
0.0000000100
0.0000000100
0.0000000100
0.0000000100
0.0000000100
0.0000000100
0.0000000100
0.0000000100
0.0000000100
0.0000000100
0.0000000100
0.0000000100
0.0000000100
0.0000000100
0.0000000100
0.0000000100
0.0000000100
0.0000000100
0.0000000100
0.0000000100
0.0000000100
0.0000000100
0.0000000100
0.0000000100
0.0000000100
0.0000000100
0.0000000100
0.0000000100
0.0000000100
0.0000000100
0.0000000100
0.0000000100
0.0000000100
0.0000000100
0.0000000100
0.0000000100
0.0000000100
0.0000000100
0.0000000100
0.0000000100
0.0000000100
0.0000000100
0.0000000100
0.0000000100
0.0000000100
0.0000000100
0.0000000100
0.0000000100
0.0000000100
0.0000000100
0.0000000100
0.0000000100
0.0000000100
0.0000000100
0.0000000100
0.0000000100
0.0000000100
0.0000000100
0.0000000100
0.0000000100
0.0000000100
0.0000000100
0.0000000100
0.0000000100
0.0000000100
0.0000000100
0.0000000100
0.0000000100
0.0000000100
0.0000000100
0.0000000100
