0.0809066667
0.0808000000
0.0890133333
0.0859200000
0.0813866667
0.0814400000
0.0772266667
0.0854400000
0.0803200000
0.0819733333
0.0885333333
0.0866133333
0.0872533333
0.0749333333
0.0796800000
0.0761066667
0.0800533333
0.0816000000
0.0781333333
0.0808000000
0.0803200000
0.0856000000
0.0822933333
0.0849600000
0.0854400000
0.0780266667
0.0809066667
0.0812800000
0.0783466667
0.0749333333
0.0712000000
0.0708800000
0.0702933333
0.0708266667
0.0738666667
0.0675200000
0.0664000000
0.0691733333
0.0660800000
0.0620266667
0.0627200000
0.0611200000
0.0531413333
0.0532213333
0.0524906667
0.0476906667
0.0453280000
0.0499680000
0.0423200000
0.0464693333
0.0418293333
0.0413013333
0.0405706667
0.0343413333
0.0341813333
0.0352373333
0.0308426667
0.0306400000
0.0270613333
0.0301920000
0.0255520000
0.0225440000
0.0259200000
0.0206720000
0.0220533333
0.0221760000
0.0220960000
0.0188373333
0.0176000000
0.0156053333
0.0169280000
0.0142613333
0.0123893333
0.0144053333
0.0113120000
0.0131413333
0.0131040000
0.0131200000
0.0110880000
0.0127573333
0.0097866667
0.0103360000
0.0122080000
0.0097333333
0.0132853333
0.0107626667
0.0131626667
0.0132853333
0.0102666667
0.0111680000
0.0103146667
0.0108213333
0.0091360000
0.0113333333
0.0104373333
0.0113120000
0.0102933333
0.0083520000
0.0097546667
0.0070720000
0.0050250667
0.0078826667
0.0072426667
0.0090240000
0.0078240000
0.0067466667
0.0088213333
0.0076906667
0.0064106667
0.0058400000
0.0043434667
0.0076213333
0.0052693333
0.0068586667
0.0065013333
0.0066346667
0.0062773333
0.0052490667
0.0061546667
0.0079466667
0.0065120000
0.0074080000
0.0087093333
0.0066133333
0.0075360000
0.0083520000
0.0096746667
0.0097066667
0.0106186667
0.0112533333
0.0095946667
0.0131626667
0.0118826667
0.0095306667
0.0093973333
0.0115360000
0.0140586667
0.0116160000
0.0135520000
0.0144266667
0.0164586667
0.0153600000
0.0169653333
0.0117813333
0.0134666667
0.0153173333
0.0153013333
0.0163573333
0.0143413333
0.0172906667
0.0180853333
0.0164586667
0.0203466667
0.0194293333
0.0229066667
0.0217706667
0.0228693333
0.0200213333
0.0239253333
0.0256373333
0.0320640000
0.0436213333
0.0476053333
0.0473653333
0.0511093333
0.0492373333
0.0537066667
0.0555733333
0.0558933333
0.0527360000
0.0560000000
0.0600000000
0.0620266667
0.0587733333
0.0608000000
0.0673600000
0.0634133333
0.0713066667
0.0677333333
0.0662400000
0.0708266667
0.0663466667
0.0697600000
0.0725866667
0.0757866667
0.0729066667
0.0733333333
0.0719466667
0.0726933333
0.0726933333
0.0795200000
0.0747200000
0.0716800000
0.0813866667
0.0725866667
0.0763200000
0.0744533333
0.0790933333
0.0852800000
0.0818133333
0.0764800000
0.0795200000
0.0844800000
0.0816000000
0.0818133333
0.0877333333
0.0917866667
0.0900266667
0.0903466667
0.0931200000
0.0905066667
0.0921066667
0.0971733333
0.0940800000
0.0976533333
0.1052800000
0.0987733333
0.0974933333
0.1116800000
0.1111466667
0.1077333333
0.1035200000
0.1150933333
0.1018666667
0.1005866667
0.1434133333
0.2369600000
0.2434666667
0.2643200000
0.2623466667
0.2210133333
0.1241600000
0.0880533333
0.0822933333
0.0722666667
0.0792000000
0.0782933333
0.0757866667
0.0787200000
0.0779733333
0.0769600000
0.0730133333
0.0775466667
0.0766400000
0.0756800000
0.0763200000
0.0824533333
0.0769066667
0.0792000000
0.0766400000
0.0795733333
0.0761600000
0.0787733333
0.0801600000
0.0800000000
0.0772266667
0.0832533333
0.0769066667
0.0757866667
0.0747200000
0.0763200000
0.0730666667
0.0796800000
0.0830933333
0.0760000000
0.0750933333
0.0798933333
0.0800000000
0.0829866667
0.0859200000
0.0829333333
0.0812800000
0.0812266667
0.0860800000
0.0872533333
0.0897066667
0.0811200000
0.0800000000
0.0894933333
0.0864000000
0.0922666667
0.0906666667
0.0931200000
0.0934400000
0.0952000000
0.0932800000
0.0958400000
0.1103466667
0.1032000000
0.1024000000
0.1051200000
0.0958400000
0.1002666667
0.0971733333
0.1032000000
0.1036800000
0.1025600000
0.1097066667
0.1126400000
0.1123200000
0.1069333333
0.1028800000
0.1054933333
0.1085866667
0.1022400000
0.1095466667
0.1111466667
0.1162133333
0.1044800000
0.1085866667
0.1056533333
0.1036800000
0.1020266667
0.1004266667
0.0950400000
0.0867733333
0.0929600000
0.0897066667
0.0891733333
0.0857600000
0.0856000000
0.0820266667
0.0813866667
0.0706133333
0.0721600000
0.0667200000
0.0623466667
0.0652800000
0.0667200000
0.0601600000
0.0636266667
0.0617600000
0.0558933333
0.0554133333
0.0547733333
0.0495626667
0.0493973333
0.0482560000
0.0449226667
0.0419946667
0.0427253333
0.0422346667
0.0429706667
0.0377600000
0.0371893333
0.0375146667
0.0318613333
0.0273440000
0.0291360000
0.0312480000
0.0265280000
0.0259626667
0.0238026667
0.0210773333
0.0201813333
0.0194880000
0.0185546667
0.0180853333
0.0173120000
0.0147306667
0.0128800000
0.0142026667
0.0148746667
0.0134293333
0.0115946667
0.0113920000
0.0140160000
0.0164160000
0.0154026667
0.0124320000
0.0136320000
0.0130186667
0.0121653333
0.0113546667
0.0117813333
0.0108053333
0.0107840000
0.0120853333
0.0104160000
0.0087360000
0.0106826667
0.0104053333
0.0086880000
0.0082880000
0.0086186667
0.0100426667
0.0104800000
0.0085653333
0.0082880000
0.0086186667
0.0084853333
0.0098080000
0.0082986667
0.0065226667
0.0072000000
0.0087893333
0.0058506667
0.0073973333
0.0058186667
0.0009461333
0.0008597333
0.0031381333
0.0040485333
0.0059413333
0.0090240000
0.0078453333
0.0101706667
0.0075093333
0.0040181333
0.0052896000
0.0080480000
0.0084640000
0.0078720000
0.0069600000
0.0081706667
0.0095840000
0.0074560000
0.0087573333
0.0089600000
0.0096106667
0.0098666667
0.0117173333
0.0110293333
0.0125546667
0.0129813333
0.0112906667
0.0159733333
0.0162560000
0.0104053333
0.0128160000
0.0126933333
0.0137546667
0.0129013333
0.0102453333
0.0136533333
0.0176000000
0.0147306667
0.0149120000
0.0177226667
0.0172320000
0.0156480000
0.0175146667
0.0188586667
0.0198186667
0.0214826667
0.0204693333
0.0189600000
0.0180853333
0.0201600000
0.0230293333
0.0214453333
0.0259200000
0.0278720000
0.0286880000
0.0292960000
0.0297013333
0.0232746667
0.0290133333
0.0277493333
0.0295413333
0.0327146667
0.0362560000
0.0344213333
0.0314560000
0.0358080000
0.0396320000
0.0340960000
0.0352800000
0.0382506667
0.0353600000
0.0422346667
0.0357653333
0.0311680000
0.0406080000
0.0349120000
0.0349920000
0.0345440000
0.0381280000
0.0419093333
0.0386986667
0.0337706667
0.0389813333
0.0425600000
0.0408960000
0.0385760000
0.0400373333
0.0467146667
0.0424000000
0.0467146667
0.0387786667
0.0424000000
0.0454933333
0.0430506667
0.0420746667
0.0445173333
0.0463893333
0.0450026667
0.0439466667
0.0444320000
0.0450826667
0.0450026667
0.0494773333
0.0000000100
0.0000000100
0.0000000100
0.0000000100
0.0000000100
0.0000000100
0.0000000100
0.0000000100
0.0000000100
0.0000000100
0.0000000100
0.0000000100
0.0000000100
0.0000000100
0.0000000100
0.0000000100
0.0000000100
0.0000000100
0.0000000100
0.0000000100
0.0000000100
0.0000000100
0.0000000100
0.0000000100
0.0000000100
0.0000000100
0.0000000100
0.0000000100
0.0000000100
0.0000000100
0.0000000100
0.0000000100
0.0000000100
0.0000000100
0.0000000100
0.0000000100
0.0000000100
0.0000000100
0.0000000100
0.0000000100
0.0000000100
0.0000000100
0.0000000100
0.0000000100
0.0000000100
0.0000000100
0.0000000100
0.0000000100
0.0000000100
0.0000000100
0.0000000100
0.0000000100
0.0000000100
0.0000000100
0.0000000100
0.0000000100
0.0000000100
0.0000000100
0.0000000100
0.0000000100
0.0000000100
0.0000000100
0.0000000100
0.0000000100
0.0000000100
0.0000000100
0.0000000100
0.0000000100
0.0000000100
0.0000000100
0.0000000100
0.0000000100
0.0000000100
0.0000000100
0.0000000100
0.0000000100
0.0000000100
0.0000000100
0.0000000100
0.0000000100
0.0000000100
0.0000000100
0.0000000100
0.0000000100
0.0000000100
0.0000000100
0.0000000100
0.0000000100
0.0000000100
0.0000000100
0.0000000100
0.0000000100
0.0000000100
0.0000000100
0.0000000100
0.0000000100
0.0000000100
0.0000000100
0.0000000100
0.0000000100
0.0000000100
0.0000000100
0.0000000100
0.0000000100
0.0000000100
0.0000000100
0.0000000100
0.0000000100
0.0000000100
0.0000000100
0.0000000100
0.0000000100
0.0000000100
0.0000000100
0.0000000100
0.0000000100
0.0000000100
0.0000000100
0.0000000100
0.0000000100
0.0000000100
0.0000000100
0.0000000100
0.0000000100
0.0000000100
0.0000000100
0.0000000100
0.0000000100
0.0000000100
0.0000000100
0.0000000100
0.0000000100
0.0000000100
0.0000000100
0.0000000100
0.0000000100
0.0000000100
0.0000000100
0.0000000100
0.0000000100
0.0000000100
0.0000000100
0.0000000100
0.0000000100
0.0000000100
0.0000000100
0.0000000100
0.0000000100
0.0000000100
0.0000000100
0.0000000100
0.0000000100
0.0000000100
0.0000000100
0.0000000100
0.0000000100
0.0000000100
0.0000000100
0.0000000100
0.0000000100
0.0000000100
0.0000000100
0.0000000100
0.0000000100
0.0000000100
0.0000000100
0.0000000100
0.0000000100
0.0000000100
0.0000000100
0.0000000100
0.0000000100
0.0000000100
0.0000000100
0.0000000100
0.0000000100
0.0000000100
0.0000000100
0.0000000100
0.0000000100
0.0000000100
0.0000000100
0.0000000100
0.0000000100
0.0000000100
0.0000000100
0.0000000100
0.0000000100
0.0000000100
0.0000000100
0.0000000100
0.0000000100
0.0000000100
0.0000000100
0.0000000100
0.0000000100
0.0000000100
0.0000000100
0.0000000100
0.0000000100
0.0000000100
0.0000000100
0.0000000100
0.0000000100
0.0000000100
0.0000000100
0.0000000100
0.0000000100
0.0000000100
0.0000000100
0.0000000100
0.0000000100
0.0000000100
0.0000000100
0.0000000100
0.0000000100
0.0000000100
0.0000000100
0.0000000100
0.0000000100
0.0000000100
0.0000000100
0.0000000100
0.0000000100
0.0000000100
0.0000000100
0.0000000100
0.0000000100
0.0000000100
0.0000000100
0.0000000100
0.0000000100
0.0000000100
0.0000000100
0.0000000100
0.0000000100
0.0000000100
0.0000000100
0.0000000100
0.0000000100
0.0000000100
0.0000000100
0.0000000100
0.0000000100
0.0000000100
0.0000000100
0.0000000100
0.0000000100
0.0000000100
0.0000000100
0.0000000100
0.0000000100
0.0000000100
0.0000000100
0.0000000100
0.0000000100
0.0000000100
0.0000000100
0.0000000100
0.0000000100
0.0000000100
0.0000000100
0.0000000100
0.0000000100
0.0000000100
0.0000000100
0.0000000100
0.0000000100
0.0000000100
0.0000000100
0.0000000100
0.0000000100
0.0000000100
0.0000000100
0.0000000100
0.0000000100
0.0000000100
0.0000000100
0.0000000100
0.0000000100
0.0000000100
0.0000000100
0.0000000100
0.0000000100
0.0000000100
0.0000000100
0.0000000100
0.0000000100
0.0000000100
0.0000000100
0.0000000100
0.0000000100
0.0000000100
0.0000000100
0.0000000100
0.0000000100
0.0000000100
0.0000000100
0.0000000100
0.0000000100
0.0000000100
0.0000000100
0.0000000100
0.0000000100
0.0000000100
0.0000000100
0.0000000100
0.0000000100
0.0000000100
0.0000000100
0.0000000100
0.0000000100
0.0000000100
0.0000000100
0.0000000100
0.0000000100
0.0000000100
0.0000000100
0.0000000100
0.0000000100
0.0000000100
0.0000000100
0.0000000100
0.0000000100
0.0000000100
0.0000000100
0.0000000100
0.0000000100
0.0000000100
0.0000000100
0.0000000100
0.0000000100
0.0000000100
0.0000000100
0.0000000100
0.0000000100
0.0000000100
0.0000000100
0.0000000100
0.0000000100
0.0000000100
0.0000000100
0.0000000100
0.0000000100
0.0000000100
0.0000000100
0.0000000100
0.0000000100
0.0000000100
0.0000000100
0.0000000100
0.0000000100
0.0000000100
0.0000000100
0.0000000100
0.0000000100
0.0000000100
0.0000000100
0.0000000100
0.0000000100
0.0000000100
0.0000000100
0.0000000100
0.0000000100
0.0000000100
0.0000000100
0.0000000100
0.0000000100
