0.2428329571
0.2145598194
0.2159706546
0.2053047404
0.1781038375
0.1717268623
0.1997742664
0.2073363431
0.2022009029
0.2080699774
0.1935665914
0.1613431151
0.1724040632
0.1908013544
0.1897855530
0.1873589165
0.1632618510
0.1343115124
0.1417607223
0.1413656885
0.1488148984
0.1369074492
0.1593115124
0.1606659142
0.1594808126
0.1766930023
0.1784424379
0.1766930023
0.1709932280
0.1498306998
0.1508465011
0.1808126411
0.2459367946
0.3678893905
0.4174379233
0.4849887133
0.4229683973
0.5008465011
0.4532731377
0.4539503386
0.5015237020
0.4739277652
0.4843115124
0.4581264108
0.4291760722
0.4374153499
0.4829006772
0.4477990971
0.4257336343
0.4829006772
0.4670428894
0.4264108352
0.4415914221
0.4208803612
0.4560383747
0.4698081264
0.4450338600
0.4594808126
0.5111738149
0.5269751693
0.5552483070
0.4160835214
0.5269751693
0.5586907449
0.5359480813
0.5118510158
0.4843115124
0.4643340858
0.4980812641
0.4532731377
0.4202031603
0.4229683973
0.5215011287
0.4546839729
0.4319413093
0.4243792325
0.4443566591
0.4677765237
0.4360609481
0.3602708804
0.4381489842
0.4443566591
0.3967832957
0.4050790068
0.2356094808
0.3926636569
0.3885440181
0.3644469526
0.4395033860
0.5015237020
0.4581264108
0.4298532731
0.4443566591
0.3995485327
0.4098758465
0.4029909707
0.4477990971
0.4305304740
0.4312641084
0.4222911964
0.4264108352
0.4643340858
0.4670428894
0.3823363431
0.3830135440
0.4546839729
0.4525959368
0.4085214447
0.4016365688
0.3905756208
0.4139954853
0.4023137698
0.3857787810
0.4119638826
0.4553611738
0.4594808126
0.4877539503
0.4973476298
0.4532731377
0.4463882619
0.4911963883
0.4946388262
0.4339729120
0.4519187359
0.4808690745
0.4870203160
0.5256207675
0.4450338600
0.4457110609
0.4270880361
0.3940180587
0.4236455982
0.4388261851
0.4650112867
0.4243792325
0.4298532731
0.4395033860
0.4581264108
0.4760158014
0.4367381490
0.4105530474
0.4167607223
0.4112866817
0.4429458239
0.4636004515
0.4429458239
0.4546839729
0.5035553047
0.4408577878
0.4477990971
0.4415914221
0.4064334086
0.4408577878
0.4608916479
0.4594808126
0.4408577878
0.4739277652
0.4581264108
0.4904627540
0.4071106095
0.4036681716
0.3402934537
0.3623589165
0.4064334086
0.4567155756
0.4650112867
0.3940180587
0.4712189616
0.4339729120
0.3981941309
0.3575056433
0.3172121896
0.3754514673
0.3554740406
0.3430586907
0.3809255079
0.3981941309
0.4016365688
0.4353837472
0.4760158014
0.4491534989
0.4615688488
0.4312641084
0.3878668172
0.3878668172
0.4002257336
0.4195259594
0.4849887133
0.4691309255
0.4264108352
0.4381489842
0.4546839729
0.4629232506
0.4815462754
0.4539503386
0.4925507901
0.4704853273
0.4980812641
0.5180586907
0.4939051919
0.5001128668
0.5187358916
0.4966704289
0.5200902935
0.4939051919
0.4443566591
0.4567155756
0.4415914221
0.4670428894
0.5022009029
0.5008465011
0.6066591422
0.5998871332
0.5538374718
0.6252821670
0.5208239278
0.5586907449
0.4911963883
0.5277088036
0.5345936795
0.5069977427
0.5159706546
0.4560383747
0.4766930023
0.4470654628
0.4773702032
0.4925507901
0.4629232506
0.4573927765
0.5022009029
0.4732505643
0.4994356659
0.4863431151
0.4966704289
0.4849887133
0.5008465011
0.5469525959
0.5449209932
0.5249435666
0.4946388262
0.4677765237
0.4470654628
0.4222911964
0.4257336343
0.4381489842
0.4388261851
0.4925507901
0.4339729120
0.3809255079
0.3878668172
0.3933408578
0.3995485327
0.3726862302
0.4684537246
0.4808690745
0.4443566591
0.4264108352
0.4436230248
0.4312641084
0.4326185102
0.4250564334
0.4250564334
0.4016365688
0.3947516930
0.4126410835
0.3823363431
0.4126410835
0.4174379233
0.3864559819
0.4222911964
0.4415914221
0.4429458239
0.4347065463
0.4388261851
0.3981941309
0.4360609481
0.4891083521
0.3658013544
0.3423814898
0.3782167043
0.3720090293
0.3761286682
0.4050790068
0.4050790068
0.4091986456
0.3830135440
0.3554740406
0.3554740406
0.3637133183
0.3809255079
0.4044018059
0.4374153499
0.3795711061
0.3692437923
0.4050790068
0.4443566591
0.4085214447
0.4470654628
0.4071106095
0.4154063205
0.3713318284
0.3981941309
0.3768058691
0.3609480813
0.4091986456
0.4050790068
0.3885440181
0.3658013544
0.3086343115
0.3871331828
0.4050790068
0.3954288939
0.3589164786
0.3406320542
0.3117381490
0.3678893905
0.3540632054
0.2934537246
0.2796839729
0.2266365688
0.2607223476
0.2680022573
0.3037810384
0.2624717833
0.2927765237
0.2965575621
0.2583521445
0.2634875847
0.2862302483
0.2738148984
0.3354966140
0.3175507901
0.2734762980
0.2400677201
0.2331828442
0.3041196388
0.3365124153
0.4257336343
0.4973476298
0.3402934537
0.3224040632
0.3479119639
0.3430586907
0.3255079007
0.2865688488
0.3179458239
0.3010158014
0.3905756208
0.4029909707
0.3602708804
0.3309819413
0.3099887133
0.4188487585
0.4044018059
0.3547968397
0.2900112867
0.3213882619
0.3365124153
0.2772573363
0.3062076749
0.3117381490
0.3292889391
0.3323927765
0.2845372460
0.4023137698
0.3230812641
0.3086343115
0.3110045147
0.3186230248
0.2979683973
0.3802483070
0.3420428894
0.3726862302
0.3309819413
0.2879796840
0.2806997743
0.2734762980
0.2507336343
0.2549097065
0.2610609481
0.2920993228
0.2803611738
0.2979683973
0.2910270880
0.3020880361
0.3726862302
0.3864559819
0.3609480813
0.3602708804
0.4016365688
0.3844243792
0.3892212190
0.4023137698
0.3967832957
0.3644469526
0.4036681716
0.4112866817
0.3368510158
0.4408577878
0.3995485327
0.4408577878
0.5001128668
0.4650112867
0.5069977427
0.5028781038
0.4188487585
0.3864559819
0.4319413093
0.4401805869
0.4739277652
0.4422686230
0.4429458239
0.4319413093
0.4305304740
0.5283860045
0.5380361174
0.5146162528
0.4849887133
0.4436230248
0.4174379233
0.4670428894
0.4588036117
0.4222911964
0.4278216704
0.4160835214
0.3940180587
0.4023137698
0.4298532731
0.4643340858
0.4477990971
0.4250564334
0.3836907449
0.3747742664
0.3857787810
0.3699209932
0.4656884876
0.4843115124
0.4608916479
0.4429458239
0.4601580135
0.4691309255
0.4588036117
0.4897855530
0.5215011287
0.4656884876
0.4677765237
0.4098758465
0.3830135440
0.3158577878
0.4381489842
0.4291760722
0.3885440181
0.3795711061
0.4023137698
0.4160835214
0.4091986456
0.4891083521
0.5125282167
0.5497178330
0.5104401806
0.5173250564
0.4519187359
0.4760158014
0.5180586907
0.5084085779
0.4829006772
0.5015237020
0.3575056433
0.4546839729
0.3954288939
0.4712189616
0.4374153499
0.3926636569
0.4601580135
0.4843115124
0.4794582393
0.5476862302
0.5408013544
0.5132054176
0.5400677201
0.5338600451
0.5580135440
0.5318284424
0.5194130926
0.5586907449
0.5338600451
0.4753386005
0.4463882619
0.3630361174
0.5338600451
0.5235327314
0.4829006772
0.4932279910
0.5069977427
0.5063205418
0.5221783296
0.4884311512
0.4305304740
0.3768058691
0.4457110609
0.5812641084
0.4732505643
0.0000000100
0.0000000100
0.0000000100
0.0000000100
0.0000000100
0.0000000100
0.0000000100
0.0000000100
0.0000000100
0.0000000100
0.0000000100
0.0000000100
0.0000000100
0.0000000100
0.0000000100
0.0000000100
0.0000000100
0.0000000100
0.0000000100
0.0000000100
0.0000000100
0.0000000100
0.0000000100
0.0000000100
0.0000000100
0.0000000100
0.0000000100
0.0000000100
0.0000000100
0.0000000100
0.0000000100
0.0000000100
0.0000000100
0.0000000100
0.0000000100
0.0000000100
0.0000000100
0.0000000100
0.0000000100
0.0000000100
0.0000000100
0.0000000100
0.0000000100
0.0000000100
0.0000000100
0.0000000100
0.0000000100
0.0000000100
0.0000000100
0.0000000100
0.0000000100
0.0000000100
0.0000000100
0.0000000100
0.0000000100
0.0000000100
0.0000000100
0.0000000100
0.0000000100
0.0000000100
0.0000000100
0.0000000100
0.0000000100
0.0000000100
0.0000000100
0.0000000100
0.0000000100
0.0000000100
0.0000000100
0.0000000100
0.0000000100
0.0000000100
0.0000000100
0.0000000100
0.0000000100
0.0000000100
0.0000000100
0.0000000100
0.0000000100
0.0000000100
0.0000000100
0.0000000100
0.0000000100
0.0000000100
0.0000000100
0.0000000100
0.0000000100
0.0000000100
0.0000000100
0.0000000100
0.0000000100
0.0000000100
0.0000000100
0.0000000100
0.0000000100
0.0000000100
0.0000000100
0.0000000100
0.0000000100
0.0000000100
0.0000000100
0.0000000100
0.0000000100
0.0000000100
0.0000000100
0.0000000100
0.0000000100
0.0000000100
0.0000000100
0.0000000100
0.0000000100
0.0000000100
0.0000000100
0.0000000100
0.0000000100
0.0000000100
0.0000000100
0.0000000100
0.0000000100
0.0000000100
0.0000000100
0.0000000100
0.0000000100
0.0000000100
0.0000000100
0.0000000100
0.0000000100
0.0000000100
0.0000000100
0.0000000100
0.0000000100
0.0000000100
0.0000000100
0.0000000100
0.0000000100
0.0000000100
0.0000000100
0.0000000100
0.0000000100
0.0000000100
0.0000000100
0.0000000100
0.0000000100
0.0000000100
0.0000000100
0.0000000100
0.0000000100
0.0000000100
0.0000000100
0.0000000100
0.0000000100
0.0000000100
0.0000000100
0.0000000100
0.0000000100
0.0000000100
0.0000000100
0.0000000100
0.0000000100
0.0000000100
0.0000000100
0.0000000100
0.0000000100
0.0000000100
0.0000000100
0.0000000100
0.0000000100
0.0000000100
0.0000000100
0.0000000100
0.0000000100
0.0000000100
0.0000000100
0.0000000100
0.0000000100
0.0000000100
0.0000000100
0.0000000100
0.0000000100
0.0000000100
0.0000000100
0.0000000100
0.0000000100
0.0000000100
0.0000000100
0.0000000100
0.0000000100
0.0000000100
0.0000000100
0.0000000100
0.0000000100
0.0000000100
0.0000000100
0.0000000100
0.0000000100
0.0000000100
0.0000000100
0.0000000100
0.0000000100
0.0000000100
0.0000000100
0.0000000100
0.0000000100
0.0000000100
0.0000000100
0.0000000100
0.0000000100
0.0000000100
0.0000000100
0.0000000100
0.0000000100
0.0000000100
0.0000000100
0.0000000100
0.0000000100
0.0000000100
0.0000000100
0.0000000100
0.0000000100
0.0000000100
0.0000000100
0.0000000100
0.0000000100
0.0000000100
0.0000000100
0.0000000100
0.0000000100
0.0000000100
0.0000000100
0.0000000100
0.0000000100
0.0000000100
0.0000000100
0.0000000100
0.0000000100
0.0000000100
0.0000000100
0.0000000100
0.0000000100
0.0000000100
0.0000000100
0.0000000100
0.0000000100
0.0000000100
0.0000000100
0.0000000100
0.0000000100
0.0000000100
0.0000000100
0.0000000100
0.0000000100
0.0000000100
0.0000000100
0.0000000100
0.0000000100
0.0000000100
0.0000000100
0.0000000100
0.0000000100
0.0000000100
0.0000000100
0.0000000100
0.0000000100
0.0000000100
0.0000000100
0.0000000100
0.0000000100
0.0000000100
0.0000000100
0.0000000100
0.0000000100
0.0000000100
0.0000000100
0.0000000100
0.0000000100
0.0000000100
0.0000000100
0.0000000100
0.0000000100
0.0000000100
0.0000000100
0.0000000100
0.0000000100
0.0000000100
0.0000000100
0.0000000100
0.0000000100
0.0000000100
0.0000000100
0.0000000100
0.0000000100
0.0000000100
0.0000000100
0.0000000100
0.0000000100
0.0000000100
0.0000000100
0.0000000100
0.0000000100
0.0000000100
0.0000000100
0.0000000100
0.0000000100
0.0000000100
0.0000000100
0.0000000100
0.0000000100
0.0000000100
0.0000000100
0.0000000100
0.0000000100
0.0000000100
0.0000000100
0.0000000100
0.0000000100
0.0000000100
0.0000000100
0.0000000100
0.0000000100
0.0000000100
0.0000000100
0.0000000100
0.0000000100
0.0000000100
0.0000000100
0.0000000100
0.0000000100
0.0000000100
0.0000000100
0.0000000100
0.0000000100
0.0000000100
0.0000000100
0.0000000100
0.0000000100
0.0000000100
0.0000000100
0.0000000100
0.0000000100
0.0000000100
0.0000000100
0.0000000100
0.0000000100
0.0000000100
0.0000000100
0.0000000100
0.0000000100
0.0000000100
0.0000000100
0.0000000100
0.0000000100
0.0000000100
0.0000000100
0.0000000100
0.0000000100
0.0000000100
0.0000000100
0.0000000100
0.0000000100
0.0000000100
0.0000000100
0.0000000100
0.0000000100
0.0000000100
0.0000000100
0.0000000100
0.0000000100
0.0000000100
