0.0782933333
0.0779733333
0.0870933333
0.0869333333
0.0775466667
0.0809066667
0.0848000000
0.0812266667
0.0844800000
0.0819733333
0.0849600000
0.0831466667
0.0827733333
0.0843200000
0.0775466667
0.0781866667
0.0744000000
0.0792000000
0.0755200000
0.0685333333
0.0762666667
0.0792000000
0.0788800000
0.0794133333
0.0754133333
0.0684266667
0.0733866667
0.0781866667
0.0769066667
0.0661866667
0.0690133333
0.0642666667
0.0686933333
0.0712000000
0.0658133333
0.0648533333
0.0623466667
0.0594666667
0.0648000000
0.0630933333
0.0608000000
0.0552533333
0.0498026667
0.0547733333
0.0521653333
0.0502933333
0.0460586667
0.0457333333
0.0482560000
0.0422346667
0.0422346667
0.0358880000
0.0379253333
0.0353600000
0.0337333333
0.0347093333
0.0292960000
0.0284000000
0.0292586667
0.0309226667
0.0258773333
0.0232746667
0.0196746667
0.0230293333
0.0242080000
0.0234400000
0.0209973333
0.0152000000
0.0186773333
0.0131413333
0.0166240000
0.0149333333
0.0158293333
0.0138933333
0.0129173333
0.0114720000
0.0118026667
0.0122293333
0.0109440000
0.0124106667
0.0119626667
0.0111093333
0.0101920000
0.0110293333
0.0122453333
0.0118026667
0.0114133333
0.0101813333
0.0107626667
0.0108053333
0.0101226667
0.0110453333
0.0105173333
0.0094080000
0.0082613333
0.0119413333
0.0080373333
0.0091146667
0.0081706667
0.0068960000
0.0074773333
0.0085653333
0.0062773333
0.0072426667
0.0083413333
0.0099306667
0.0068640000
0.0068373333
0.0068640000
0.0064000000
0.0060320000
0.0065386667
0.0060106667
0.0066613333
0.0069706667
0.0067146667
0.0054133333
0.0049744000
0.0102026667
0.0067040000
0.0066613333
0.0059093333
0.0079946667
0.0096320000
0.0116373333
0.0089920000
0.0101440000
0.0103360000
0.0107413333
0.0105386667
0.0115360000
0.0109440000
0.0118400000
0.0124906667
0.0120053333
0.0127573333
0.0115786667
0.0117173333
0.0143840000
0.0161333333
0.0184960000
0.0146506667
0.0158880000
0.0128586667
0.0148106667
0.0166400000
0.0178613333
0.0167840000
0.0145493333
0.0204480000
0.0181066667
0.0192266667
0.0199360000
0.0204693333
0.0257973333
0.0227040000
0.0226666667
0.0203680000
0.0248213333
0.0273440000
0.0286453333
0.0420746667
0.0428853333
0.0485013333
0.0490720000
0.0511093333
0.0528960000
0.0530613333
0.0542933333
0.0611200000
0.0602133333
0.0652800000
0.0585066667
0.0583466667
0.0602133333
0.0595733333
0.0654400000
0.0658133333
0.0682666667
0.0634133333
0.0668800000
0.0651200000
0.0672000000
0.0732266667
0.0696533333
0.0715200000
0.0705600000
0.0620266667
0.0725333333
0.0659733333
0.0704000000
0.0738666667
0.0749333333
0.0761600000
0.0754133333
0.0756800000
0.0816000000
0.0780266667
0.0811200000
0.0812800000
0.0886933333
0.0846400000
0.0809066667
0.0897066667
0.0818133333
0.0860800000
0.0901866667
0.0956800000
0.0965333333
0.0952000000
0.0986133333
0.1012266667
0.0999466667
0.1070933333
0.0999466667
0.1061333333
0.1040000000
0.1059733333
0.1158933333
0.1120000000
0.1217600000
0.1243733333
0.1232000000
0.1032000000
0.1059733333
0.1502400000
0.2565333333
0.2698666667
0.2750400000
0.2844800000
0.2415466667
0.1318400000
0.0864000000
0.0880533333
0.0812800000
0.0795200000
0.0801600000
0.0854400000
0.0874133333
0.0826666667
0.0805866667
0.0731733333
0.0758400000
0.0749333333
0.0790400000
0.0798400000
0.0786133333
0.0772266667
0.0782933333
0.0770666667
0.0750400000
0.0774933333
0.0783466667
0.0809066667
0.0809066667
0.0786133333
0.0789333333
0.0801600000
0.0798933333
0.0792533333
0.0726933333
0.0818666667
0.0785066667
0.0765866667
0.0844800000
0.0739733333
0.0758400000
0.0749333333
0.0818133333
0.0747200000
0.0840000000
0.0783466667
0.0806400000
0.0831466667
0.0849600000
0.0848000000
0.0844800000
0.0854400000
0.0843200000
0.0898666667
0.0903466667
0.0968533333
0.0900266667
0.0944000000
0.0989333333
0.0956800000
0.1022400000
0.0958400000
0.1022400000
0.1027200000
0.1025600000
0.1049600000
0.1036800000
0.1129600000
0.1010666667
0.1082133333
0.1009066667
0.1056533333
0.1092266667
0.1139200000
0.1120000000
0.1036800000
0.1145600000
0.1106666667
0.1123200000
0.1129600000
0.1129600000
0.1144000000
0.1111466667
0.1048000000
0.1092266667
0.1090666667
0.0966933333
0.1044800000
0.1062933333
0.0913066667
0.0919466667
0.0878933333
0.0882133333
0.0854400000
0.0800533333
0.0768000000
0.0767466667
0.0756266667
0.0690666667
0.0694933333
0.0633066667
0.0638933333
0.0637866667
0.0657600000
0.0644266667
0.0584533333
0.0580266667
0.0575466667
0.0499680000
0.0472000000
0.0474453333
0.0496426667
0.0433760000
0.0441066667
0.0418293333
0.0407733333
0.0426453333
0.0407733333
0.0376000000
0.0327946667
0.0337333333
0.0292586667
0.0288480000
0.0297013333
0.0270986667
0.0244533333
0.0236426667
0.0242080000
0.0201013333
0.0171306667
0.0176373333
0.0168640000
0.0168053333
0.0145280000
0.0121866667
0.0139146667
0.0161333333
0.0113120000
0.0123680000
0.0141173333
0.0133440000
0.0160320000
0.0118400000
0.0120213333
0.0124106667
0.0120853333
0.0113333333
0.0102666667
0.0101013333
0.0125120000
0.0103146667
0.0105973333
0.0091840000
0.0104160000
0.0090346667
0.0089440000
0.0099200000
0.0129600000
0.0117600000
0.0096106667
0.0107840000
0.0065920000
0.0077013333
0.0079146667
0.0073333333
0.0081493333
0.0082293333
0.0064693333
0.0089920000
0.0068373333
0.0070986667
0.0068640000
0.0057600000
0.0007834667
0.0006000000
0.0014037333
0.0024517333
0.0078613333
0.0080960000
0.0089813333
0.0064906667
0.0081066667
0.0055360000
0.0064586667
0.0073120000
0.0063466667
0.0080746667
0.0065813333
0.0066506667
0.0077493333
0.0089920000
0.0102240000
0.0086880000
0.0106826667
0.0101920000
0.0132053333
0.0112106667
0.0113546667
0.0100320000
0.0107200000
0.0118186667
0.0110453333
0.0115573333
0.0141813333
0.0130826667
0.0137333333
0.0141813333
0.0124533333
0.0133653333
0.0150560000
0.0134880000
0.0162133333
0.0136320000
0.0137333333
0.0168480000
0.0146506667
0.0188000000
0.0216853333
0.0225013333
0.0179253333
0.0200000000
0.0186133333
0.0224213333
0.0216053333
0.0239680000
0.0227040000
0.0230720000
0.0255520000
0.0277920000
0.0267733333
0.0291360000
0.0294986667
0.0301120000
0.0289280000
0.0326346667
0.0326346667
0.0314133333
0.0353173333
0.0314560000
0.0288106667
0.0335680000
0.0362933333
0.0357653333
0.0351573333
0.0336533333
0.0349120000
0.0391840000
0.0382880000
0.0377600000
0.0345440000
0.0345866667
0.0334880000
0.0361333333
0.0388160000
0.0365386667
0.0412586667
0.0430506667
0.0398773333
0.0356853333
0.0367840000
0.0374773333
0.0393066667
0.0416266667
0.0419946667
0.0418293333
0.0444320000
0.0382506667
0.0394293333
0.0404053333
0.0440266667
0.0431306667
0.0424000000
0.0476906667
0.0487466667
0.0449226667
0.0513493333
0.0000000100
0.0000000100
0.0000000100
0.0000000100
0.0000000100
0.0000000100
0.0000000100
0.0000000100
0.0000000100
0.0000000100
0.0000000100
0.0000000100
0.0000000100
0.0000000100
0.0000000100
0.0000000100
0.0000000100
0.0000000100
0.0000000100
0.0000000100
0.0000000100
0.0000000100
0.0000000100
0.0000000100
0.0000000100
0.0000000100
0.0000000100
0.0000000100
0.0000000100
0.0000000100
0.0000000100
0.0000000100
0.0000000100
0.0000000100
0.0000000100
0.0000000100
0.0000000100
0.0000000100
0.0000000100
0.0000000100
0.0000000100
0.0000000100
0.0000000100
0.0000000100
0.0000000100
0.0000000100
0.0000000100
0.0000000100
0.0000000100
0.0000000100
0.0000000100
0.0000000100
0.0000000100
0.0000000100
0.0000000100
0.0000000100
0.0000000100
0.0000000100
0.0000000100
0.0000000100
0.0000000100
0.0000000100
0.0000000100
0.0000000100
0.0000000100
0.0000000100
0.0000000100
0.0000000100
0.0000000100
0.0000000100
0.0000000100
0.0000000100
0.0000000100
0.0000000100
0.0000000100
0.0000000100
0.0000000100
0.0000000100
0.0000000100
0.0000000100
0.0000000100
0.0000000100
0.0000000100
0.0000000100
0.0000000100
0.0000000100
0.0000000100
0.0000000100
0.0000000100
0.0000000100
0.0000000100
0.0000000100
0.0000000100
0.0000000100
0.0000000100
0.0000000100
0.0000000100
0.0000000100
0.0000000100
0.0000000100
0.0000000100
0.0000000100
0.0000000100
0.0000000100
0.0000000100
0.0000000100
0.0000000100
0.0000000100
0.0000000100
0.0000000100
0.0000000100
0.0000000100
0.0000000100
0.0000000100
0.0000000100
0.0000000100
0.0000000100
0.0000000100
0.0000000100
0.0000000100
0.0000000100
0.0000000100
0.0000000100
0.0000000100
0.0000000100
0.0000000100
0.0000000100
0.0000000100
0.0000000100
0.0000000100
0.0000000100
0.0000000100
0.0000000100
0.0000000100
0.0000000100
0.0000000100
0.0000000100
0.0000000100
0.0000000100
0.0000000100
0.0000000100
0.0000000100
0.0000000100
0.0000000100
0.0000000100
0.0000000100
0.0000000100
0.0000000100
0.0000000100
0.0000000100
0.0000000100
0.0000000100
0.0000000100
0.0000000100
0.0000000100
0.0000000100
0.0000000100
0.0000000100
0.0000000100
0.0000000100
0.0000000100
0.0000000100
0.0000000100
0.0000000100
0.0000000100
0.0000000100
0.0000000100
0.0000000100
0.0000000100
0.0000000100
0.0000000100
0.0000000100
0.0000000100
0.0000000100
0.0000000100
0.0000000100
0.0000000100
0.0000000100
0.0000000100
0.0000000100
0.0000000100
0.0000000100
0.0000000100
0.0000000100
0.0000000100
0.0000000100
0.0000000100
0.0000000100
0.0000000100
0.0000000100
0.0000000100
0.0000000100
0.0000000100
0.0000000100
0.0000000100
0.0000000100
0.0000000100
0.0000000100
0.0000000100
0.0000000100
0.0000000100
0.0000000100
0.0000000100
0.0000000100
0.0000000100
0.0000000100
0.0000000100
0.0000000100
0.0000000100
0.0000000100
0.0000000100
0.0000000100
0.0000000100
0.0000000100
0.0000000100
0.0000000100
0.0000000100
0.0000000100
0.0000000100
0.0000000100
0.0000000100
0.0000000100
0.0000000100
0.0000000100
0.0000000100
0.0000000100
0.0000000100
0.0000000100
0.0000000100
0.0000000100
0.0000000100
0.0000000100
0.0000000100
0.0000000100
0.0000000100
0.0000000100
0.0000000100
0.0000000100
0.0000000100
0.0000000100
0.0000000100
0.0000000100
0.0000000100
0.0000000100
0.0000000100
0.0000000100
0.0000000100
0.0000000100
0.0000000100
0.0000000100
0.0000000100
0.0000000100
0.0000000100
0.0000000100
0.0000000100
0.0000000100
0.0000000100
0.0000000100
0.0000000100
0.0000000100
0.0000000100
0.0000000100
0.0000000100
0.0000000100
0.0000000100
0.0000000100
0.0000000100
0.0000000100
0.0000000100
0.0000000100
0.0000000100
0.0000000100
0.0000000100
0.0000000100
0.0000000100
0.0000000100
0.0000000100
0.0000000100
0.0000000100
0.0000000100
0.0000000100
0.0000000100
0.0000000100
0.0000000100
0.0000000100
0.0000000100
0.0000000100
0.0000000100
0.0000000100
0.0000000100
0.0000000100
0.0000000100
0.0000000100
0.0000000100
0.0000000100
0.0000000100
0.0000000100
0.0000000100
0.0000000100
0.0000000100
0.0000000100
0.0000000100
0.0000000100
0.0000000100
0.0000000100
0.0000000100
0.0000000100
0.0000000100
0.0000000100
0.0000000100
0.0000000100
0.0000000100
0.0000000100
0.0000000100
0.0000000100
0.0000000100
0.0000000100
0.0000000100
0.0000000100
0.0000000100
0.0000000100
0.0000000100
0.0000000100
0.0000000100
0.0000000100
0.0000000100
0.0000000100
0.0000000100
0.0000000100
0.0000000100
0.0000000100
0.0000000100
0.0000000100
0.0000000100
0.0000000100
0.0000000100
0.0000000100
0.0000000100
0.0000000100
0.0000000100
0.0000000100
0.0000000100
0.0000000100
0.0000000100
0.0000000100
0.0000000100
0.0000000100
0.0000000100
0.0000000100
0.0000000100
0.0000000100
0.0000000100
0.0000000100
0.0000000100
0.0000000100
0.0000000100
0.0000000100
0.0000000100
0.0000000100
0.0000000100
0.0000000100
0.0000000100
0.0000000100
0.0000000100
0.0000000100
0.0000000100
0.0000000100
0.0000000100
