0.6601600000
0.7451200000
0.7948800000
0.7715200000
0.7870400000
0.7744000000
0.7510400000
0.6611200000
0.7060800000
0.7665600000
0.7860800000
0.6875200000
0.7246400000
0.5254400000
0.7460800000
0.8857600000
0.6680000000
0.7841600000
0.8505600000
0.7860800000
0.7684800000
0.8134400000
0.6454400000
0.7284800000
0.7441600000
0.8272000000
0.7920000000
0.7772800000
0.6465600000
0.6532800000
0.7684800000
0.7480000000
0.7939200000
0.8320000000
0.7587200000
0.6718400000
0.7520000000
0.7294400000
0.7344000000
0.6268800000
0.7617600000
0.6182400000
0.5292800000
0.7118400000
0.6083200000
0.6894400000
0.6806400000
0.6944000000
0.6806400000
0.6806400000
0.6904000000
0.6816000000
0.6992000000
0.6787200000
0.6982400000
0.6542400000
0.6737600000
0.6640000000
0.6944000000
0.6923200000
0.6454400000
0.6953600000
0.7587200000
0.7294400000
0.6025600000
0.7392000000
0.7236800000
0.7246400000
0.7294400000
0.7489600000
0.7608000000
0.7363200000
0.6494400000
0.7353600000
0.7196800000
0.7656000000
0.6768000000
0.7587200000
0.6113600000
0.7392000000
0.6113600000
0.7460800000
0.7168000000
0.7489600000
0.7577600000
0.7372800000
0.6649600000
0.6494400000
0.8281600000
0.6923200000
0.7401600000
0.7841600000
0.7988800000
0.7948800000
0.7841600000
0.7646400000
0.7315200000
0.6875200000
0.7665600000
0.7080000000
0.8017600000
0.6796800000
0.8124800000
0.7891200000
0.8067200000
0.7910400000
0.6387200000
0.7793600000
0.7520000000
0.6806400000
0.7422400000
0.7363200000
0.7032000000
0.6856000000
0.7520000000
0.7617600000
0.7168000000
0.7598400000
0.7724800000
0.7489600000
0.7470400000
0.7363200000
0.8564800000
0.8408000000
0.8067200000
0.8067200000
0.8096000000
0.8974400000
0.6806400000
0.7929600000
0.9062400000
0.8320000000
0.8350400000
0.8788800000
1.0000000000
0.9540800000
0.7011200000
0.9169600000
0.6718400000
0.8574400000
0.8817600000
0.9433600000
1.0000000000
0.7636800000
1.0000000000
0.7715200000
0.8262400000
0.6777600000
0.7548800000
0.8926400000
0.9619200000
0.8096000000
1.0000000000
0.8448000000
0.9179200000
0.7656000000
0.6094400000
0.9200000000
0.6268800000
0.9140800000
0.9384000000
1.0000000000
0.8222400000
0.9219200000
0.9921600000
0.8574400000
1.0000000000
0.7529600000
0.8067200000
1.0000000000
0.8360000000
0.7979200000
0.9024000000
0.9776000000
0.8212800000
0.9814400000
0.8262400000
0.7753600000
0.8662400000
0.6865600000
0.8681600000
0.8574400000
1.0000000000
0.8916800000
0.8222400000
0.5371200000
0.7988800000
0.9852800000
0.9971200000
0.9276800000
0.9980800000
0.6796800000
1.0000000000
1.0000000000
0.9414400000
0.9043200000
0.8760000000
1.0000000000
0.9131200000
0.8427200000
0.8436800000
0.8174400000
0.8241600000
0.6699200000
0.5273600000
0.6308800000
0.8388800000
0.6875200000
0.7548800000
0.9766400000
1.0000000000
1.0000000000
1.0000000000
1.0000000000
1.0000000000
0.9902400000
1.0000000000
1.0000000000
1.0000000000
0.9091200000
0.9980800000
1.0000000000
0.9921600000
1.0000000000
0.9883200000
1.0000000000
0.8955200000
0.8574400000
0.9540800000
0.7470400000
1.0000000000
1.0000000000
0.9726400000
0.9209600000
0.7256000000
0.9024000000
0.9112000000
0.9804800000
0.8672000000
1.0000000000
0.8027200000
0.8603200000
0.9384000000
1.0000000000
1.0000000000
1.0000000000
0.9276800000
1.0000000000
0.8750400000
0.8427200000
0.7900800000
0.8476800000
0.9776000000
1.0000000000
0.9961600000
0.8272000000
0.8993600000
0.9209600000
0.9179200000
0.8633600000
0.9326400000
0.7705600000
0.7998400000
0.7832000000
0.9852800000
1.0000000000
0.9326400000
0.8857600000
0.7968000000
1.0000000000
0.6758400000
0.6513600000
0.9052800000
0.8993600000
0.8036800000
0.8417600000
0.5742400000
0.7051200000
0.8838400000
0.7617600000
0.7656000000
0.8379200000
0.6894400000
0.7891200000
0.7646400000
0.8486400000
0.9550400000
0.7324800000
0.7656000000
0.6630400000
0.7568000000
0.6406400000
0.8603200000
0.7656000000
0.8564800000
0.7577600000
0.7881600000
0.6620800000
0.7060800000
0.6913600000
0.6299200000
0.6387200000
0.7998400000
0.7227200000
0.6289600000
0.7099200000
0.7920000000
0.8710400000
0.6856000000
0.7060800000
0.8144000000
0.6444800000
0.7939200000
0.6796800000
0.8360000000
0.5352000000
0.7979200000
0.5361600000
0.4516800000
0.2302400000
0.5604800000
0.5947200000
0.5273600000
0.5009600000
0.5009600000
0.1624000000
0.1712000000
0.5078400000
0.8056000000
0.8369600000
0.7784000000
0.7929600000
0.7177600000
0.7891200000
0.7158400000
0.7372800000
0.6923200000
0.7432000000
0.8574400000
0.7968000000
0.8272000000
0.7920000000
0.7948800000
0.7216000000
0.8105600000
0.7382400000
0.8027200000
0.7860800000
0.7812800000
0.6454400000
0.7412800000
0.8067200000
0.7958400000
0.8017600000
0.8476800000
0.7460800000
0.7881600000
0.6044800000
0.6884800000
0.7060800000
0.7558400000
0.7891200000
0.7772800000
0.8056000000
0.7422400000
0.6572800000
0.6356800000
0.6230400000
0.6268800000
0.6328000000
0.6201600000
0.7636800000
0.8046400000
0.7753600000
0.7470400000
0.7772800000
0.6240000000
0.7627200000
0.9569600000
0.8486400000
0.9364800000
0.8828800000
0.9150400000
0.8916800000
0.9014400000
0.9062400000
0.8720000000
0.8164800000
0.8232000000
0.7724800000
0.7236800000
0.8222400000
0.8067200000
0.8096000000
0.8574400000
0.7684800000
0.7734400000
0.7988800000
0.6932800000
0.9238400000
0.8593600000
0.8436800000
0.7822400000
0.8144000000
0.8700800000
0.7529600000
0.9384000000
0.9921600000
0.8144000000
0.7304000000
0.8174400000
0.8251200000
0.8691200000
0.8838400000
0.8203200000
0.9238400000
0.8769600000
0.9140800000
0.9512000000
0.7803200000
0.9248000000
0.8760000000
0.8955200000
0.7489600000
0.9052800000
0.9112000000
0.9364800000
0.9580800000
0.7675200000
0.9081600000
0.9678400000
0.7665600000
0.9912000000
0.9678400000
0.9688000000
0.9902400000
0.9824000000
0.9492800000
0.9395200000
1.0000000000
1.0000000000
0.8838400000
1.0000000000
0.6835200000
0.8993600000
0.7275200000
0.9384000000
1.0000000000
1.0000000000
0.9766400000
0.8828800000
0.8241600000
1.0000000000
0.9200000000
0.6718400000
0.9902400000
0.8427200000
0.8027200000
0.8838400000
1.0000000000
0.8720000000
1.0000000000
1.0000000000
1.0000000000
1.0000000000
1.0000000000
0.9950400000
1.0000000000
1.0000000000
1.0000000000
1.0000000000
1.0000000000
0.9795200000
0.7696000000
0.6982400000
0.7294400000
0.7139200000
0.9355200000
0.9014400000
0.9628800000
0.8076800000
0.8964800000
0.9512000000
0.8076800000
1.0000000000
0.6660800000
1.0000000000
1.0000000000
0.9014400000
1.0000000000
1.0000000000
1.0000000000
0.9657600000
1.0000000000
1.0000000000
0.9062400000
0.8662400000
0.7548800000
1.0000000000
0.8105600000
0.8993600000
1.0000000000
0.0000000100
0.0000000100
0.0000000100
0.0000000100
0.0000000100
0.0000000100
0.0000000100
0.0000000100
0.0000000100
0.0000000100
0.0000000100
0.0000000100
0.0000000100
0.0000000100
0.0000000100
0.0000000100
0.0000000100
0.0000000100
0.0000000100
0.0000000100
0.0000000100
0.0000000100
0.0000000100
0.0000000100
0.0000000100
0.0000000100
0.0000000100
0.0000000100
0.0000000100
0.0000000100
0.0000000100
0.0000000100
0.0000000100
0.0000000100
0.0000000100
0.0000000100
0.0000000100
0.0000000100
0.0000000100
0.0000000100
0.0000000100
0.0000000100
0.0000000100
0.0000000100
0.0000000100
0.0000000100
0.0000000100
0.0000000100
0.0000000100
0.0000000100
0.0000000100
0.0000000100
0.0000000100
0.0000000100
0.0000000100
0.0000000100
0.0000000100
0.0000000100
0.0000000100
0.0000000100
0.0000000100
0.0000000100
0.0000000100
0.0000000100
0.0000000100
0.0000000100
0.0000000100
0.0000000100
0.0000000100
0.0000000100
0.0000000100
0.0000000100
0.0000000100
0.0000000100
0.0000000100
0.0000000100
0.0000000100
0.0000000100
0.0000000100
0.0000000100
0.0000000100
0.0000000100
0.0000000100
0.0000000100
0.0000000100
0.0000000100
0.0000000100
0.0000000100
0.0000000100
0.0000000100
0.0000000100
0.0000000100
0.0000000100
0.0000000100
0.0000000100
0.0000000100
0.0000000100
0.0000000100
0.0000000100
0.0000000100
0.0000000100
0.0000000100
0.0000000100
0.0000000100
0.0000000100
0.0000000100
0.0000000100
0.0000000100
0.0000000100
0.0000000100
0.0000000100
0.0000000100
0.0000000100
0.0000000100
0.0000000100
0.0000000100
0.0000000100
0.0000000100
0.0000000100
0.0000000100
0.0000000100
0.0000000100
0.0000000100
0.0000000100
0.0000000100
0.0000000100
0.0000000100
0.0000000100
0.0000000100
0.0000000100
0.0000000100
0.0000000100
0.0000000100
0.0000000100
0.0000000100
0.0000000100
0.0000000100
0.0000000100
0.0000000100
0.0000000100
0.0000000100
0.0000000100
0.0000000100
0.0000000100
0.0000000100
0.0000000100
0.0000000100
0.0000000100
0.0000000100
0.0000000100
0.0000000100
0.0000000100
0.0000000100
0.0000000100
0.0000000100
0.0000000100
0.0000000100
0.0000000100
0.0000000100
0.0000000100
0.0000000100
0.0000000100
0.0000000100
0.0000000100
0.0000000100
0.0000000100
0.0000000100
0.0000000100
0.0000000100
0.0000000100
0.0000000100
0.0000000100
0.0000000100
0.0000000100
0.0000000100
0.0000000100
0.0000000100
0.0000000100
0.0000000100
0.0000000100
0.0000000100
0.0000000100
0.0000000100
0.0000000100
0.0000000100
0.0000000100
0.0000000100
0.0000000100
0.0000000100
0.0000000100
0.0000000100
0.0000000100
0.0000000100
0.0000000100
0.0000000100
0.0000000100
0.0000000100
0.0000000100
0.0000000100
0.0000000100
0.0000000100
0.0000000100
0.0000000100
0.0000000100
0.0000000100
0.0000000100
0.0000000100
0.0000000100
0.0000000100
0.0000000100
0.0000000100
0.0000000100
0.0000000100
0.0000000100
0.0000000100
0.0000000100
0.0000000100
0.0000000100
0.0000000100
0.0000000100
0.0000000100
0.0000000100
0.0000000100
0.0000000100
0.0000000100
0.0000000100
0.0000000100
0.0000000100
0.0000000100
0.0000000100
0.0000000100
0.0000000100
0.0000000100
0.0000000100
0.0000000100
0.0000000100
0.0000000100
0.0000000100
0.0000000100
0.0000000100
0.0000000100
0.0000000100
0.0000000100
0.0000000100
0.0000000100
0.0000000100
0.0000000100
0.0000000100
0.0000000100
0.0000000100
0.0000000100
0.0000000100
0.0000000100
0.0000000100
0.0000000100
0.0000000100
0.0000000100
0.0000000100
0.0000000100
0.0000000100
0.0000000100
0.0000000100
0.0000000100
0.0000000100
0.0000000100
0.0000000100
0.0000000100
0.0000000100
0.0000000100
0.0000000100
0.0000000100
0.0000000100
0.0000000100
0.0000000100
0.0000000100
0.0000000100
0.0000000100
0.0000000100
0.0000000100
0.0000000100
0.0000000100
0.0000000100
0.0000000100
0.0000000100
0.0000000100
0.0000000100
0.0000000100
0.0000000100
0.0000000100
0.0000000100
0.0000000100
0.0000000100
0.0000000100
0.0000000100
0.0000000100
0.0000000100
0.0000000100
0.0000000100
0.0000000100
0.0000000100
0.0000000100
0.0000000100
0.0000000100
0.0000000100
0.0000000100
0.0000000100
0.0000000100
0.0000000100
0.0000000100
0.0000000100
0.0000000100
0.0000000100
0.0000000100
0.0000000100
0.0000000100
0.0000000100
0.0000000100
0.0000000100
0.0000000100
0.0000000100
0.0000000100
0.0000000100
0.0000000100
0.0000000100
0.0000000100
0.0000000100
0.0000000100
0.0000000100
0.0000000100
0.0000000100
0.0000000100
0.0000000100
0.0000000100
0.0000000100
0.0000000100
0.0000000100
0.0000000100
0.0000000100
0.0000000100
0.0000000100
0.0000000100
0.0000000100
0.0000000100
0.0000000100
0.0000000100
0.0000000100
0.0000000100
0.0000000100
0.0000000100
0.0000000100
0.0000000100
0.0000000100
0.0000000100
0.0000000100
0.0000000100
0.0000000100
0.0000000100
0.0000000100
0.0000000100
0.0000000100
0.0000000100
0.0000000100
0.0000000100
0.0000000100
0.0000000100
0.0000000100
0.0000000100
0.0000000100
