1.0000000000
1.0000000000
1.0000000000
1.0000000000
1.0000000000
0.9983989326
1.0000000000
1.0000000000
1.0000000000
1.0000000000
1.0000000000
1.0000000000
1.0000000000
1.0000000000
1.0000000000
1.0000000000
0.9755837225
1.0000000000
1.0000000000
0.9561040694
0.9950633756
0.9593062041
0.9299533022
0.9902601734
0.9234156104
0.9625083389
0.9136757839
0.9170113409
0.9642428286
0.9251501001
0.9218145430
0.9251501001
0.8680453636
0.9364909940
0.8745830554
0.8632421614
0.8501667779
0.8289526351
0.8241494330
0.8118745831
0.8297531688
0.8567044696
0.8281521014
0.8289526351
0.8144096064
0.7907938626
0.7654436291
0.7719813209
0.7793195464
0.8110740494
0.7671781187
0.7817211474
0.8005336891
0.8126751167
0.7809206137
0.7743829219
0.7753168779
0.7320880587
0.7533022015
0.7378252168
0.7727818546
0.7499666444
0.6889926618
0.6987324883
0.6775183456
0.6653769179
0.6481654436
0.6604402935
0.6735156771
0.6685790527
0.6262841895
0.6441627752
0.6205470314
0.5790527018
0.6140093396
0.5838559039
0.5741160774
0.6245496998
0.1201200801
0.0860173449
0.1917278185
0.9202134757
0.8533689126
0.8713809206
0.8664442962
0.8436290861
0.8761841227
0.8795196798
0.8989993329
0.9006004003
0.8664442962
0.8485657105
0.8632421614
0.8616410941
0.8452301534
0.8160106738
0.8225483656
0.8388258839
0.8583055370
0.8632421614
0.8485657105
0.8680453636
0.8876584390
0.8713809206
0.8860573716
0.9348899266
0.8697798532
0.8941961308
0.8632421614
0.8354903269
0.8517678452
0.8811207472
0.8843228819
0.8697798532
0.9104736491
0.8664442962
0.8957971981
0.8795196798
0.8827218145
0.9267511674
0.8908605737
0.9315543696
0.9364909940
0.9218145430
0.9088725817
0.8892595063
0.9006004003
0.8811207472
0.9006004003
0.9593062041
0.8957971981
0.9120747165
0.9170113409
0.9706470981
0.9283522348
0.8811207472
0.9104736491
0.8729819880
0.8729819880
0.8583055370
0.9983989326
1.0000000000
0.9853235490
0.9593062041
0.9071380921
0.9396931288
0.9136757839
0.8973982655
0.8989993329
0.9055370247
0.8843228819
0.8469646431
0.8257505003
0.8257505003
0.8281521014
0.8485657105
0.8338892595
0.8713809206
0.8957971981
0.8924616411
0.8761841227
0.8533689126
0.8908605737
0.9055370247
0.9218145430
0.8713809206
0.8843228819
0.8567044696
0.8745830554
0.9170113409
0.9202134757
0.8811207472
0.8795196798
0.8517678452
0.8533689126
0.8924616411
0.9332888592
0.8664442962
0.8648432288
0.8632421614
0.8860573716
0.8924616411
0.9430286858
0.8795196798
0.8779186124
0.8860573716
0.8989993329
0.8664442962
0.8843228819
0.9152768512
0.9315543696
0.8989993329
0.8827218145
0.9315543696
0.9170113409
0.9104736491
0.8989993329
0.8616410941
0.8811207472
0.8827218145
0.9186124083
0.9039359573
0.9396931288
0.9218145430
0.8795196798
0.9299533022
0.9251501001
0.9414276184
0.8908605737
0.8860573716
0.9120747165
0.9104736491
0.9152768512
0.8843228819
0.8876584390
0.9104736491
0.9071380921
0.8452301534
0.8745830554
0.9478318879
0.8664442962
0.9120747165
0.8989993329
0.9120747165
0.8827218145
0.9055370247
0.8779186124
0.8533689126
0.9023348899
0.8795196798
0.8827218145
0.8957971981
0.8941961308
0.8892595063
0.8729819880
0.9170113409
0.8860573716
0.9006004003
0.8469646431
0.8297531688
0.8233488993
0.8200133422
0.8892595063
0.8485657105
0.8860573716
0.8779186124
0.8599066044
0.8843228819
0.8697798532
0.8713809206
0.8420280187
0.8761841227
0.8330887258
0.8452301534
0.8664442962
0.8551034023
0.8314876584
0.8811207472
0.8241494330
0.8485657105
0.8795196798
0.8599066044
0.8567044696
0.8452301534
0.8485657105
0.8941961308
0.8680453636
0.8330887258
0.8322881921
0.8632421614
0.8583055370
0.8876584390
0.8860573716
0.8729819880
0.9299533022
0.8860573716
0.8517678452
0.8632421614
0.8779186124
0.8436290861
0.8973982655
0.8583055370
0.9088725817
0.9071380921
0.8876584390
0.8860573716
0.8404269513
0.8843228819
0.8779186124
0.8314876584
0.8648432288
0.8680453636
0.8314876584
0.8648432288
0.8249499666
0.8648432288
0.8436290861
0.8616410941
0.9299533022
0.8680453636
0.8517678452
0.8795196798
0.8265510340
0.8485657105
0.8616410941
0.9170113409
0.8973982655
0.8729819880
0.8860573716
0.8713809206
0.8713809206
0.8265510340
0.8452301534
0.8452301534
0.8233488993
0.8144096064
0.8152101401
0.8176117412
0.7296864576
0.6937958639
0.6693795864
0.7068712475
0.7418278853
0.6995330220
0.6735156771
0.6588392262
0.6547031354
0.6864576384
0.6515010007
0.6336224149
0.6588392262
0.6727151434
0.6189459640
0.6824549700
0.6717811875
0.6270847231
0.5871914610
0.6172114743
0.5863909273
0.5765176785
0.6172114743
0.6172114743
0.5627751835
0.5480987325
0.5903935957
0.5651767845
0.5391594396
0.5643762508
0.5643762508
0.5463642428
0.5284856571
0.5627751835
0.5529019346
0.5537024683
0.5374249500
0.5138092061
0.5284856571
0.5179452969
0.4788525684
0.4405603736
0.4324216144
0.4389593062
0.4282855237
0.4592394930
0.4747164777
0.4405603736
0.1663775851
0.1015877252
0.0931420947
0.0922214810
0.6727151434
0.8648432288
0.8745830554
0.8713809206
0.8551034023
0.8632421614
0.8827218145
0.9642428286
0.9234156104
0.9315543696
0.9283522348
0.9136757839
0.8892595063
0.8697798532
0.8908605737
0.8924616411
0.8648432288
0.8973982655
0.9104736491
0.8908605737
0.9267511674
0.8941961308
0.9006004003
0.9348899266
0.9136757839
0.9511674450
0.9543695797
0.9561040694
0.9170113409
0.9055370247
0.8779186124
0.9561040694
0.9593062041
0.9642428286
0.9706470981
0.9755837225
0.9690460307
0.9593062041
0.9543695797
0.9593062041
0.9625083389
0.9055370247
0.9642428286
0.9511674450
0.9577051368
0.9478318879
0.9543695797
0.9771847899
0.9821214143
0.9918612408
1.0000000000
1.0000000000
1.0000000000
1.0000000000
1.0000000000
1.0000000000
1.0000000000
0.9967978652
1.0000000000
1.0000000000
1.0000000000
0.9755837225
1.0000000000
1.0000000000
1.0000000000
1.0000000000
0.3452968646
0.1039359573
0.1039359573
1.0000000000
0.8388258839
0.8184122748
0.8102735157
0.7622414943
0.8241494330
0.7825216811
0.8144096064
0.8338892595
0.8697798532
0.8134756504
0.8126751167
0.8281521014
0.8632421614
0.8102735157
0.8070713809
0.8404269513
0.8680453636
0.8989993329
0.8779186124
0.8533689126
0.8485657105
0.8973982655
0.9006004003
0.9088725817
0.9088725817
0.8843228819
0.8567044696
0.9234156104
0.8745830554
0.9071380921
0.9380920614
0.9396931288
0.9202134757
0.9283522348
0.9023348899
0.8354903269
0.8184122748
0.8469646431
0.8745830554
0.9170113409
0.8924616411
0.8697798532
0.9283522348
0.8924616411
0.8551034023
0.8779186124
0.9462308205
0.9364909940
0.9658438959
1.0000000000
0.9853235490
1.0000000000
0.9934623082
1.0000000000
0.9934623082
1.0000000000
0.9674449633
0.9787858572
0.9609072715
0.9283522348
0.9609072715
0.9120747165
0.0000000100
0.0000000100
0.0000000100
0.0000000100
0.0000000100
0.0000000100
0.0000000100
0.0000000100
0.0000000100
0.0000000100
0.0000000100
0.0000000100
0.0000000100
0.0000000100
0.0000000100
0.0000000100
0.0000000100
0.0000000100
0.0000000100
0.0000000100
0.0000000100
0.0000000100
0.0000000100
0.0000000100
0.0000000100
0.0000000100
0.0000000100
0.0000000100
0.0000000100
0.0000000100
0.0000000100
0.0000000100
0.0000000100
0.0000000100
0.0000000100
0.0000000100
0.0000000100
0.0000000100
0.0000000100
0.0000000100
0.0000000100
0.0000000100
0.0000000100
0.0000000100
0.0000000100
0.0000000100
0.0000000100
0.0000000100
0.0000000100
0.0000000100
0.0000000100
0.0000000100
0.0000000100
0.0000000100
0.0000000100
0.0000000100
0.0000000100
0.0000000100
0.0000000100
0.0000000100
0.0000000100
0.0000000100
0.0000000100
0.0000000100
0.0000000100
0.0000000100
0.0000000100
0.0000000100
0.0000000100
0.0000000100
0.0000000100
0.0000000100
0.0000000100
0.0000000100
0.0000000100
0.0000000100
0.0000000100
0.0000000100
0.0000000100
0.0000000100
0.0000000100
0.0000000100
0.0000000100
0.0000000100
0.0000000100
0.0000000100
0.0000000100
0.0000000100
0.0000000100
0.0000000100
0.0000000100
0.0000000100
0.0000000100
0.0000000100
0.0000000100
0.0000000100
0.0000000100
0.0000000100
0.0000000100
0.0000000100
0.0000000100
0.0000000100
0.0000000100
0.0000000100
0.0000000100
0.0000000100
0.0000000100
0.0000000100
0.0000000100
0.0000000100
0.0000000100
0.0000000100
0.0000000100
0.0000000100
0.0000000100
0.0000000100
0.0000000100
0.0000000100
0.0000000100
0.0000000100
0.0000000100
0.0000000100
0.0000000100
0.0000000100
0.0000000100
0.0000000100
0.0000000100
0.0000000100
0.0000000100
0.0000000100
0.0000000100
0.0000000100
0.0000000100
0.0000000100
0.0000000100
0.0000000100
0.0000000100
0.0000000100
0.0000000100
0.0000000100
0.0000000100
0.0000000100
0.0000000100
0.0000000100
0.0000000100
0.0000000100
0.0000000100
0.0000000100
0.0000000100
0.0000000100
0.0000000100
0.0000000100
0.0000000100
0.0000000100
0.0000000100
0.0000000100
0.0000000100
0.0000000100
0.0000000100
0.0000000100
0.0000000100
0.0000000100
0.0000000100
0.0000000100
0.0000000100
0.0000000100
0.0000000100
0.0000000100
0.0000000100
0.0000000100
0.0000000100
0.0000000100
0.0000000100
0.0000000100
0.0000000100
0.0000000100
0.0000000100
0.0000000100
0.0000000100
0.0000000100
0.0000000100
0.0000000100
0.0000000100
0.0000000100
0.0000000100
0.0000000100
0.0000000100
0.0000000100
0.0000000100
0.0000000100
0.0000000100
0.0000000100
0.0000000100
0.0000000100
0.0000000100
0.0000000100
0.0000000100
0.0000000100
0.0000000100
0.0000000100
0.0000000100
0.0000000100
0.0000000100
0.0000000100
0.0000000100
0.0000000100
0.0000000100
0.0000000100
0.0000000100
0.0000000100
0.0000000100
0.0000000100
0.0000000100
0.0000000100
0.0000000100
0.0000000100
0.0000000100
0.0000000100
0.0000000100
0.0000000100
0.0000000100
0.0000000100
0.0000000100
0.0000000100
0.0000000100
0.0000000100
0.0000000100
0.0000000100
0.0000000100
0.0000000100
0.0000000100
0.0000000100
0.0000000100
0.0000000100
0.0000000100
0.0000000100
0.0000000100
0.0000000100
0.0000000100
0.0000000100
0.0000000100
0.0000000100
0.0000000100
0.0000000100
0.0000000100
0.0000000100
0.0000000100
0.0000000100
0.0000000100
0.0000000100
0.0000000100
0.0000000100
0.0000000100
0.0000000100
0.0000000100
0.0000000100
0.0000000100
0.0000000100
0.0000000100
0.0000000100
0.0000000100
0.0000000100
0.0000000100
0.0000000100
0.0000000100
0.0000000100
0.0000000100
0.0000000100
0.0000000100
0.0000000100
0.0000000100
0.0000000100
0.0000000100
0.0000000100
0.0000000100
0.0000000100
0.0000000100
0.0000000100
0.0000000100
0.0000000100
0.0000000100
0.0000000100
0.0000000100
0.0000000100
0.0000000100
0.0000000100
0.0000000100
0.0000000100
0.0000000100
0.0000000100
0.0000000100
0.0000000100
0.0000000100
0.0000000100
0.0000000100
0.0000000100
0.0000000100
0.0000000100
0.0000000100
0.0000000100
0.0000000100
0.0000000100
0.0000000100
0.0000000100
0.0000000100
0.0000000100
0.0000000100
0.0000000100
0.0000000100
0.0000000100
0.0000000100
0.0000000100
0.0000000100
0.0000000100
0.0000000100
0.0000000100
0.0000000100
0.0000000100
0.0000000100
0.0000000100
0.0000000100
0.0000000100
0.0000000100
0.0000000100
0.0000000100
0.0000000100
0.0000000100
0.0000000100
0.0000000100
0.0000000100
0.0000000100
0.0000000100
0.0000000100
0.0000000100
0.0000000100
0.0000000100
0.0000000100
0.0000000100
0.0000000100
0.0000000100
0.0000000100
0.0000000100
0.0000000100
0.0000000100
0.0000000100
0.0000000100
0.0000000100
0.0000000100
0.0000000100
0.0000000100
0.0000000100
0.0000000100
0.0000000100
0.0000000100
0.0000000100
0.0000000100
0.0000000100
0.0000000100
0.0000000100
0.0000000100
0.0000000100
0.0000000100
0.0000000100
0.0000000100
0.0000000100
0.0000000100
0.0000000100
0.0000000100
