0.1606400000
0.1572266667
0.1598400000
0.1565866667
0.1600000000
0.1573866667
0.1609600000
0.1546133333
0.1550933333
0.1534933333
0.1533333333
0.1573866667
0.1600000000
0.1521600000
0.1624533333
0.1569066667
0.1708800000
0.1744533333
0.1728533333
0.1627733333
0.1629333333
0.1624533333
0.1600000000
0.1580266667
0.1665066667
0.1622933333
0.1663466667
0.1728533333
0.1663466667
0.1640533333
0.1643733333
0.1658666667
0.1683200000
0.1653866667
0.1679466667
0.1530133333
0.1538133333
0.1536533333
0.1557866667
0.1627733333
0.1917333333
0.1868266667
0.1580266667
0.1528533333
0.1397866667
0.1346133333
0.1339733333
0.1297066667
0.1362133333
0.1267733333
0.1248533333
0.1389866667
0.1352533333
0.1281066667
0.1264533333
0.1196266667
0.1189866667
0.1147200000
0.1147200000
0.1109866667
0.1043200000
0.0950400000
0.0971733333
0.0934400000
0.0991466667
0.0982933333
0.0942400000
0.0931200000
0.1041600000
0.0947200000
0.0925866667
0.0939200000
0.0916266667
0.0866133333
0.0875733333
0.0890133333
0.0829333333
0.0776533333
0.0756266667
0.0727466667
0.0741333333
0.0721600000
0.0729066667
0.0749333333
0.0741333333
0.0752533333
0.0708800000
0.0691733333
0.0690133333
0.0682666667
0.0725333333
0.0701333333
0.0693333333
0.0665066667
0.0698133333
0.0664000000
0.0702933333
0.0665600000
0.0645333333
0.0629866667
0.0665600000
0.0648000000
0.0625066667
0.0658133333
0.0606400000
0.0589866667
0.0617600000
0.0620800000
0.0634133333
0.0610133333
0.0654933333
0.0650133333
0.0651733333
0.0619200000
0.0650133333
0.0701333333
0.0609600000
0.0589866667
0.0606933333
0.0620266667
0.0638933333
0.0583466667
0.0584533333
0.0589866667
0.0606400000
0.0589333333
0.0579200000
0.0645333333
0.0678933333
0.0667200000
0.0680533333
0.0624000000
0.0617600000
0.0586133333
0.0611200000
0.0637866667
0.0635733333
0.0580266667
0.0585066667
0.0596266667
0.0615466667
0.0625066667
0.0642133333
0.0649600000
0.0675200000
0.0721066667
0.0656000000
0.0640533333
0.0677333333
0.0673066667
0.0683733333
0.0744000000
0.0699200000
0.0649600000
0.0738666667
0.0763200000
0.0792533333
0.0779733333
0.0740800000
0.0727466667
0.0763200000
0.0754133333
0.0794133333
0.0897066667
0.0913066667
0.0909866667
0.0950400000
0.0929600000
0.1001066667
0.0950400000
0.1036800000
0.1012266667
0.1001066667
0.1025600000
0.1121600000
0.1087466667
0.1062933333
0.1129600000
0.1123200000
0.1092266667
0.1199466667
0.1101866667
0.1158933333
0.1131200000
0.1176533333
0.1272533333
0.1266133333
0.1136000000
0.1160533333
0.1258133333
0.1243733333
0.1342933333
0.1321600000
0.1227200000
0.1245333333
0.1250133333
0.1414400000
0.1403200000
0.1394666667
0.1414400000
0.1386666667
0.1397866667
0.1401600000
0.1406400000
0.1377066667
0.1380266667
0.1391466667
0.1404800000
0.1427200000
0.1411200000
0.1425600000
0.1446933333
0.1430400000
0.1443733333
0.1474666667
0.1476266667
0.1471466667
0.1469866667
0.1484266667
0.1477866667
0.1490666667
0.1490666667
0.1508800000
0.1520000000
0.1635733333
0.1630933333
0.1650133333
0.1559466667
0.1555733333
0.1557866667
0.1573866667
0.1542933333
0.1569066667
0.1583466667
0.1596800000
0.1583466667
0.1608000000
0.1614400000
0.1683200000
0.1722133333
0.1744533333
0.1663466667
0.1661866667
0.1699200000
0.1734933333
0.1761066667
0.1813333333
0.1819733333
0.1819733333
0.1741333333
0.1748266667
0.1852266667
0.1810133333
0.1806400000
0.1751466667
0.1872000000
0.1757866667
0.1757866667
0.1770666667
0.1728533333
0.1810133333
0.1741333333
0.1748266667
0.1708800000
0.1725333333
0.1810133333
0.1780800000
0.1761066667
0.1764266667
0.1780800000
0.1796800000
0.1767466667
0.1803200000
0.1787200000
0.1806400000
0.1722133333
0.1754666667
0.1712000000
0.1718933333
0.1744533333
0.1722133333
0.1761066667
0.1796800000
0.1767466667
0.1793600000
0.1852266667
0.1784000000
0.1748266667
0.1845866667
0.1800000000
0.1734933333
0.1725333333
0.1705600000
0.1767466667
0.1888000000
0.1744533333
0.1725333333
0.1872000000
0.1780800000
0.1796800000
0.2044266667
0.1741333333
0.1734933333
0.1715733333
0.1773866667
0.1878400000
0.1962666667
0.1800000000
0.1696000000
0.1780800000
0.1793600000
0.1764266667
0.1692800000
0.1669866667
0.1652266667
0.1663466667
0.1773866667
0.1754666667
0.1673066667
0.1658666667
0.1612800000
0.1621333333
0.1757866667
0.1738133333
0.1673066667
0.1715733333
0.1673066667
0.1705600000
0.1634133333
0.1627733333
0.1611200000
0.1593600000
0.1712000000
0.1601600000
0.1590400000
0.1485866667
0.1508800000
0.1456533333
0.1448533333
0.1476266667
0.1463466667
0.1456533333
0.1370666667
0.1341333333
0.1329600000
0.1326400000
0.1320000000
0.1188266667
0.1185066667
0.1108266667
0.1108266667
0.1170133333
0.1083733333
0.1069333333
0.1043200000
0.0987733333
0.0997866667
0.1004266667
0.1002666667
0.0948800000
0.0955200000
0.0891733333
0.0886933333
0.0900266667
0.0942400000
0.0901866667
0.0924266667
0.0950400000
0.0963733333
0.0909866667
0.0984533333
0.0900266667
0.0872533333
0.0921066667
0.0848000000
0.0906666667
0.0901866667
0.0916266667
0.0903466667
0.0838400000
0.0870933333
0.0836800000
0.0792000000
0.0766400000
0.0774933333
0.0781866667
0.0759466667
0.0733333333
0.0778666667
0.0744000000
0.0708266667
0.0699200000
0.0708266667
0.0705600000
0.0711466667
0.0725866667
0.0771733333
0.0691733333
0.0711466667
0.0668800000
0.0713066667
0.0750933333
0.0658133333
0.0656533333
0.0665600000
0.0677333333
0.0669866667
0.0748800000
0.0777066667
0.0651733333
0.0739733333
0.0782933333
0.0819733333
0.0758400000
0.0790400000
0.0817066667
0.0798933333
0.0725866667
0.0715200000
0.0749333333
0.0738666667
0.0707200000
0.0742400000
0.0745600000
0.0723733333
0.0763200000
0.0716800000
0.0777066667
0.0676266667
0.0709866667
0.0775466667
0.0840000000
0.0894933333
0.0860800000
0.0909866667
0.0897066667
0.0924266667
0.0888533333
0.0911466667
0.0841600000
0.0867733333
0.0878933333
0.0960533333
0.0917866667
0.0911466667
0.0939200000
0.1002666667
0.0928000000
0.0936000000
0.0974933333
0.1129600000
0.1036800000
0.1067733333
0.1030400000
0.1048000000
0.1064533333
0.1123200000
0.1109866667
0.1227200000
0.1185066667
0.1202666667
0.1207466667
0.1227200000
0.1236800000
0.1339733333
0.1256533333
0.1290666667
0.1285866667
0.1277866667
0.1298666667
0.1326400000
0.1338133333
0.1344533333
0.1312000000
0.1332800000
0.1363733333
0.1370666667
0.1378666667
0.1372266667
0.1391466667
0.1403200000
0.1358933333
0.1385066667
0.1416000000
0.1443733333
0.1425600000
0.1502400000
0.1453333333
0.1561066667
0.1490666667
0.1533333333
0.1531733333
0.1536533333
0.1528533333
0.1476266667
0.1669866667
0.1585066667
0.1550933333
0.1652266667
0.1592000000
0.1676266667
0.1577066667
0.0000000100
0.0000000100
0.0000000100
0.0000000100
0.0000000100
0.0000000100
0.0000000100
0.0000000100
0.0000000100
0.0000000100
0.0000000100
0.0000000100
0.0000000100
0.0000000100
0.0000000100
0.0000000100
0.0000000100
0.0000000100
0.0000000100
0.0000000100
0.0000000100
0.0000000100
0.0000000100
0.0000000100
0.0000000100
0.0000000100
0.0000000100
0.0000000100
0.0000000100
0.0000000100
0.0000000100
0.0000000100
0.0000000100
0.0000000100
0.0000000100
0.0000000100
0.0000000100
0.0000000100
0.0000000100
0.0000000100
0.0000000100
0.0000000100
0.0000000100
0.0000000100
0.0000000100
0.0000000100
0.0000000100
0.0000000100
0.0000000100
0.0000000100
0.0000000100
0.0000000100
0.0000000100
0.0000000100
0.0000000100
0.0000000100
0.0000000100
0.0000000100
0.0000000100
0.0000000100
0.0000000100
0.0000000100
0.0000000100
0.0000000100
0.0000000100
0.0000000100
0.0000000100
0.0000000100
0.0000000100
0.0000000100
0.0000000100
0.0000000100
0.0000000100
0.0000000100
0.0000000100
0.0000000100
0.0000000100
0.0000000100
0.0000000100
0.0000000100
0.0000000100
0.0000000100
0.0000000100
0.0000000100
0.0000000100
0.0000000100
0.0000000100
0.0000000100
0.0000000100
0.0000000100
0.0000000100
0.0000000100
0.0000000100
0.0000000100
0.0000000100
0.0000000100
0.0000000100
0.0000000100
0.0000000100
0.0000000100
0.0000000100
0.0000000100
0.0000000100
0.0000000100
0.0000000100
0.0000000100
0.0000000100
0.0000000100
0.0000000100
0.0000000100
0.0000000100
0.0000000100
0.0000000100
0.0000000100
0.0000000100
0.0000000100
0.0000000100
0.0000000100
0.0000000100
0.0000000100
0.0000000100
0.0000000100
0.0000000100
0.0000000100
0.0000000100
0.0000000100
0.0000000100
0.0000000100
0.0000000100
0.0000000100
0.0000000100
0.0000000100
0.0000000100
0.0000000100
0.0000000100
0.0000000100
0.0000000100
0.0000000100
0.0000000100
0.0000000100
0.0000000100
0.0000000100
0.0000000100
0.0000000100
0.0000000100
0.0000000100
0.0000000100
0.0000000100
0.0000000100
0.0000000100
0.0000000100
0.0000000100
0.0000000100
0.0000000100
0.0000000100
0.0000000100
0.0000000100
0.0000000100
0.0000000100
0.0000000100
0.0000000100
0.0000000100
0.0000000100
0.0000000100
0.0000000100
0.0000000100
0.0000000100
0.0000000100
0.0000000100
0.0000000100
0.0000000100
0.0000000100
0.0000000100
0.0000000100
0.0000000100
0.0000000100
0.0000000100
0.0000000100
0.0000000100
0.0000000100
0.0000000100
0.0000000100
0.0000000100
0.0000000100
0.0000000100
0.0000000100
0.0000000100
0.0000000100
0.0000000100
0.0000000100
0.0000000100
0.0000000100
0.0000000100
0.0000000100
0.0000000100
0.0000000100
0.0000000100
0.0000000100
0.0000000100
0.0000000100
0.0000000100
0.0000000100
0.0000000100
0.0000000100
0.0000000100
0.0000000100
0.0000000100
0.0000000100
0.0000000100
0.0000000100
0.0000000100
0.0000000100
0.0000000100
0.0000000100
0.0000000100
0.0000000100
0.0000000100
0.0000000100
0.0000000100
0.0000000100
0.0000000100
0.0000000100
0.0000000100
0.0000000100
0.0000000100
0.0000000100
0.0000000100
0.0000000100
0.0000000100
0.0000000100
0.0000000100
0.0000000100
0.0000000100
0.0000000100
0.0000000100
0.0000000100
0.0000000100
0.0000000100
0.0000000100
0.0000000100
0.0000000100
0.0000000100
0.0000000100
0.0000000100
0.0000000100
0.0000000100
0.0000000100
0.0000000100
0.0000000100
0.0000000100
0.0000000100
0.0000000100
0.0000000100
0.0000000100
0.0000000100
0.0000000100
0.0000000100
0.0000000100
0.0000000100
0.0000000100
0.0000000100
0.0000000100
0.0000000100
0.0000000100
0.0000000100
0.0000000100
0.0000000100
0.0000000100
0.0000000100
0.0000000100
0.0000000100
0.0000000100
0.0000000100
0.0000000100
0.0000000100
0.0000000100
0.0000000100
0.0000000100
0.0000000100
0.0000000100
0.0000000100
0.0000000100
0.0000000100
0.0000000100
0.0000000100
0.0000000100
0.0000000100
0.0000000100
0.0000000100
0.0000000100
0.0000000100
0.0000000100
0.0000000100
0.0000000100
0.0000000100
0.0000000100
0.0000000100
0.0000000100
0.0000000100
0.0000000100
0.0000000100
0.0000000100
0.0000000100
0.0000000100
0.0000000100
0.0000000100
0.0000000100
0.0000000100
0.0000000100
0.0000000100
0.0000000100
0.0000000100
0.0000000100
0.0000000100
0.0000000100
0.0000000100
0.0000000100
0.0000000100
0.0000000100
0.0000000100
0.0000000100
0.0000000100
0.0000000100
0.0000000100
0.0000000100
0.0000000100
0.0000000100
0.0000000100
0.0000000100
0.0000000100
0.0000000100
0.0000000100
0.0000000100
0.0000000100
0.0000000100
0.0000000100
0.0000000100
0.0000000100
0.0000000100
0.0000000100
0.0000000100
0.0000000100
0.0000000100
0.0000000100
0.0000000100
0.0000000100
0.0000000100
0.0000000100
0.0000000100
0.0000000100
0.0000000100
0.0000000100
0.0000000100
0.0000000100
0.0000000100
0.0000000100
0.0000000100
0.0000000100
0.0000000100
0.0000000100
0.0000000100
0.0000000100
0.0000000100
0.0000000100
0.0000000100
0.0000000100
0.0000000100
0.0000000100
