0.8957971981
0.9218145430
0.8908605737
0.8827218145
0.8761841227
0.8779186124
0.8843228819
0.8811207472
0.8843228819
0.8761841227
0.8436290861
0.8876584390
0.8632421614
0.8941961308
0.9104736491
0.8664442962
0.8297531688
0.8941961308
0.9039359573
0.8517678452
0.8664442962
0.8370913943
0.8144096064
0.8583055370
0.8265510340
0.8388258839
0.8144096064
0.8648432288
0.9104736491
0.8583055370
0.8533689126
0.8338892595
0.7890593729
0.7753168779
0.7842561708
0.7842561708
0.7589059373
0.7312875250
0.6987324883
0.6799199466
0.7100733823
0.7352901935
0.7182121414
0.7255503669
0.7630420280
0.7491661107
0.7019346231
0.7060707138
0.6644429620
0.6808539026
0.6840560374
0.6937958639
0.7084723149
0.7060707138
0.6824549700
0.6709806538
0.6840560374
0.6588392262
0.6727151434
0.6433622415
0.6156104069
0.6237491661
0.5594396264
0.5977318212
0.5798532355
0.5667778519
0.5545030020
0.5709139426
0.5725150100
0.5895930620
0.5683789193
0.5854569713
0.5602401601
0.5334222815
0.5407605070
0.5268845897
0.5227484990
0.5187458306
0.1042294863
0.0791994663
0.1819879920
0.8533689126
0.7402268179
0.7557038025
0.7573048699
0.7255503669
0.7614409606
0.7654436291
0.7882588392
0.8005336891
0.7418278853
0.7215476985
0.7336891261
0.7035356905
0.7116744496
0.7174116077
0.7134089393
0.7451634423
0.7296864576
0.7507671781
0.7435623749
0.7671781187
0.7695797198
0.7557038025
0.7418278853
0.7825216811
0.7606404270
0.7614409606
0.7378252168
0.7239492995
0.7296864576
0.7989326217
0.8216144096
0.8216144096
0.7979986658
0.7923949300
0.8648432288
0.8144096064
0.8126751167
0.8086724483
0.7743829219
0.8005336891
0.7939959973
0.7989326217
0.8388258839
0.8144096064
0.7687791861
0.7769179453
0.7850567045
0.8297531688
0.7850567045
0.7785190127
0.7573048699
0.8216144096
0.8664442962
0.7769179453
0.7963975984
0.7866577718
0.7630420280
0.7979986658
0.8225483656
0.9006004003
0.8745830554
0.8452301534
0.7979986658
0.8314876584
0.8144096064
0.8045363576
0.8102735157
0.8102735157
0.7907938626
0.7630420280
0.7116744496
0.7507671781
0.8045363576
0.8061374249
0.7825216811
0.8029352902
0.7687791861
0.7711807872
0.8567044696
0.8281521014
0.8338892595
0.8322881921
0.8469646431
0.8005336891
0.7475650434
0.7671781187
0.7963975984
0.7979986658
0.8021347565
0.7809206137
0.7352901935
0.7557038025
0.8005336891
0.8281521014
0.8664442962
0.7769179453
0.7743829219
0.7785190127
0.7825216811
0.8265510340
0.8680453636
0.8184122748
0.8102735157
0.8354903269
0.8583055370
0.8225483656
0.7979986658
0.8184122748
0.8200133422
0.7671781187
0.7491661107
0.7711807872
0.7727818546
0.7866577718
0.7989326217
0.8176117412
0.8420280187
0.7769179453
0.7866577718
0.7769179453
0.7711807872
0.7866577718
0.8314876584
0.8908605737
0.7890593729
0.7866577718
0.7646430954
0.7630420280
0.7907938626
0.8061374249
0.7939959973
0.7743829219
0.7842561708
0.8160106738
0.8126751167
0.7451634423
0.7630420280
0.8061374249
0.7459639760
0.7695797198
0.7687791861
0.7743829219
0.7947965310
0.8761841227
0.8811207472
0.8102735157
0.8144096064
0.7882588392
0.7890593729
0.7654436291
0.7573048699
0.7517011341
0.7517011341
0.7743829219
0.7606404270
0.7687791861
0.7199466311
0.6921947965
0.7134089393
0.6987324883
0.7239492995
0.7134089393
0.7255503669
0.7280853903
0.6840560374
0.7255503669
0.7271514343
0.7280853903
0.7116744496
0.7174116077
0.7060707138
0.7280853903
0.7451634423
0.7320880587
0.7336891261
0.7671781187
0.6864576384
0.6937958639
0.7158105404
0.7044696464
0.7142094730
0.7142094730
0.7158105404
0.7711807872
0.7475650434
0.7060707138
0.7060707138
0.7533022015
0.7199466311
0.7336891261
0.7394262842
0.7215476985
0.7517011341
0.7557038025
0.7174116077
0.7352901935
0.7418278853
0.7606404270
0.7711807872
0.7312875250
0.7614409606
0.7533022015
0.7517011341
0.7785190127
0.7589059373
0.7711807872
0.7671781187
0.7142094730
0.7654436291
0.7695797198
0.7549032688
0.7116744496
0.6743162108
0.6783188793
0.6937958639
0.7142094730
0.7491661107
0.7809206137
0.8257505003
0.7134089393
0.7019346231
0.7255503669
0.7507671781
0.7907938626
0.7727818546
0.7654436291
0.7687791861
0.7573048699
0.7435623749
0.7084723149
0.7060707138
0.7060707138
0.7174116077
0.7116744496
0.7100733823
0.7271514343
0.6515010007
0.5741160774
0.5480987325
0.5602401601
0.5627751835
0.5292861908
0.5407605070
0.5308872582
0.5945296865
0.6254836558
0.5863909273
0.5725150100
0.5838559039
0.5879919947
0.5879919947
0.5854569713
0.5667778519
0.5757171448
0.5472981988
0.5187458306
0.4975316878
0.5056704470
0.5056704470
0.5211474316
0.5048699133
0.4975316878
0.5195463642
0.4959306204
0.4959306204
0.4641761174
0.4429619746
0.4641761174
0.4503002001
0.4226817879
0.4478985991
0.4185456971
0.4600400267
0.4112074716
0.3921280854
0.3933288859
0.3794529686
0.3891927952
0.3794529686
0.3875917278
0.3961307538
0.4185456971
0.3754503002
0.3685123416
0.1501000667
0.1014943296
0.1014943296
0.0986390927
0.6669779853
0.8583055370
0.8338892595
0.7947965310
0.8005336891
0.8126751167
0.8354903269
0.8664442962
0.8388258839
0.8322881921
0.8184122748
0.8160106738
0.7907938626
0.7654436291
0.8061374249
0.8184122748
0.7907938626
0.8297531688
0.8388258839
0.8225483656
0.8322881921
0.7939959973
0.8061374249
0.8599066044
0.8452301534
0.8779186124
0.8533689126
0.8265510340
0.8126751167
0.8388258839
0.8216144096
0.8795196798
0.8045363576
0.8126751167
0.8265510340
0.8485657105
0.8517678452
0.8827218145
0.9332888592
0.9934623082
0.9609072715
0.8144096064
0.8485657105
0.8517678452
0.8827218145
0.8388258839
0.8420280187
0.8729819880
0.8664442962
0.8729819880
0.8485657105
0.8273515677
0.8745830554
0.8908605737
0.8892595063
0.8664442962
0.8860573716
0.8469646431
0.8567044696
0.9055370247
0.9332888592
0.9396931288
0.8989993329
0.8779186124
0.8761841227
0.8583055370
0.3070046698
0.0889659773
0.0933422282
0.8680453636
0.7142094730
0.6644429620
0.6588392262
0.6237491661
0.6963308873
0.6783188793
0.7199466311
0.7475650434
0.7785190127
0.7223482322
0.7271514343
0.6921947965
0.7280853903
0.7060707138
0.7100733823
0.7435623749
0.7842561708
0.7491661107
0.7271514343
0.7174116077
0.7410273516
0.7687791861
0.7947965310
0.8257505003
0.7939959973
0.7671781187
0.7573048699
0.8118745831
0.7923949300
0.8126751167
0.8257505003
0.8144096064
0.8021347565
0.7989326217
0.7979986658
0.7352901935
0.7296864576
0.7711807872
0.7517011341
0.7866577718
0.7825216811
0.7809206137
0.8257505003
0.7963975984
0.7533022015
0.7336891261
0.7809206137
0.7654436291
0.7963975984
0.8533689126
0.8632421614
0.9006004003
0.8957971981
0.8827218145
0.8420280187
0.8811207472
0.8297531688
0.8225483656
0.8338892595
0.8086724483
0.8354903269
0.8021347565
0.0000000100
0.0000000100
0.0000000100
0.0000000100
0.0000000100
0.0000000100
0.0000000100
0.0000000100
0.0000000100
0.0000000100
0.0000000100
0.0000000100
0.0000000100
0.0000000100
0.0000000100
0.0000000100
0.0000000100
0.0000000100
0.0000000100
0.0000000100
0.0000000100
0.0000000100
0.0000000100
0.0000000100
0.0000000100
0.0000000100
0.0000000100
0.0000000100
0.0000000100
0.0000000100
0.0000000100
0.0000000100
0.0000000100
0.0000000100
0.0000000100
0.0000000100
0.0000000100
0.0000000100
0.0000000100
0.0000000100
0.0000000100
0.0000000100
0.0000000100
0.0000000100
0.0000000100
0.0000000100
0.0000000100
0.0000000100
0.0000000100
0.0000000100
0.0000000100
0.0000000100
0.0000000100
0.0000000100
0.0000000100
0.0000000100
0.0000000100
0.0000000100
0.0000000100
0.0000000100
0.0000000100
0.0000000100
0.0000000100
0.0000000100
0.0000000100
0.0000000100
0.0000000100
0.0000000100
0.0000000100
0.0000000100
0.0000000100
0.0000000100
0.0000000100
0.0000000100
0.0000000100
0.0000000100
0.0000000100
0.0000000100
0.0000000100
0.0000000100
0.0000000100
0.0000000100
0.0000000100
0.0000000100
0.0000000100
0.0000000100
0.0000000100
0.0000000100
0.0000000100
0.0000000100
0.0000000100
0.0000000100
0.0000000100
0.0000000100
0.0000000100
0.0000000100
0.0000000100
0.0000000100
0.0000000100
0.0000000100
0.0000000100
0.0000000100
0.0000000100
0.0000000100
0.0000000100
0.0000000100
0.0000000100
0.0000000100
0.0000000100
0.0000000100
0.0000000100
0.0000000100
0.0000000100
0.0000000100
0.0000000100
0.0000000100
0.0000000100
0.0000000100
0.0000000100
0.0000000100
0.0000000100
0.0000000100
0.0000000100
0.0000000100
0.0000000100
0.0000000100
0.0000000100
0.0000000100
0.0000000100
0.0000000100
0.0000000100
0.0000000100
0.0000000100
0.0000000100
0.0000000100
0.0000000100
0.0000000100
0.0000000100
0.0000000100
0.0000000100
0.0000000100
0.0000000100
0.0000000100
0.0000000100
0.0000000100
0.0000000100
0.0000000100
0.0000000100
0.0000000100
0.0000000100
0.0000000100
0.0000000100
0.0000000100
0.0000000100
0.0000000100
0.0000000100
0.0000000100
0.0000000100
0.0000000100
0.0000000100
0.0000000100
0.0000000100
0.0000000100
0.0000000100
0.0000000100
0.0000000100
0.0000000100
0.0000000100
0.0000000100
0.0000000100
0.0000000100
0.0000000100
0.0000000100
0.0000000100
0.0000000100
0.0000000100
0.0000000100
0.0000000100
0.0000000100
0.0000000100
0.0000000100
0.0000000100
0.0000000100
0.0000000100
0.0000000100
0.0000000100
0.0000000100
0.0000000100
0.0000000100
0.0000000100
0.0000000100
0.0000000100
0.0000000100
0.0000000100
0.0000000100
0.0000000100
0.0000000100
0.0000000100
0.0000000100
0.0000000100
0.0000000100
0.0000000100
0.0000000100
0.0000000100
0.0000000100
0.0000000100
0.0000000100
0.0000000100
0.0000000100
0.0000000100
0.0000000100
0.0000000100
0.0000000100
0.0000000100
0.0000000100
0.0000000100
0.0000000100
0.0000000100
0.0000000100
0.0000000100
0.0000000100
0.0000000100
0.0000000100
0.0000000100
0.0000000100
0.0000000100
0.0000000100
0.0000000100
0.0000000100
0.0000000100
0.0000000100
0.0000000100
0.0000000100
0.0000000100
0.0000000100
0.0000000100
0.0000000100
0.0000000100
0.0000000100
0.0000000100
0.0000000100
0.0000000100
0.0000000100
0.0000000100
0.0000000100
0.0000000100
0.0000000100
0.0000000100
0.0000000100
0.0000000100
0.0000000100
0.0000000100
0.0000000100
0.0000000100
0.0000000100
0.0000000100
0.0000000100
0.0000000100
0.0000000100
0.0000000100
0.0000000100
0.0000000100
0.0000000100
0.0000000100
0.0000000100
0.0000000100
0.0000000100
0.0000000100
0.0000000100
0.0000000100
0.0000000100
0.0000000100
0.0000000100
0.0000000100
0.0000000100
0.0000000100
0.0000000100
0.0000000100
0.0000000100
0.0000000100
0.0000000100
0.0000000100
0.0000000100
0.0000000100
0.0000000100
0.0000000100
0.0000000100
0.0000000100
0.0000000100
0.0000000100
0.0000000100
0.0000000100
0.0000000100
0.0000000100
0.0000000100
0.0000000100
0.0000000100
0.0000000100
0.0000000100
0.0000000100
0.0000000100
0.0000000100
0.0000000100
0.0000000100
0.0000000100
0.0000000100
0.0000000100
0.0000000100
0.0000000100
0.0000000100
0.0000000100
0.0000000100
0.0000000100
0.0000000100
0.0000000100
0.0000000100
0.0000000100
0.0000000100
0.0000000100
0.0000000100
0.0000000100
0.0000000100
0.0000000100
0.0000000100
0.0000000100
0.0000000100
0.0000000100
0.0000000100
0.0000000100
0.0000000100
0.0000000100
0.0000000100
0.0000000100
0.0000000100
0.0000000100
0.0000000100
0.0000000100
0.0000000100
0.0000000100
0.0000000100
0.0000000100
0.0000000100
0.0000000100
0.0000000100
0.0000000100
0.0000000100
0.0000000100
0.0000000100
0.0000000100
0.0000000100
0.0000000100
0.0000000100
0.0000000100
0.0000000100
0.0000000100
0.0000000100
0.0000000100
0.0000000100
0.0000000100
0.0000000100
0.0000000100
0.0000000100
0.0000000100
0.0000000100
0.0000000100
0.0000000100
0.0000000100
0.0000000100
