0.0897066667
0.0831466667
0.0911466667
0.0891733333
0.0872533333
0.0787200000
0.0782933333
0.0813866667
0.0836800000
0.0812800000
0.0903466667
0.0840000000
0.0830933333
0.0817066667
0.0841600000
0.0803200000
0.0782933333
0.0840000000
0.0822933333
0.0787733333
0.0856000000
0.0810666667
0.0875733333
0.0917866667
0.0770666667
0.0823466667
0.0753600000
0.0804800000
0.0796800000
0.0769600000
0.0728533333
0.0704000000
0.0725333333
0.0753600000
0.0733866667
0.0681066667
0.0609600000
0.0677333333
0.0665066667
0.0638933333
0.0610133333
0.0592533333
0.0553600000
0.0554133333
0.0535466667
0.0490720000
0.0463040000
0.0507786667
0.0501280000
0.0396746667
0.0422346667
0.0404053333
0.0381653333
0.0371520000
0.0340586667
0.0353173333
0.0300693333
0.0297866667
0.0305973333
0.0343040000
0.0273013333
0.0268160000
0.0224213333
0.0205493333
0.0224586667
0.0201600000
0.0184320000
0.0174986667
0.0167626667
0.0153173333
0.0161120000
0.0176373333
0.0141173333
0.0159893333
0.0118826667
0.0129600000
0.0130826667
0.0114133333
0.0119413333
0.0081386667
0.0127946667
0.0090346667
0.0135520000
0.0131413333
0.0103040000
0.0098240000
0.0120640000
0.0128800000
0.0124906667
0.0108426667
0.0091946667
0.0111893333
0.0118026667
0.0081066667
0.0086240000
0.0086186667
0.0098560000
0.0086346667
0.0086346667
0.0079626667
0.0091840000
0.0070613333
0.0081600000
0.0087573333
0.0076480000
0.0074986667
0.0087786667
0.0104373333
0.0065226667
0.0075466667
0.0058773333
0.0066026667
0.0061440000
0.0075893333
0.0074880000
0.0075680000
0.0065226667
0.0065386667
0.0090240000
0.0057600000
0.0065226667
0.0071093333
0.0087893333
0.0066826667
0.0117813333
0.0106400000
0.0092960000
0.0096213333
0.0090720000
0.0106186667
0.0094080000
0.0100320000
0.0127360000
0.0105173333
0.0126560000
0.0124533333
0.0103733333
0.0128800000
0.0140800000
0.0128160000
0.0162986667
0.0127146667
0.0146080000
0.0141386667
0.0120213333
0.0130186667
0.0160906667
0.0158293333
0.0146666667
0.0193280000
0.0150346667
0.0156053333
0.0175573333
0.0227466667
0.0223786667
0.0225013333
0.0243306667
0.0200800000
0.0248640000
0.0241280000
0.0291733333
0.0438613333
0.0428053333
0.0500480000
0.0540266667
0.0549866667
0.0557333333
0.0565333333
0.0529760000
0.0563733333
0.0601600000
0.0617066667
0.0580800000
0.0584533333
0.0626666667
0.0648000000
0.0667200000
0.0709866667
0.0690666667
0.0691733333
0.0654933333
0.0694933333
0.0675200000
0.0792533333
0.0760000000
0.0741333333
0.0752000000
0.0747733333
0.0784533333
0.0747733333
0.0763200000
0.0775466667
0.0768000000
0.0787200000
0.0780266667
0.0768000000
0.0806400000
0.0816000000
0.0838400000
0.0866133333
0.0859200000
0.0815466667
0.0848000000
0.0882133333
0.0883733333
0.0917866667
0.0973333333
0.0913066667
0.0953600000
0.0909866667
0.0970133333
0.0931200000
0.1032000000
0.0994666667
0.0947200000
0.1020266667
0.0956800000
0.0982933333
0.1121600000
0.1124800000
0.1095466667
0.1197866667
0.1132800000
0.1046400000
0.1007466667
0.1523200000
0.2386133333
0.2536000000
0.2844800000
0.2740800000
0.2278400000
0.1334400000
0.0851200000
0.0835200000
0.0732266667
0.0811200000
0.0782933333
0.0840000000
0.0810666667
0.0804800000
0.0828266667
0.0789333333
0.0773333333
0.0687466667
0.0781333333
0.0758400000
0.0797333333
0.0804800000
0.0804266667
0.0807466667
0.0857600000
0.0872533333
0.0859200000
0.0848000000
0.0795733333
0.0829866667
0.0875733333
0.0851200000
0.0809066667
0.0838400000
0.0768000000
0.0816000000
0.0803200000
0.0815466667
0.0775466667
0.0809600000
0.0779733333
0.0746133333
0.0782933333
0.0826666667
0.0869333333
0.0852800000
0.0888533333
0.0948800000
0.0911466667
0.0835200000
0.0913066667
0.0952000000
0.0950400000
0.0905066667
0.0897066667
0.1004266667
0.0984533333
0.1066133333
0.0952000000
0.0997866667
0.1022400000
0.1024000000
0.1022400000
0.1046400000
0.1001066667
0.0986133333
0.1024000000
0.1041600000
0.0971733333
0.1009066667
0.1059733333
0.1087466667
0.1074133333
0.1168533333
0.1120000000
0.1188266667
0.1196266667
0.1173333333
0.1097066667
0.1166933333
0.1185066667
0.1051200000
0.1095466667
0.1121600000
0.1113066667
0.1080533333
0.1087466667
0.1036800000
0.0979733333
0.0950400000
0.0987733333
0.0840000000
0.0818666667
0.0844800000
0.0814400000
0.0771733333
0.0733333333
0.0702933333
0.0645333333
0.0715200000
0.0664000000
0.0698133333
0.0637333333
0.0677333333
0.0640533333
0.0651733333
0.0632533333
0.0610133333
0.0547733333
0.0476906667
0.0467946667
0.0499680000
0.0433760000
0.0475253333
0.0431306667
0.0480160000
0.0425600000
0.0432106667
0.0370293333
0.0343413333
0.0334080000
0.0282400000
0.0269760000
0.0304373333
0.0264053333
0.0268160000
0.0241280000
0.0237226667
0.0222560000
0.0182293333
0.0178400000
0.0198186667
0.0157280000
0.0143413333
0.0128800000
0.0143840000
0.0111680000
0.0112693333
0.0124533333
0.0130826667
0.0140800000
0.0166026667
0.0121866667
0.0141813333
0.0138933333
0.0100586667
0.0138133333
0.0098346667
0.0110880000
0.0092480000
0.0094293333
0.0126773333
0.0107626667
0.0096426667
0.0105600000
0.0093600000
0.0089120000
0.0081386667
0.0097066667
0.0104053333
0.0097066667
0.0089600000
0.0064693333
0.0071626667
0.0065600000
0.0060746667
0.0083306667
0.0076906667
0.0077920000
0.0082293333
0.0074666667
0.0072213333
0.0079573333
0.0009968000
0.0007936000
0.0022581333
0.0038096000
0.0074453333
0.0078346667
0.0101226667
0.0085760000
0.0100800000
0.0061760000
0.0055466667
0.0089226667
0.0087200000
0.0085120000
0.0086453333
0.0067840000
0.0081706667
0.0078133333
0.0089813333
0.0087200000
0.0085066667
0.0087573333
0.0135093333
0.0128160000
0.0087680000
0.0109066667
0.0125706667
0.0106613333
0.0158506667
0.0125333333
0.0137920000
0.0126346667
0.0113706667
0.0141013333
0.0139146667
0.0134080000
0.0149333333
0.0138346667
0.0150560000
0.0145280000
0.0137333333
0.0183306667
0.0198186667
0.0192266667
0.0212426667
0.0203680000
0.0196320000
0.0211573333
0.0217706667
0.0204693333
0.0239680000
0.0262453333
0.0195093333
0.0255520000
0.0248640000
0.0270186667
0.0286453333
0.0266133333
0.0276266667
0.0308853333
0.0286453333
0.0327946667
0.0323893333
0.0331200000
0.0367413333
0.0351573333
0.0307200000
0.0327146667
0.0408960000
0.0361333333
0.0322666667
0.0368266667
0.0354026667
0.0370666667
0.0376373333
0.0402026667
0.0389813333
0.0384106667
0.0385760000
0.0401226667
0.0400000000
0.0410986667
0.0408960000
0.0428053333
0.0427253333
0.0402026667
0.0415466667
0.0424000000
0.0417493333
0.0448426667
0.0448426667
0.0440266667
0.0446773333
0.0441066667
0.0445973333
0.0465493333
0.0506986667
0.0489120000
0.0450826667
0.0451680000
0.0427253333
0.0454933333
0.0513493333
0.0000000100
0.0000000100
0.0000000100
0.0000000100
0.0000000100
0.0000000100
0.0000000100
0.0000000100
0.0000000100
0.0000000100
0.0000000100
0.0000000100
0.0000000100
0.0000000100
0.0000000100
0.0000000100
0.0000000100
0.0000000100
0.0000000100
0.0000000100
0.0000000100
0.0000000100
0.0000000100
0.0000000100
0.0000000100
0.0000000100
0.0000000100
0.0000000100
0.0000000100
0.0000000100
0.0000000100
0.0000000100
0.0000000100
0.0000000100
0.0000000100
0.0000000100
0.0000000100
0.0000000100
0.0000000100
0.0000000100
0.0000000100
0.0000000100
0.0000000100
0.0000000100
0.0000000100
0.0000000100
0.0000000100
0.0000000100
0.0000000100
0.0000000100
0.0000000100
0.0000000100
0.0000000100
0.0000000100
0.0000000100
0.0000000100
0.0000000100
0.0000000100
0.0000000100
0.0000000100
0.0000000100
0.0000000100
0.0000000100
0.0000000100
0.0000000100
0.0000000100
0.0000000100
0.0000000100
0.0000000100
0.0000000100
0.0000000100
0.0000000100
0.0000000100
0.0000000100
0.0000000100
0.0000000100
0.0000000100
0.0000000100
0.0000000100
0.0000000100
0.0000000100
0.0000000100
0.0000000100
0.0000000100
0.0000000100
0.0000000100
0.0000000100
0.0000000100
0.0000000100
0.0000000100
0.0000000100
0.0000000100
0.0000000100
0.0000000100
0.0000000100
0.0000000100
0.0000000100
0.0000000100
0.0000000100
0.0000000100
0.0000000100
0.0000000100
0.0000000100
0.0000000100
0.0000000100
0.0000000100
0.0000000100
0.0000000100
0.0000000100
0.0000000100
0.0000000100
0.0000000100
0.0000000100
0.0000000100
0.0000000100
0.0000000100
0.0000000100
0.0000000100
0.0000000100
0.0000000100
0.0000000100
0.0000000100
0.0000000100
0.0000000100
0.0000000100
0.0000000100
0.0000000100
0.0000000100
0.0000000100
0.0000000100
0.0000000100
0.0000000100
0.0000000100
0.0000000100
0.0000000100
0.0000000100
0.0000000100
0.0000000100
0.0000000100
0.0000000100
0.0000000100
0.0000000100
0.0000000100
0.0000000100
0.0000000100
0.0000000100
0.0000000100
0.0000000100
0.0000000100
0.0000000100
0.0000000100
0.0000000100
0.0000000100
0.0000000100
0.0000000100
0.0000000100
0.0000000100
0.0000000100
0.0000000100
0.0000000100
0.0000000100
0.0000000100
0.0000000100
0.0000000100
0.0000000100
0.0000000100
0.0000000100
0.0000000100
0.0000000100
0.0000000100
0.0000000100
0.0000000100
0.0000000100
0.0000000100
0.0000000100
0.0000000100
0.0000000100
0.0000000100
0.0000000100
0.0000000100
0.0000000100
0.0000000100
0.0000000100
0.0000000100
0.0000000100
0.0000000100
0.0000000100
0.0000000100
0.0000000100
0.0000000100
0.0000000100
0.0000000100
0.0000000100
0.0000000100
0.0000000100
0.0000000100
0.0000000100
0.0000000100
0.0000000100
0.0000000100
0.0000000100
0.0000000100
0.0000000100
0.0000000100
0.0000000100
0.0000000100
0.0000000100
0.0000000100
0.0000000100
0.0000000100
0.0000000100
0.0000000100
0.0000000100
0.0000000100
0.0000000100
0.0000000100
0.0000000100
0.0000000100
0.0000000100
0.0000000100
0.0000000100
0.0000000100
0.0000000100
0.0000000100
0.0000000100
0.0000000100
0.0000000100
0.0000000100
0.0000000100
0.0000000100
0.0000000100
0.0000000100
0.0000000100
0.0000000100
0.0000000100
0.0000000100
0.0000000100
0.0000000100
0.0000000100
0.0000000100
0.0000000100
0.0000000100
0.0000000100
0.0000000100
0.0000000100
0.0000000100
0.0000000100
0.0000000100
0.0000000100
0.0000000100
0.0000000100
0.0000000100
0.0000000100
0.0000000100
0.0000000100
0.0000000100
0.0000000100
0.0000000100
0.0000000100
0.0000000100
0.0000000100
0.0000000100
0.0000000100
0.0000000100
0.0000000100
0.0000000100
0.0000000100
0.0000000100
0.0000000100
0.0000000100
0.0000000100
0.0000000100
0.0000000100
0.0000000100
0.0000000100
0.0000000100
0.0000000100
0.0000000100
0.0000000100
0.0000000100
0.0000000100
0.0000000100
0.0000000100
0.0000000100
0.0000000100
0.0000000100
0.0000000100
0.0000000100
0.0000000100
0.0000000100
0.0000000100
0.0000000100
0.0000000100
0.0000000100
0.0000000100
0.0000000100
0.0000000100
0.0000000100
0.0000000100
0.0000000100
0.0000000100
0.0000000100
0.0000000100
0.0000000100
0.0000000100
0.0000000100
0.0000000100
0.0000000100
0.0000000100
0.0000000100
0.0000000100
0.0000000100
0.0000000100
0.0000000100
0.0000000100
0.0000000100
0.0000000100
0.0000000100
0.0000000100
0.0000000100
0.0000000100
0.0000000100
0.0000000100
0.0000000100
0.0000000100
0.0000000100
0.0000000100
0.0000000100
0.0000000100
0.0000000100
0.0000000100
0.0000000100
0.0000000100
0.0000000100
0.0000000100
0.0000000100
0.0000000100
0.0000000100
0.0000000100
0.0000000100
0.0000000100
0.0000000100
0.0000000100
0.0000000100
0.0000000100
0.0000000100
0.0000000100
0.0000000100
0.0000000100
0.0000000100
0.0000000100
0.0000000100
0.0000000100
0.0000000100
0.0000000100
0.0000000100
0.0000000100
0.0000000100
0.0000000100
0.0000000100
0.0000000100
0.0000000100
0.0000000100
0.0000000100
0.0000000100
0.0000000100
0.0000000100
0.0000000100
