0.5644800000
0.5673600000
0.5693600000
0.5673600000
0.5634400000
0.5664000000
0.5634400000
0.5644800000
0.5605600000
0.5644800000
0.5624800000
0.5605600000
0.5576000000
0.5576000000
0.5624800000
0.5566400000
0.5585600000
0.5615200000
0.5654400000
0.5654400000
0.5624800000
0.5624800000
0.5615200000
0.5596000000
0.5576000000
0.5615200000
0.5624800000
0.5615200000
0.5615200000
0.5615200000
0.5703200000
0.5605600000
0.5634400000
0.5624800000
0.5634400000
0.5605600000
0.5615200000
0.5605600000
0.5644800000
0.5673600000
0.5683200000
0.5624800000
0.5624800000
0.5644800000
0.5634400000
0.5615200000
0.5576000000
0.5576000000
0.5576000000
0.5585600000
0.5644800000
0.5605600000
0.5605600000
0.5576000000
0.5547200000
0.5556800000
0.5536800000
0.5547200000
0.5547200000
0.5556800000
0.5517600000
0.5566400000
0.5585600000
0.5566400000
0.5536800000
0.5576000000
0.5536800000
0.5517600000
0.5508000000
0.5508000000
0.5488000000
0.5517600000
0.5517600000
0.5478400000
0.5478400000
0.5478400000
0.5439200000
0.5449600000
0.5410400000
0.5439200000
0.5420000000
0.5410400000
0.5410400000
0.5410400000
0.5390400000
0.5400000000
0.5380800000
0.5341600000
0.5361600000
0.5332000000
0.5322400000
0.5312800000
0.5322400000
0.5361600000
0.5332000000
0.5332000000
0.5302400000
0.5332000000
0.5341600000
0.5341600000
0.5439200000
0.5410400000
0.5361600000
0.5361600000
0.5371200000
0.5380800000
0.5302400000
0.5292800000
0.5273600000
0.5292800000
0.5273600000
0.5283200000
0.5292800000
0.5264000000
0.5273600000
0.5264000000
0.5253600000
0.5273600000
0.5264000000
0.5283200000
0.5273600000
0.5273600000
0.5283200000
0.5253600000
0.5244000000
0.5224800000
0.5224800000
0.5253600000
0.5253600000
0.5234400000
0.5234400000
0.5234400000
0.5264000000
0.5253600000
0.5264000000
0.5264000000
0.5253600000
0.5264000000
0.5273600000
0.5273600000
0.5244000000
0.5253600000
0.5264000000
0.5312800000
0.5292800000
0.5292800000
0.5283200000
0.5292800000
0.5273600000
0.5283200000
0.5302400000
0.5322400000
0.5322400000
0.5361600000
0.5332000000
0.5351200000
0.5361600000
0.5371200000
0.5390400000
0.5390400000
0.5380800000
0.5371200000
0.5361600000
0.5400000000
0.5390400000
0.5361600000
0.5244000000
0.5556800000
0.5410400000
0.5468800000
0.5439200000
0.5439200000
0.5410400000
0.5429600000
0.5410400000
0.5429600000
0.5429600000
0.5449600000
0.5390400000
0.5429600000
0.5390400000
0.5400000000
0.5429600000
0.5439200000
0.5517600000
0.5536800000
0.5508000000
0.5517600000
0.5508000000
0.5488000000
0.5498400000
0.5508000000
0.5478400000
0.5508000000
0.5498400000
0.5498400000
0.5820000000
0.5527200000
0.5517600000
0.5547200000
0.5547200000
0.5547200000
0.5527200000
0.5536800000
0.5498400000
0.5527200000
0.5547200000
0.5556800000
0.5517600000
0.5536800000
0.5547200000
0.5517600000
0.5566400000
0.5547200000
0.5556800000
0.5556800000
0.5556800000
0.5615200000
0.5634400000
0.5547200000
0.5576000000
0.5634400000
0.5605600000
0.5624800000
0.5596000000
0.5624800000
0.5566400000
0.5527200000
0.5536800000
0.5576000000
0.5576000000
0.5634400000
0.5596000000
0.5547200000
0.5605600000
0.5644800000
0.5664000000
0.5703200000
0.5683200000
0.5654400000
0.5673600000
0.5703200000
0.5673600000
0.5644800000
0.5683200000
0.5722400000
0.5732800000
0.5732800000
0.5752000000
0.5673600000
0.5673600000
0.5644800000
0.5654400000
0.5644800000
0.5664000000
0.5654400000
0.5673600000
0.5683200000
0.5781600000
0.5722400000
0.5703200000
0.5761600000
0.5693600000
0.5732800000
0.5800800000
0.5752000000
0.5712800000
0.5712800000
0.5752000000
0.5781600000
0.5722400000
0.5722400000
0.5722400000
0.5761600000
0.5781600000
0.5752000000
0.5722400000
0.5634400000
0.5547200000
0.5585600000
0.5830400000
0.5859200000
0.5956800000
0.5605600000
0.5556800000
0.5576000000
0.5761600000
0.5810400000
0.5771200000
0.5664000000
0.5585600000
0.5605600000
0.5615200000
0.5703200000
0.5703200000
0.5800800000
0.5830400000
0.5634400000
0.5605600000
0.5624800000
0.5585600000
0.5585600000
0.5644800000
0.5722400000
0.5781600000
0.5693600000
0.5634400000
0.5634400000
0.5664000000
0.5810400000
0.6035200000
0.6054400000
0.6054400000
0.6054400000
0.6054400000
0.5937600000
0.5937600000
0.5966400000
0.6064800000
0.6054400000
0.5947200000
0.5908000000
0.5928000000
0.5947200000
0.5937600000
0.5879200000
0.5937600000
0.5898400000
0.5849600000
0.6211200000
0.5859200000
0.5956800000
0.5879200000
0.5908000000
0.5840000000
0.5868800000
0.5820000000
0.5800800000
0.5840000000
0.5840000000
0.5781600000
0.5800800000
0.5820000000
0.5800800000
0.5820000000
0.5791200000
0.5761600000
0.5752000000
0.5732800000
0.5771200000
0.5624800000
0.5508000000
0.5488000000
0.5498400000
0.5468800000
0.5420000000
0.5488000000
0.5508000000
0.5508000000
0.5508000000
0.5410400000
0.5410400000
0.5439200000
0.5439200000
0.5429600000
0.5527200000
0.5371200000
0.5400000000
0.5361600000
0.5400000000
0.5420000000
0.5420000000
0.5547200000
0.5341600000
0.5332000000
0.5332000000
0.5322400000
0.5351200000
0.5332000000
0.5292800000
0.5283200000
0.5302400000
0.5390400000
0.5420000000
0.5400000000
0.5390400000
0.5390400000
0.5371200000
0.5380800000
0.5341600000
0.5341600000
0.5341600000
0.5312800000
0.5312800000
0.5312800000
0.5312800000
0.5341600000
0.5322400000
0.5312800000
0.5292800000
0.5302400000
0.5322400000
0.5302400000
0.5351200000
0.5312800000
0.5283200000
0.5264000000
0.5273600000
0.5264000000
0.5264000000
0.5283200000
0.5253600000
0.5253600000
0.5264000000
0.5264000000
0.5273600000
0.5273600000
0.5264000000
0.5253600000
0.5302400000
0.5283200000
0.5292800000
0.5283200000
0.5292800000
0.5283200000
0.5264000000
0.5283200000
0.5302400000
0.5302400000
0.5322400000
0.5332000000
0.5322400000
0.5351200000
0.5292800000
0.5312800000
0.5341600000
0.5322400000
0.5371200000
0.5341600000
0.5351200000
0.5351200000
0.5351200000
0.5351200000
0.5380800000
0.5371200000
0.5390400000
0.5410400000
0.5420000000
0.5410400000
0.5400000000
0.5410400000
0.5410400000
0.5449600000
0.5459200000
0.5410400000
0.5420000000
0.5488000000
0.5478400000
0.5459200000
0.5449600000
0.5449600000
0.5517600000
0.5459200000
0.5449600000
0.5439200000
0.5468800000
0.5439200000
0.5449600000
0.5468800000
0.5468800000
0.5410400000
0.5322400000
0.5312800000
0.5322400000
0.5312800000
0.5322400000
0.5332000000
0.5361600000
0.5390400000
0.5478400000
0.5449600000
0.5420000000
0.5410400000
0.5439200000
0.5439200000
0.5449600000
0.5478400000
0.5439200000
0.5439200000
0.5849600000
0.5517600000
0.5508000000
0.5498400000
0.5508000000
0.5459200000
0.5488000000
0.5498400000
0.5517600000
0.5527200000
0.5508000000
0.5420000000
0.5371200000
0.0000000100
0.0000000100
0.0000000100
0.0000000100
0.0000000100
0.0000000100
0.0000000100
0.0000000100
0.0000000100
0.0000000100
0.0000000100
0.0000000100
0.0000000100
0.0000000100
0.0000000100
0.0000000100
0.0000000100
0.0000000100
0.0000000100
0.0000000100
0.0000000100
0.0000000100
0.0000000100
0.0000000100
0.0000000100
0.0000000100
0.0000000100
0.0000000100
0.0000000100
0.0000000100
0.0000000100
0.0000000100
0.0000000100
0.0000000100
0.0000000100
0.0000000100
0.0000000100
0.0000000100
0.0000000100
0.0000000100
0.0000000100
0.0000000100
0.0000000100
0.0000000100
0.0000000100
0.0000000100
0.0000000100
0.0000000100
0.0000000100
0.0000000100
0.0000000100
0.0000000100
0.0000000100
0.0000000100
0.0000000100
0.0000000100
0.0000000100
0.0000000100
0.0000000100
0.0000000100
0.0000000100
0.0000000100
0.0000000100
0.0000000100
0.0000000100
0.0000000100
0.0000000100
0.0000000100
0.0000000100
0.0000000100
0.0000000100
0.0000000100
0.0000000100
0.0000000100
0.0000000100
0.0000000100
0.0000000100
0.0000000100
0.0000000100
0.0000000100
0.0000000100
0.0000000100
0.0000000100
0.0000000100
0.0000000100
0.0000000100
0.0000000100
0.0000000100
0.0000000100
0.0000000100
0.0000000100
0.0000000100
0.0000000100
0.0000000100
0.0000000100
0.0000000100
0.0000000100
0.0000000100
0.0000000100
0.0000000100
0.0000000100
0.0000000100
0.0000000100
0.0000000100
0.0000000100
0.0000000100
0.0000000100
0.0000000100
0.0000000100
0.0000000100
0.0000000100
0.0000000100
0.0000000100
0.0000000100
0.0000000100
0.0000000100
0.0000000100
0.0000000100
0.0000000100
0.0000000100
0.0000000100
0.0000000100
0.0000000100
0.0000000100
0.0000000100
0.0000000100
0.0000000100
0.0000000100
0.0000000100
0.0000000100
0.0000000100
0.0000000100
0.0000000100
0.0000000100
0.0000000100
0.0000000100
0.0000000100
0.0000000100
0.0000000100
0.0000000100
0.0000000100
0.0000000100
0.0000000100
0.0000000100
0.0000000100
0.0000000100
0.0000000100
0.0000000100
0.0000000100
0.0000000100
0.0000000100
0.0000000100
0.0000000100
0.0000000100
0.0000000100
0.0000000100
0.0000000100
0.0000000100
0.0000000100
0.0000000100
0.0000000100
0.0000000100
0.0000000100
0.0000000100
0.0000000100
0.0000000100
0.0000000100
0.0000000100
0.0000000100
0.0000000100
0.0000000100
0.0000000100
0.0000000100
0.0000000100
0.0000000100
0.0000000100
0.0000000100
0.0000000100
0.0000000100
0.0000000100
0.0000000100
0.0000000100
0.0000000100
0.0000000100
0.0000000100
0.0000000100
0.0000000100
0.0000000100
0.0000000100
0.0000000100
0.0000000100
0.0000000100
0.0000000100
0.0000000100
0.0000000100
0.0000000100
0.0000000100
0.0000000100
0.0000000100
0.0000000100
0.0000000100
0.0000000100
0.0000000100
0.0000000100
0.0000000100
0.0000000100
0.0000000100
0.0000000100
0.0000000100
0.0000000100
0.0000000100
0.0000000100
0.0000000100
0.0000000100
0.0000000100
0.0000000100
0.0000000100
0.0000000100
0.0000000100
0.0000000100
0.0000000100
0.0000000100
0.0000000100
0.0000000100
0.0000000100
0.0000000100
0.0000000100
0.0000000100
0.0000000100
0.0000000100
0.0000000100
0.0000000100
0.0000000100
0.0000000100
0.0000000100
0.0000000100
0.0000000100
0.0000000100
0.0000000100
0.0000000100
0.0000000100
0.0000000100
0.0000000100
0.0000000100
0.0000000100
0.0000000100
0.0000000100
0.0000000100
0.0000000100
0.0000000100
0.0000000100
0.0000000100
0.0000000100
0.0000000100
0.0000000100
0.0000000100
0.0000000100
0.0000000100
0.0000000100
0.0000000100
0.0000000100
0.0000000100
0.0000000100
0.0000000100
0.0000000100
0.0000000100
0.0000000100
0.0000000100
0.0000000100
0.0000000100
0.0000000100
0.0000000100
0.0000000100
0.0000000100
0.0000000100
0.0000000100
0.0000000100
0.0000000100
0.0000000100
0.0000000100
0.0000000100
0.0000000100
0.0000000100
0.0000000100
0.0000000100
0.0000000100
0.0000000100
0.0000000100
0.0000000100
0.0000000100
0.0000000100
0.0000000100
0.0000000100
0.0000000100
0.0000000100
0.0000000100
0.0000000100
0.0000000100
0.0000000100
0.0000000100
0.0000000100
0.0000000100
0.0000000100
0.0000000100
0.0000000100
0.0000000100
0.0000000100
0.0000000100
0.0000000100
0.0000000100
0.0000000100
0.0000000100
0.0000000100
0.0000000100
0.0000000100
0.0000000100
0.0000000100
0.0000000100
0.0000000100
0.0000000100
0.0000000100
0.0000000100
0.0000000100
0.0000000100
0.0000000100
0.0000000100
0.0000000100
0.0000000100
0.0000000100
0.0000000100
0.0000000100
0.0000000100
0.0000000100
0.0000000100
0.0000000100
0.0000000100
0.0000000100
0.0000000100
0.0000000100
0.0000000100
0.0000000100
0.0000000100
0.0000000100
0.0000000100
0.0000000100
0.0000000100
0.0000000100
0.0000000100
0.0000000100
0.0000000100
0.0000000100
0.0000000100
0.0000000100
0.0000000100
0.0000000100
0.0000000100
0.0000000100
0.0000000100
0.0000000100
0.0000000100
0.0000000100
0.0000000100
0.0000000100
0.0000000100
0.0000000100
0.0000000100
0.0000000100
0.0000000100
