0.0823466667
0.0856000000
0.0913066667
0.0875733333
0.0885333333
0.0758400000
0.0801600000
0.0824533333
0.0846400000
0.0843200000
0.0900266667
0.0870933333
0.0806400000
0.0835200000
0.0851200000
0.0828266667
0.0781333333
0.0867733333
0.0784533333
0.0752533333
0.0817066667
0.0866133333
0.0810666667
0.0795733333
0.0804266667
0.0795200000
0.0761066667
0.0828266667
0.0730133333
0.0760000000
0.0775466667
0.0657600000
0.0700800000
0.0713066667
0.0767466667
0.0668800000
0.0667200000
0.0711466667
0.0645333333
0.0640533333
0.0601600000
0.0596266667
0.0541333333
0.0522453333
0.0476906667
0.0535466667
0.0517600000
0.0463893333
0.0465493333
0.0462240000
0.0366613333
0.0395893333
0.0377173333
0.0363786667
0.0339786667
0.0346666667
0.0304373333
0.0325120000
0.0291360000
0.0292586667
0.0249813333
0.0222986667
0.0260000000
0.0225013333
0.0206506667
0.0229493333
0.0206933333
0.0177013333
0.0184320000
0.0159893333
0.0139360000
0.0144426667
0.0137760000
0.0126933333
0.0124533333
0.0128586667
0.0120640000
0.0115360000
0.0121866667
0.0114720000
0.0110453333
0.0096746667
0.0110080000
0.0118613333
0.0122293333
0.0144426667
0.0122293333
0.0101706667
0.0133440000
0.0114133333
0.0108053333
0.0138560000
0.0095200000
0.0099360000
0.0090560000
0.0088213333
0.0086986667
0.0080053333
0.0081493333
0.0068640000
0.0069280000
0.0086773333
0.0074986667
0.0077813333
0.0070613333
0.0097973333
0.0091840000
0.0084426667
0.0061866667
0.0085440000
0.0039824000
0.0060106667
0.0068480000
0.0066720000
0.0064800000
0.0069866667
0.0086186667
0.0077386667
0.0074346667
0.0071093333
0.0105173333
0.0064000000
0.0082506667
0.0086666667
0.0109653333
0.0089440000
0.0107840000
0.0096746667
0.0094400000
0.0116586667
0.0115360000
0.0099893333
0.0101226667
0.0126773333
0.0094826667
0.0124320000
0.0114720000
0.0160533333
0.0172320000
0.0150773333
0.0153600000
0.0145653333
0.0138560000
0.0161920000
0.0144426667
0.0142826667
0.0170080000
0.0178240000
0.0171733333
0.0190240000
0.0195306667
0.0182293333
0.0205706667
0.0229493333
0.0230293333
0.0231093333
0.0201813333
0.0238453333
0.0235573333
0.0297440000
0.0351946667
0.0438613333
0.0481760000
0.0488266667
0.0498026667
0.0540266667
0.0538666667
0.0589333333
0.0531413333
0.0583466667
0.0581866667
0.0603200000
0.0679466667
0.0646400000
0.0706133333
0.0644266667
0.0682133333
0.0717866667
0.0689066667
0.0696533333
0.0721600000
0.0674666667
0.0785066667
0.0755200000
0.0757866667
0.0740800000
0.0807466667
0.0731733333
0.0769066667
0.0720000000
0.0763200000
0.0747733333
0.0717866667
0.0709866667
0.0765866667
0.0744000000
0.0756800000
0.0790933333
0.0753600000
0.0821333333
0.0831466667
0.0857600000
0.0808000000
0.0870933333
0.0891733333
0.0875733333
0.0900266667
0.0917866667
0.0911466667
0.0894933333
0.0973333333
0.0968533333
0.0960533333
0.0982933333
0.1017066667
0.1007466667
0.1027200000
0.1007466667
0.1083733333
0.1058133333
0.1162133333
0.1137600000
0.1128000000
0.1033600000
0.0965333333
0.1512000000
0.2366400000
0.2620266667
0.2613866667
0.2662933333
0.2431466667
0.1281066667
0.0872533333
0.0812800000
0.0740800000
0.0764266667
0.0759466667
0.0846400000
0.0810666667
0.0818133333
0.0752533333
0.0753600000
0.0735466667
0.0781866667
0.0768000000
0.0773866667
0.0762666667
0.0815466667
0.0793600000
0.0802666667
0.0800533333
0.0800533333
0.0826666667
0.0810666667
0.0804800000
0.0795200000
0.0820266667
0.0753600000
0.0843200000
0.0773866667
0.0782933333
0.0788800000
0.0821866667
0.0753600000
0.0859200000
0.0732266667
0.0763200000
0.0784533333
0.0841600000
0.0826666667
0.0848000000
0.0813866667
0.0859200000
0.0856000000
0.0882133333
0.0829333333
0.0846400000
0.0852800000
0.0936000000
0.0940800000
0.0956800000
0.0952000000
0.1020266667
0.0997866667
0.0993066667
0.1017066667
0.1015466667
0.1013866667
0.1054933333
0.1036800000
0.1080533333
0.0996266667
0.1001066667
0.1061333333
0.1038400000
0.1092266667
0.1085866667
0.1109866667
0.1080533333
0.1123200000
0.1176533333
0.1109866667
0.1189866667
0.1163733333
0.1180266667
0.1108266667
0.1147200000
0.1170133333
0.1142400000
0.1109866667
0.1089066667
0.1095466667
0.0982933333
0.1085866667
0.1025600000
0.1027200000
0.1002666667
0.0945600000
0.0870933333
0.0898666667
0.0848000000
0.0786133333
0.0797333333
0.0731733333
0.0709866667
0.0738133333
0.0685333333
0.0708266667
0.0649600000
0.0620266667
0.0650133333
0.0587733333
0.0608000000
0.0577600000
0.0545066667
0.0495626667
0.0491520000
0.0508640000
0.0522453333
0.0472800000
0.0417493333
0.0462240000
0.0440266667
0.0413386667
0.0354400000
0.0384106667
0.0310453333
0.0275040000
0.0291733333
0.0283626667
0.0298240000
0.0254720000
0.0225813333
0.0257546667
0.0198186667
0.0194080000
0.0188586667
0.0164373333
0.0160106667
0.0168266667
0.0125333333
0.0135680000
0.0179253333
0.0110880000
0.0150560000
0.0112533333
0.0148533333
0.0135093333
0.0128160000
0.0112906667
0.0126133333
0.0115360000
0.0126933333
0.0103680000
0.0101920000
0.0097333333
0.0107200000
0.0113920000
0.0101333333
0.0090026667
0.0094933333
0.0096640000
0.0097226667
0.0091146667
0.0090826667
0.0088693333
0.0085546667
0.0079626667
0.0066346667
0.0081600000
0.0086346667
0.0103360000
0.0071520000
0.0049338667
0.0073653333
0.0085066667
0.0070293333
0.0077226667
0.0043946667
0.0007424000
0.0006410667
0.0016528000
0.0032858667
0.0061653333
0.0074880000
0.0070986667
0.0067466667
0.0095520000
0.0053813333
0.0059893333
0.0076906667
0.0097973333
0.0084533333
0.0073120000
0.0075786667
0.0075466667
0.0066506667
0.0077226667
0.0100213333
0.0116800000
0.0086880000
0.0120426667
0.0107626667
0.0102826667
0.0102720000
0.0123093333
0.0104373333
0.0126560000
0.0133066667
0.0152160000
0.0133280000
0.0147520000
0.0139146667
0.0131200000
0.0148533333
0.0166240000
0.0140000000
0.0144053333
0.0138773333
0.0149920000
0.0153386667
0.0167626667
0.0193066667
0.0209973333
0.0221333333
0.0187360000
0.0183733333
0.0184746667
0.0204853333
0.0189813333
0.0223413333
0.0212426667
0.0249813333
0.0256373333
0.0282773333
0.0250666667
0.0290133333
0.0293760000
0.0303146667
0.0289706667
0.0355626667
0.0343040000
0.0326720000
0.0383306667
0.0319840000
0.0359680000
0.0316160000
0.0394293333
0.0365813333
0.0370293333
0.0364586667
0.0369866667
0.0363786667
0.0411360000
0.0414240000
0.0338560000
0.0391413333
0.0391413333
0.0365813333
0.0407306667
0.0358453333
0.0390613333
0.0402400000
0.0393066667
0.0408533333
0.0403626667
0.0414613333
0.0436213333
0.0403626667
0.0443520000
0.0433760000
0.0456533333
0.0394720000
0.0440266667
0.0454933333
0.0472000000
0.0443520000
0.0428053333
0.0479306667
0.0506986667
0.0483413333
0.0547733333
0.0000000100
0.0000000100
0.0000000100
0.0000000100
0.0000000100
0.0000000100
0.0000000100
0.0000000100
0.0000000100
0.0000000100
0.0000000100
0.0000000100
0.0000000100
0.0000000100
0.0000000100
0.0000000100
0.0000000100
0.0000000100
0.0000000100
0.0000000100
0.0000000100
0.0000000100
0.0000000100
0.0000000100
0.0000000100
0.0000000100
0.0000000100
0.0000000100
0.0000000100
0.0000000100
0.0000000100
0.0000000100
0.0000000100
0.0000000100
0.0000000100
0.0000000100
0.0000000100
0.0000000100
0.0000000100
0.0000000100
0.0000000100
0.0000000100
0.0000000100
0.0000000100
0.0000000100
0.0000000100
0.0000000100
0.0000000100
0.0000000100
0.0000000100
0.0000000100
0.0000000100
0.0000000100
0.0000000100
0.0000000100
0.0000000100
0.0000000100
0.0000000100
0.0000000100
0.0000000100
0.0000000100
0.0000000100
0.0000000100
0.0000000100
0.0000000100
0.0000000100
0.0000000100
0.0000000100
0.0000000100
0.0000000100
0.0000000100
0.0000000100
0.0000000100
0.0000000100
0.0000000100
0.0000000100
0.0000000100
0.0000000100
0.0000000100
0.0000000100
0.0000000100
0.0000000100
0.0000000100
0.0000000100
0.0000000100
0.0000000100
0.0000000100
0.0000000100
0.0000000100
0.0000000100
0.0000000100
0.0000000100
0.0000000100
0.0000000100
0.0000000100
0.0000000100
0.0000000100
0.0000000100
0.0000000100
0.0000000100
0.0000000100
0.0000000100
0.0000000100
0.0000000100
0.0000000100
0.0000000100
0.0000000100
0.0000000100
0.0000000100
0.0000000100
0.0000000100
0.0000000100
0.0000000100
0.0000000100
0.0000000100
0.0000000100
0.0000000100
0.0000000100
0.0000000100
0.0000000100
0.0000000100
0.0000000100
0.0000000100
0.0000000100
0.0000000100
0.0000000100
0.0000000100
0.0000000100
0.0000000100
0.0000000100
0.0000000100
0.0000000100
0.0000000100
0.0000000100
0.0000000100
0.0000000100
0.0000000100
0.0000000100
0.0000000100
0.0000000100
0.0000000100
0.0000000100
0.0000000100
0.0000000100
0.0000000100
0.0000000100
0.0000000100
0.0000000100
0.0000000100
0.0000000100
0.0000000100
0.0000000100
0.0000000100
0.0000000100
0.0000000100
0.0000000100
0.0000000100
0.0000000100
0.0000000100
0.0000000100
0.0000000100
0.0000000100
0.0000000100
0.0000000100
0.0000000100
0.0000000100
0.0000000100
0.0000000100
0.0000000100
0.0000000100
0.0000000100
0.0000000100
0.0000000100
0.0000000100
0.0000000100
0.0000000100
0.0000000100
0.0000000100
0.0000000100
0.0000000100
0.0000000100
0.0000000100
0.0000000100
0.0000000100
0.0000000100
0.0000000100
0.0000000100
0.0000000100
0.0000000100
0.0000000100
0.0000000100
0.0000000100
0.0000000100
0.0000000100
0.0000000100
0.0000000100
0.0000000100
0.0000000100
0.0000000100
0.0000000100
0.0000000100
0.0000000100
0.0000000100
0.0000000100
0.0000000100
0.0000000100
0.0000000100
0.0000000100
0.0000000100
0.0000000100
0.0000000100
0.0000000100
0.0000000100
0.0000000100
0.0000000100
0.0000000100
0.0000000100
0.0000000100
0.0000000100
0.0000000100
0.0000000100
0.0000000100
0.0000000100
0.0000000100
0.0000000100
0.0000000100
0.0000000100
0.0000000100
0.0000000100
0.0000000100
0.0000000100
0.0000000100
0.0000000100
0.0000000100
0.0000000100
0.0000000100
0.0000000100
0.0000000100
0.0000000100
0.0000000100
0.0000000100
0.0000000100
0.0000000100
0.0000000100
0.0000000100
0.0000000100
0.0000000100
0.0000000100
0.0000000100
0.0000000100
0.0000000100
0.0000000100
0.0000000100
0.0000000100
0.0000000100
0.0000000100
0.0000000100
0.0000000100
0.0000000100
0.0000000100
0.0000000100
0.0000000100
0.0000000100
0.0000000100
0.0000000100
0.0000000100
0.0000000100
0.0000000100
0.0000000100
0.0000000100
0.0000000100
0.0000000100
0.0000000100
0.0000000100
0.0000000100
0.0000000100
0.0000000100
0.0000000100
0.0000000100
0.0000000100
0.0000000100
0.0000000100
0.0000000100
0.0000000100
0.0000000100
0.0000000100
0.0000000100
0.0000000100
0.0000000100
0.0000000100
0.0000000100
0.0000000100
0.0000000100
0.0000000100
0.0000000100
0.0000000100
0.0000000100
0.0000000100
0.0000000100
0.0000000100
0.0000000100
0.0000000100
0.0000000100
0.0000000100
0.0000000100
0.0000000100
0.0000000100
0.0000000100
0.0000000100
0.0000000100
0.0000000100
0.0000000100
0.0000000100
0.0000000100
0.0000000100
0.0000000100
0.0000000100
0.0000000100
0.0000000100
0.0000000100
0.0000000100
0.0000000100
0.0000000100
0.0000000100
0.0000000100
0.0000000100
0.0000000100
0.0000000100
0.0000000100
0.0000000100
0.0000000100
0.0000000100
0.0000000100
0.0000000100
0.0000000100
0.0000000100
0.0000000100
0.0000000100
0.0000000100
0.0000000100
0.0000000100
0.0000000100
0.0000000100
0.0000000100
0.0000000100
0.0000000100
0.0000000100
0.0000000100
0.0000000100
0.0000000100
0.0000000100
0.0000000100
0.0000000100
0.0000000100
0.0000000100
0.0000000100
0.0000000100
0.0000000100
0.0000000100
0.0000000100
0.0000000100
0.0000000100
0.0000000100
0.0000000100
0.0000000100
0.0000000100
0.0000000100
0.0000000100
