0.9218950064
0.9451024328
0.9097311140
0.9902368758
0.9975992318
1.0000000000
1.0000000000
1.0000000000
1.0000000000
0.9743918054
1.0000000000
1.0000000000
0.9659090909
0.9635083227
0.9366197183
0.9170934699
0.8902048656
0.9158130602
0.9279769526
0.9891165173
0.9207746479
0.9451024328
0.9047695262
0.9475032010
0.8999679898
0.9194942382
0.9548655570
0.8364276569
0.8913252241
0.8693982074
0.9158130602
0.9878361076
0.9047695262
0.9366197183
0.9830345711
1.0000000000
1.0000000000
1.0000000000
1.0000000000
1.0000000000
1.0000000000
0.9915172855
1.0000000000
0.9561459667
0.8461907810
0.6776568502
0.7008642766
0.6618117798
0.7620038412
0.7167093470
0.6789372599
0.5977912932
0.6594110115
0.6837387964
0.5793854033
0.6642125480
0.5934699104
0.5817861716
0.5843469910
0.5861075544
0.5550576184
0.5580985915
0.5544174136
0.5709026889
0.5995518566
0.5830665813
0.5800256082
0.5561779770
0.5648207426
0.5537772087
0.5989116517
0.5947503201
0.6177976953
0.5958706786
0.5947503201
0.6214788732
0.6038732394
0.5897887324
0.5891485275
0.5513764405
0.5867477593
0.5617797695
0.5745838668
0.5806658131
0.5867477593
0.6019526248
0.6045134443
0.6013124200
0.6062740077
0.6349231754
0.6472471191
0.6099551857
0.6209987196
0.6075544174
0.5965108835
0.6203585147
0.6008322663
0.5904289373
0.5745838668
0.5800256082
0.6013124200
0.6160371319
0.6221190781
0.5720230474
0.5763444302
0.6160371319
0.6277208707
0.5782650448
0.5854673496
0.6069142125
0.6001920615
0.5817861716
0.5934699104
0.5275288092
0.5806658131
0.5915492958
0.5787451985
0.5897887324
0.5982714469
0.6056338028
0.6112355954
0.5995518566
0.6606914213
0.6049935980
0.6099551857
0.6099551857
0.6288412292
0.6312419974
0.6802176697
0.6374839949
0.6362035851
0.6136363636
0.6362035851
0.6136363636
0.5965108835
0.6301216389
0.6129961588
0.6177976953
0.5611395647
0.5342509603
0.0000016005
1.0000000000
1.0000000000
1.0000000000
1.0000000000
1.0000000000
0.9951984635
0.9841549296
1.0000000000
1.0000000000
1.0000000000
0.9524647887
1.0000000000
1.0000000000
0.9340588988
1.0000000000
0.8450704225
0.9110115237
0.9010883483
0.9635083227
0.8913252241
0.8327464789
0.8425096031
0.8193021767
0.8279449424
0.8253841229
0.8303457106
0.8767605634
0.9023687580
0.8340268886
0.8242637644
0.8461907810
0.8657170294
0.8511523688
0.8169014085
0.8657170294
0.8730793854
0.9279769526
0.9439820743
0.9377400768
0.9145326504
0.9622279129
0.9635083227
0.9060499360
0.9255761844
0.9036491677
0.9255761844
0.8450704225
0.8353072983
0.9073303457
0.8290653009
0.8572343150
0.8693982074
0.8669974392
0.8730793854
0.8583546735
0.8975672215
0.8450704225
0.8522727273
0.8511523688
0.8522727273
0.8841229193
0.8535531370
0.8609154930
0.8498719590
0.8535531370
0.8498719590
0.8461907810
0.8559539052
0.8791613316
0.8377080666
0.8290653009
0.8815620999
0.8522727273
0.8353072983
0.8253841229
0.8572343150
0.8437900128
0.9010883483
0.8657170294
0.8767605634
0.8730793854
0.8804417414
0.8767605634
0.8437900128
0.8717989757
0.8450704225
0.8377080666
0.8572343150
0.8364276569
0.8522727273
0.8377080666
0.8095390525
0.8095390525
0.8120998720
0.8340268886
0.8181818182
0.8229833547
0.8303457106
0.8266645327
0.8559539052
0.8926056338
0.8902048656
0.8791613316
0.8804417414
0.8485915493
0.8474711908
0.8401088348
0.8364276569
0.8535531370
1.0000000000
1.0000000000
1.0000000000
1.0000000000
1.0000000000
1.0000000000
1.0000000000
1.0000000000
1.0000000000
0.9572663252
1.0000000000
0.9305377721
0.9110115237
0.8461907810
0.8583546735
0.7949743918
0.8156209987
0.8841229193
0.8559539052
0.8145006402
0.8340268886
0.7900128041
0.8047375160
0.8279449424
0.8193021767
0.7644046095
0.7888924456
0.7960947503
0.7986555698
0.8327464789
0.7900128041
0.7924135723
0.8596350832
0.8828425096
0.8316261204
0.8841229193
0.8253841229
0.8353072983
0.8279449424
0.8620358515
0.8815620999
0.8377080666
0.8242637644
0.8474711908
0.8253841229
0.8156209987
0.8535531370
0.8889244558
0.8145006402
0.8290653009
0.8878040973
0.8743597951
0.8023367478
0.8743597951
0.8938860435
0.8583546735
0.9170934699
0.8340268886
0.8572343150
0.9329385403
0.8242637644
0.8169014085
0.8706786172
0.8669974392
0.8290653009
0.8717989757
0.8156209987
0.8401088348
0.8401088348
0.8878040973
0.8548335467
0.8474711908
0.8340268886
0.8681177977
0.8425096031
0.9023687580
0.8511523688
0.8962868118
0.9121318822
0.8767605634
0.8316261204
0.8193021767
0.8889244558
0.8780409731
0.8461907810
0.8229833547
0.8340268886
0.8669974392
0.8902048656
0.9036491677
0.8828425096
0.9036491677
0.9305377721
0.8780409731
0.8852432778
0.8535531370
0.8730793854
0.8926056338
0.8743597951
0.8279449424
0.8535531370
0.7778489117
0.8669974392
0.8791613316
0.8548335467
0.8926056338
0.8889244558
0.8962868118
0.8388284251
0.8780409731
0.8205825864
0.8413892446
0.8461907810
0.0141949424
1.0000000000
1.0000000000
1.0000000000
1.0000000000
1.0000000000
1.0000000000
1.0000000000
0.9340588988
0.9292573624
0.9207746479
0.9036491677
0.8962868118
0.9010883483
0.8962868118
0.9145326504
0.8327464789
0.7852112676
0.8498719590
0.8583546735
0.8303457106
0.8229833547
0.7876120359
0.8327464789
0.8242637644
0.8058578745
0.8327464789
0.8218629962
0.8522727273
0.8485915493
0.8413892446
0.8450704225
0.8548335467
0.8693982074
0.8717989757
0.8461907810
0.8633162612
0.8620358515
0.8388284251
0.8657170294
0.8717989757
0.8730793854
0.8669974392
0.8437900128
0.8791613316
0.8450704225
0.8938860435
0.8767605634
0.8511523688
0.8841229193
0.8693982074
0.8828425096
0.8754801536
0.8841229193
0.8841229193
0.8730793854
0.8815620999
0.8841229193
0.8657170294
0.9010883483
0.8754801536
0.8815620999
0.8754801536
0.8693982074
0.8986875800
0.8962868118
0.8962868118
0.8889244558
0.8999679898
0.9451024328
0.9659090909
0.9487836108
0.9500640205
0.9524647887
0.9487836108
0.9695902689
0.9414212548
0.9340588988
0.8828425096
0.9561459667
0.9439820743
0.8999679898
0.9292573624
0.9316581306
0.9218950064
0.9036491677
0.9572663252
0.9134122919
0.9390204866
0.9403008963
0.9377400768
0.9316581306
0.9316581306
0.9439820743
0.9524647887
0.9218950064
0.9463828425
0.9500640205
0.9194942382
0.9487836108
0.9780729834
0.9537451985
0.9585467350
0.9585467350
0.9548655570
0.9500640205
0.9561459667
0.9585467350
0.9537451985
0.9548655570
0.9695902689
0.9804737516
0.9255761844
1.0000000000
1.0000000000
1.0000000000
1.0000000000
1.0000000000
1.0000000000
1.0000000000
1.0000000000
1.0000000000
1.0000000000
1.0000000000
1.0000000000
1.0000000000
1.0000000000
1.0000000000
1.0000000000
1.0000000000
1.0000000000
1.0000000000
1.0000000000
1.0000000000
1.0000000000
1.0000000000
1.0000000000
1.0000000000
0.0000000100
0.0000000100
0.0000000100
0.0000000100
0.0000000100
0.0000000100
0.0000000100
0.0000000100
0.0000000100
0.0000000100
0.0000000100
0.0000000100
0.0000000100
0.0000000100
0.0000000100
0.0000000100
0.0000000100
0.0000000100
0.0000000100
0.0000000100
0.0000000100
0.0000000100
0.0000000100
0.0000000100
0.0000000100
0.0000000100
0.0000000100
0.0000000100
0.0000000100
0.0000000100
0.0000000100
0.0000000100
0.0000000100
0.0000000100
0.0000000100
0.0000000100
0.0000000100
0.0000000100
0.0000000100
0.0000000100
0.0000000100
0.0000000100
0.0000000100
0.0000000100
0.0000000100
0.0000000100
0.0000000100
0.0000000100
0.0000000100
0.0000000100
0.0000000100
0.0000000100
0.0000000100
0.0000000100
0.0000000100
0.0000000100
0.0000000100
0.0000000100
0.0000000100
0.0000000100
0.0000000100
0.0000000100
0.0000000100
0.0000000100
0.0000000100
0.0000000100
0.0000000100
0.0000000100
0.0000000100
0.0000000100
0.0000000100
0.0000000100
0.0000000100
0.0000000100
0.0000000100
0.0000000100
0.0000000100
0.0000000100
0.0000000100
0.0000000100
0.0000000100
0.0000000100
0.0000000100
0.0000000100
0.0000000100
0.0000000100
0.0000000100
0.0000000100
0.0000000100
0.0000000100
0.0000000100
0.0000000100
0.0000000100
0.0000000100
0.0000000100
0.0000000100
0.0000000100
0.0000000100
0.0000000100
0.0000000100
0.0000000100
0.0000000100
0.0000000100
0.0000000100
0.0000000100
0.0000000100
0.0000000100
0.0000000100
0.0000000100
0.0000000100
0.0000000100
0.0000000100
0.0000000100
0.0000000100
0.0000000100
0.0000000100
0.0000000100
0.0000000100
0.0000000100
0.0000000100
0.0000000100
0.0000000100
0.0000000100
0.0000000100
0.0000000100
0.0000000100
0.0000000100
0.0000000100
0.0000000100
0.0000000100
0.0000000100
0.0000000100
0.0000000100
0.0000000100
0.0000000100
0.0000000100
0.0000000100
0.0000000100
0.0000000100
0.0000000100
0.0000000100
0.0000000100
0.0000000100
0.0000000100
0.0000000100
0.0000000100
0.0000000100
0.0000000100
0.0000000100
0.0000000100
0.0000000100
0.0000000100
0.0000000100
0.0000000100
0.0000000100
0.0000000100
0.0000000100
0.0000000100
0.0000000100
0.0000000100
0.0000000100
0.0000000100
0.0000000100
0.0000000100
0.0000000100
0.0000000100
0.0000000100
0.0000000100
0.0000000100
0.0000000100
0.0000000100
0.0000000100
0.0000000100
0.0000000100
0.0000000100
0.0000000100
0.0000000100
0.0000000100
0.0000000100
0.0000000100
0.0000000100
0.0000000100
0.0000000100
0.0000000100
0.0000000100
0.0000000100
0.0000000100
0.0000000100
0.0000000100
0.0000000100
0.0000000100
0.0000000100
0.0000000100
0.0000000100
0.0000000100
0.0000000100
0.0000000100
0.0000000100
0.0000000100
0.0000000100
0.0000000100
0.0000000100
0.0000000100
0.0000000100
0.0000000100
0.0000000100
0.0000000100
0.0000000100
0.0000000100
0.0000000100
0.0000000100
0.0000000100
0.0000000100
0.0000000100
0.0000000100
0.0000000100
0.0000000100
0.0000000100
0.0000000100
0.0000000100
0.0000000100
0.0000000100
0.0000000100
0.0000000100
0.0000000100
0.0000000100
0.0000000100
0.0000000100
0.0000000100
0.0000000100
0.0000000100
0.0000000100
0.0000000100
0.0000000100
0.0000000100
0.0000000100
0.0000000100
0.0000000100
0.0000000100
0.0000000100
0.0000000100
0.0000000100
0.0000000100
0.0000000100
0.0000000100
0.0000000100
0.0000000100
0.0000000100
0.0000000100
0.0000000100
0.0000000100
0.0000000100
0.0000000100
0.0000000100
0.0000000100
0.0000000100
0.0000000100
0.0000000100
0.0000000100
0.0000000100
0.0000000100
0.0000000100
0.0000000100
0.0000000100
0.0000000100
0.0000000100
0.0000000100
0.0000000100
0.0000000100
0.0000000100
0.0000000100
0.0000000100
0.0000000100
0.0000000100
0.0000000100
0.0000000100
0.0000000100
0.0000000100
0.0000000100
0.0000000100
0.0000000100
0.0000000100
0.0000000100
0.0000000100
0.0000000100
0.0000000100
0.0000000100
0.0000000100
0.0000000100
0.0000000100
0.0000000100
0.0000000100
0.0000000100
0.0000000100
0.0000000100
0.0000000100
0.0000000100
0.0000000100
0.0000000100
0.0000000100
0.0000000100
0.0000000100
0.0000000100
0.0000000100
0.0000000100
0.0000000100
0.0000000100
0.0000000100
0.0000000100
0.0000000100
0.0000000100
0.0000000100
0.0000000100
0.0000000100
0.0000000100
0.0000000100
0.0000000100
0.0000000100
0.0000000100
0.0000000100
0.0000000100
0.0000000100
0.0000000100
0.0000000100
0.0000000100
0.0000000100
0.0000000100
0.0000000100
0.0000000100
0.0000000100
0.0000000100
0.0000000100
0.0000000100
0.0000000100
0.0000000100
0.0000000100
0.0000000100
0.0000000100
0.0000000100
0.0000000100
0.0000000100
0.0000000100
0.0000000100
0.0000000100
0.0000000100
0.0000000100
0.0000000100
0.0000000100
0.0000000100
0.0000000100
0.0000000100
0.0000000100
0.0000000100
0.0000000100
0.0000000100
0.0000000100
0.0000000100
0.0000000100
0.0000000100
0.0000000100
0.0000000100
0.0000000100
0.0000000100
0.0000000100
0.0000000100
0.0000000100
0.0000000100
0.0000000100
0.0000000100
