0.8941961308
0.8973982655
0.8745830554
0.8680453636
0.8452301534
0.8648432288
0.8713809206
0.8697798532
0.8892595063
0.8745830554
0.8452301534
0.8843228819
0.8973982655
0.9023348899
0.9234156104
0.8485657105
0.8241494330
0.8680453636
0.8713809206
0.8338892595
0.8354903269
0.8176117412
0.7866577718
0.8485657105
0.7874583055
0.8249499666
0.7817211474
0.8070713809
0.8452301534
0.8070713809
0.8126751167
0.7842561708
0.7866577718
0.7979986658
0.7809206137
0.7743829219
0.7517011341
0.7116744496
0.7174116077
0.6701801201
0.6921947965
0.7116744496
0.6872581721
0.7003335557
0.7011340894
0.6775183456
0.6824549700
0.6963308873
0.6644429620
0.6856571047
0.6808539026
0.6717811875
0.6759172782
0.6775183456
0.6507004670
0.6352234823
0.6596397598
0.6245496998
0.6425617078
0.6124082722
0.5691794530
0.5211474316
0.5586390927
0.5945296865
0.5635757171
0.5554369580
0.5300867245
0.5382254837
0.5276851234
0.5431621081
0.5423615744
0.5342228152
0.5187458306
0.4869913276
0.4919279520
0.4943295530
0.5016677785
0.4828552368
0.0944629753
0.0725817211
0.1691794530
0.7793195464
0.6816544363
0.6945963976
0.6880587058
0.6840560374
0.7150100067
0.7336891261
0.7549032688
0.7622414943
0.7134089393
0.7142094730
0.7158105404
0.6937958639
0.7027351568
0.7199466311
0.7092728486
0.7263509006
0.7044696464
0.7215476985
0.7231487658
0.7671781187
0.7834556371
0.7743829219
0.7541027352
0.7947965310
0.7288859239
0.7475650434
0.7491661107
0.7011340894
0.7052701801
0.7557038025
0.7753168779
0.7679786524
0.7533022015
0.7344896598
0.7866577718
0.7801200801
0.7793195464
0.8110740494
0.7769179453
0.8126751167
0.7630420280
0.7654436291
0.7817211474
0.7606404270
0.7467645097
0.7549032688
0.7898599066
0.8354903269
0.7866577718
0.7761174116
0.7785190127
0.8281521014
0.8144096064
0.7517011341
0.7866577718
0.7769179453
0.7352901935
0.7743829219
0.7874583055
0.9202134757
0.9299533022
0.8924616411
0.8314876584
0.8664442962
0.8469646431
0.8029352902
0.8354903269
0.8086724483
0.7866577718
0.7549032688
0.6937958639
0.7199466311
0.7719813209
0.7703802535
0.7443629086
0.7606404270
0.6979319546
0.7011340894
0.7271514343
0.7174116077
0.7231487658
0.7296864576
0.7483655771
0.7108739159
0.7035356905
0.6628418946
0.6701801201
0.7174116077
0.7280853903
0.6880587058
0.6751167445
0.6775183456
0.7239492995
0.7549032688
0.7939959973
0.6987324883
0.6832555037
0.7126084056
0.7288859239
0.7394262842
0.7955970647
0.7418278853
0.7451634423
0.7499666444
0.7743829219
0.7507671781
0.7614409606
0.7817211474
0.7695797198
0.7142094730
0.6905937292
0.7174116077
0.7231487658
0.7263509006
0.7142094730
0.6767178119
0.7035356905
0.7076717812
0.7280853903
0.7126084056
0.7035356905
0.7011340894
0.6913942628
0.7370246831
0.7565043362
0.7606404270
0.7288859239
0.7459639760
0.7703802535
0.7923949300
0.7979986658
0.7727818546
0.7777184790
0.7890593729
0.7646430954
0.6937958639
0.6880587058
0.7239492995
0.6808539026
0.7215476985
0.7166110740
0.7296864576
0.7108739159
0.7344896598
0.7223482322
0.7231487658
0.7679786524
0.7451634423
0.7565043362
0.7328885924
0.7247498332
0.7084723149
0.6921947965
0.7451634423
0.6840560374
0.6872581721
0.6547031354
0.6441627752
0.6539026017
0.6449633089
0.6848565710
0.6661774516
0.6937958639
0.7027351568
0.6824549700
0.7296864576
0.7199466311
0.7247498332
0.6913942628
0.7150100067
0.7011340894
0.7215476985
0.7426284189
0.7296864576
0.7092728486
0.7426284189
0.6848565710
0.6799199466
0.7199466311
0.7068712475
0.7271514343
0.7263509006
0.7190126751
0.7679786524
0.7695797198
0.7166110740
0.7158105404
0.7402268179
0.7344896598
0.7386257505
0.7573048699
0.7386257505
0.7491661107
0.7410273516
0.7092728486
0.7304869913
0.7166110740
0.7255503669
0.7557038025
0.6913942628
0.7402268179
0.7076717812
0.7255503669
0.7386257505
0.6971314209
0.7174116077
0.7223482322
0.7027351568
0.7223482322
0.7362241494
0.7076717812
0.6588392262
0.6205470314
0.6108072048
0.6417611741
0.6775183456
0.6848565710
0.7084723149
0.6937958639
0.6759172782
0.6628418946
0.6709806538
0.6880587058
0.6905937292
0.6628418946
0.6767178119
0.6953969313
0.6971314209
0.6880587058
0.6727151434
0.6701801201
0.6791194129
0.6693795864
0.6661774516
0.6555036691
0.6473649099
0.6042695130
0.5790527018
0.5683789193
0.5945296865
0.6009339560
0.5683789193
0.5423615744
0.5374249500
0.5505003336
0.5871914610
0.5545030020
0.5318212141
0.5505003336
0.5586390927
0.5374249500
0.5570380254
0.5284856571
0.5415610407
0.5114076051
0.4820547031
0.4764509673
0.4935290193
0.4919279520
0.5106070714
0.4796531021
0.4901934623
0.5114076051
0.4820547031
0.4691127418
0.4308205470
0.4149432955
0.4096064043
0.3969312875
0.4120080053
0.4137424950
0.4210807205
0.4274849900
0.4002668446
0.4022681788
0.3754503002
0.3562374917
0.3506337558
0.3407605070
0.3399599733
0.3290193462
0.3615743829
0.3681120747
0.3347565043
0.1174649767
0.0791994663
0.0771581054
0.0767578386
0.5318212141
0.6791194129
0.7084723149
0.6425617078
0.6449633089
0.6555036691
0.6326884590
0.6701801201
0.6588392262
0.6727151434
0.6727151434
0.6628418946
0.6685790527
0.6400266845
0.7044696464
0.7785190127
0.7654436291
0.7761174116
0.8233488993
0.8176117412
0.8126751167
0.7654436291
0.7882588392
0.8306871247
0.8257505003
0.8452301534
0.8354903269
0.8053368913
0.7850567045
0.8354903269
0.7801200801
0.8664442962
0.7890593729
0.8078719146
0.8005336891
0.8306871247
0.8241494330
0.8029352902
0.7866577718
0.8338892595
0.8517678452
0.7801200801
0.7874583055
0.7842561708
0.8192128085
0.7890593729
0.7979986658
0.8152101401
0.8216144096
0.8469646431
0.8184122748
0.8061374249
0.8583055370
0.8827218145
0.8795196798
0.8729819880
0.8583055370
0.7979986658
0.8086724483
0.8697798532
0.9088725817
0.8876584390
0.8761841227
0.8583055370
0.8648432288
0.8551034023
0.3050033356
0.0907004670
0.0888592395
0.8551034023
0.7052701801
0.6963308873
0.6824549700
0.6669779853
0.7108739159
0.6856571047
0.7207471648
0.7362241494
0.7654436291
0.7100733823
0.7068712475
0.6816544363
0.7190126751
0.6905937292
0.7027351568
0.7247498332
0.7475650434
0.7370246831
0.7116744496
0.7100733823
0.7199466311
0.7475650434
0.7557038025
0.7753168779
0.7727818546
0.7507671781
0.7362241494
0.7687791861
0.7557038025
0.7785190127
0.7866577718
0.7614409606
0.7483655771
0.7630420280
0.7581054036
0.7134089393
0.7092728486
0.7312875250
0.7410273516
0.7825216811
0.7695797198
0.7671781187
0.8176117412
0.8013342228
0.7296864576
0.7052701801
0.7598398933
0.7533022015
0.7890593729
0.8420280187
0.8485657105
0.9023348899
0.9364909940
0.9396931288
0.9023348899
0.9136757839
0.8322881921
0.8273515677
0.7997331554
0.7850567045
0.8118745831
0.7834556371
0.0000000100
0.0000000100
0.0000000100
0.0000000100
0.0000000100
0.0000000100
0.0000000100
0.0000000100
0.0000000100
0.0000000100
0.0000000100
0.0000000100
0.0000000100
0.0000000100
0.0000000100
0.0000000100
0.0000000100
0.0000000100
0.0000000100
0.0000000100
0.0000000100
0.0000000100
0.0000000100
0.0000000100
0.0000000100
0.0000000100
0.0000000100
0.0000000100
0.0000000100
0.0000000100
0.0000000100
0.0000000100
0.0000000100
0.0000000100
0.0000000100
0.0000000100
0.0000000100
0.0000000100
0.0000000100
0.0000000100
0.0000000100
0.0000000100
0.0000000100
0.0000000100
0.0000000100
0.0000000100
0.0000000100
0.0000000100
0.0000000100
0.0000000100
0.0000000100
0.0000000100
0.0000000100
0.0000000100
0.0000000100
0.0000000100
0.0000000100
0.0000000100
0.0000000100
0.0000000100
0.0000000100
0.0000000100
0.0000000100
0.0000000100
0.0000000100
0.0000000100
0.0000000100
0.0000000100
0.0000000100
0.0000000100
0.0000000100
0.0000000100
0.0000000100
0.0000000100
0.0000000100
0.0000000100
0.0000000100
0.0000000100
0.0000000100
0.0000000100
0.0000000100
0.0000000100
0.0000000100
0.0000000100
0.0000000100
0.0000000100
0.0000000100
0.0000000100
0.0000000100
0.0000000100
0.0000000100
0.0000000100
0.0000000100
0.0000000100
0.0000000100
0.0000000100
0.0000000100
0.0000000100
0.0000000100
0.0000000100
0.0000000100
0.0000000100
0.0000000100
0.0000000100
0.0000000100
0.0000000100
0.0000000100
0.0000000100
0.0000000100
0.0000000100
0.0000000100
0.0000000100
0.0000000100
0.0000000100
0.0000000100
0.0000000100
0.0000000100
0.0000000100
0.0000000100
0.0000000100
0.0000000100
0.0000000100
0.0000000100
0.0000000100
0.0000000100
0.0000000100
0.0000000100
0.0000000100
0.0000000100
0.0000000100
0.0000000100
0.0000000100
0.0000000100
0.0000000100
0.0000000100
0.0000000100
0.0000000100
0.0000000100
0.0000000100
0.0000000100
0.0000000100
0.0000000100
0.0000000100
0.0000000100
0.0000000100
0.0000000100
0.0000000100
0.0000000100
0.0000000100
0.0000000100
0.0000000100
0.0000000100
0.0000000100
0.0000000100
0.0000000100
0.0000000100
0.0000000100
0.0000000100
0.0000000100
0.0000000100
0.0000000100
0.0000000100
0.0000000100
0.0000000100
0.0000000100
0.0000000100
0.0000000100
0.0000000100
0.0000000100
0.0000000100
0.0000000100
0.0000000100
0.0000000100
0.0000000100
0.0000000100
0.0000000100
0.0000000100
0.0000000100
0.0000000100
0.0000000100
0.0000000100
0.0000000100
0.0000000100
0.0000000100
0.0000000100
0.0000000100
0.0000000100
0.0000000100
0.0000000100
0.0000000100
0.0000000100
0.0000000100
0.0000000100
0.0000000100
0.0000000100
0.0000000100
0.0000000100
0.0000000100
0.0000000100
0.0000000100
0.0000000100
0.0000000100
0.0000000100
0.0000000100
0.0000000100
0.0000000100
0.0000000100
0.0000000100
0.0000000100
0.0000000100
0.0000000100
0.0000000100
0.0000000100
0.0000000100
0.0000000100
0.0000000100
0.0000000100
0.0000000100
0.0000000100
0.0000000100
0.0000000100
0.0000000100
0.0000000100
0.0000000100
0.0000000100
0.0000000100
0.0000000100
0.0000000100
0.0000000100
0.0000000100
0.0000000100
0.0000000100
0.0000000100
0.0000000100
0.0000000100
0.0000000100
0.0000000100
0.0000000100
0.0000000100
0.0000000100
0.0000000100
0.0000000100
0.0000000100
0.0000000100
0.0000000100
0.0000000100
0.0000000100
0.0000000100
0.0000000100
0.0000000100
0.0000000100
0.0000000100
0.0000000100
0.0000000100
0.0000000100
0.0000000100
0.0000000100
0.0000000100
0.0000000100
0.0000000100
0.0000000100
0.0000000100
0.0000000100
0.0000000100
0.0000000100
0.0000000100
0.0000000100
0.0000000100
0.0000000100
0.0000000100
0.0000000100
0.0000000100
0.0000000100
0.0000000100
0.0000000100
0.0000000100
0.0000000100
0.0000000100
0.0000000100
0.0000000100
0.0000000100
0.0000000100
0.0000000100
0.0000000100
0.0000000100
0.0000000100
0.0000000100
0.0000000100
0.0000000100
0.0000000100
0.0000000100
0.0000000100
0.0000000100
0.0000000100
0.0000000100
0.0000000100
0.0000000100
0.0000000100
0.0000000100
0.0000000100
0.0000000100
0.0000000100
0.0000000100
0.0000000100
0.0000000100
0.0000000100
0.0000000100
0.0000000100
0.0000000100
0.0000000100
0.0000000100
0.0000000100
0.0000000100
0.0000000100
0.0000000100
0.0000000100
0.0000000100
0.0000000100
0.0000000100
0.0000000100
0.0000000100
0.0000000100
0.0000000100
0.0000000100
0.0000000100
0.0000000100
0.0000000100
0.0000000100
0.0000000100
0.0000000100
0.0000000100
0.0000000100
0.0000000100
0.0000000100
0.0000000100
0.0000000100
0.0000000100
0.0000000100
0.0000000100
0.0000000100
0.0000000100
0.0000000100
0.0000000100
0.0000000100
0.0000000100
0.0000000100
0.0000000100
0.0000000100
0.0000000100
0.0000000100
0.0000000100
0.0000000100
0.0000000100
0.0000000100
0.0000000100
0.0000000100
0.0000000100
0.0000000100
0.0000000100
0.0000000100
0.0000000100
0.0000000100
0.0000000100
0.0000000100
0.0000000100
0.0000000100
0.0000000100
0.0000000100
