0.0825066667
0.0788800000
0.0886933333
0.0848000000
0.0798933333
0.0798400000
0.0818133333
0.0804800000
0.0809600000
0.0796800000
0.0829866667
0.0813866667
0.0804266667
0.0803200000
0.0798400000
0.0838400000
0.0750400000
0.0788800000
0.0829333333
0.0781866667
0.0778133333
0.0788800000
0.0844800000
0.0813866667
0.0789333333
0.0773333333
0.0779733333
0.0777066667
0.0731733333
0.0708266667
0.0683733333
0.0595733333
0.0681066667
0.0731733333
0.0718400000
0.0656000000
0.0611733333
0.0629866667
0.0654400000
0.0629333333
0.0625600000
0.0538133333
0.0546133333
0.0533066667
0.0507786667
0.0498880000
0.0453280000
0.0467146667
0.0437013333
0.0395093333
0.0358080000
0.0360533333
0.0397546667
0.0339786667
0.0348693333
0.0333653333
0.0274666667
0.0301920000
0.0302720000
0.0269760000
0.0303573333
0.0222186667
0.0217280000
0.0221760000
0.0221760000
0.0203840000
0.0197333333
0.0173760000
0.0187786667
0.0158293333
0.0144640000
0.0136906667
0.0131840000
0.0125920000
0.0123520000
0.0110293333
0.0156640000
0.0112106667
0.0098240000
0.0137920000
0.0095093333
0.0086560000
0.0109866667
0.0096053333
0.0114720000
0.0106186667
0.0121066667
0.0110293333
0.0105173333
0.0107626667
0.0095520000
0.0101546667
0.0099093333
0.0114933333
0.0079733333
0.0107040000
0.0079626667
0.0081066667
0.0085333333
0.0072640000
0.0067466667
0.0077493333
0.0056373333
0.0070986667
0.0059840000
0.0084213333
0.0075680000
0.0068746667
0.0069066667
0.0055946667
0.0052997333
0.0041861333
0.0055733333
0.0055733333
0.0067146667
0.0047301333
0.0067253333
0.0052389333
0.0072533333
0.0059520000
0.0077120000
0.0085226667
0.0071200000
0.0082506667
0.0093600000
0.0083093333
0.0087093333
0.0097226667
0.0105386667
0.0088586667
0.0109066667
0.0098880000
0.0109653333
0.0128373333
0.0101333333
0.0122293333
0.0104960000
0.0106613333
0.0130026667
0.0150560000
0.0171306667
0.0136906667
0.0153813333
0.0152586667
0.0135306667
0.0136906667
0.0154240000
0.0145493333
0.0145653333
0.0207093333
0.0220960000
0.0193706667
0.0180053333
0.0214826667
0.0220160000
0.0220960000
0.0225013333
0.0234400000
0.0231946667
0.0253920000
0.0315360000
0.0421546667
0.0445973333
0.0396320000
0.0459786667
0.0481760000
0.0501280000
0.0527360000
0.0533066667
0.0524906667
0.0573866667
0.0558400000
0.0589866667
0.0625066667
0.0613866667
0.0619200000
0.0670400000
0.0645333333
0.0685333333
0.0693333333
0.0649600000
0.0653333333
0.0699733333
0.0729066667
0.0738133333
0.0683733333
0.0696533333
0.0702400000
0.0716266667
0.0780266667
0.0698133333
0.0733866667
0.0752533333
0.0752000000
0.0779733333
0.0724266667
0.0793600000
0.0812800000
0.0801600000
0.0802666667
0.0798400000
0.0790400000
0.0773333333
0.0821866667
0.0744000000
0.0819733333
0.0826666667
0.0885333333
0.0953600000
0.0906666667
0.0970133333
0.0955200000
0.1028800000
0.1046400000
0.0919466667
0.0952000000
0.0953600000
0.0984533333
0.1041600000
0.1128000000
0.1049600000
0.1093866667
0.1128000000
0.0984533333
0.0997866667
0.1409600000
0.2444800000
0.2519466667
0.2643200000
0.2698666667
0.2200533333
0.1142400000
0.0849600000
0.0782933333
0.0752533333
0.0750400000
0.0730133333
0.0802666667
0.0782933333
0.0761600000
0.0696000000
0.0707200000
0.0737066667
0.0675200000
0.0699733333
0.0777066667
0.0748800000
0.0808000000
0.0766400000
0.0781866667
0.0810666667
0.0758400000
0.0779733333
0.0760000000
0.0764266667
0.0770666667
0.0787200000
0.0804800000
0.0806400000
0.0750933333
0.0798933333
0.0764266667
0.0776533333
0.0815466667
0.0773333333
0.0764800000
0.0727466667
0.0694933333
0.0794133333
0.0807466667
0.0826666667
0.0766400000
0.0874133333
0.0835200000
0.0814400000
0.0826666667
0.0832533333
0.0838400000
0.0872533333
0.0859200000
0.0846400000
0.0960533333
0.1038400000
0.0956800000
0.0913066667
0.0903466667
0.0976533333
0.1082133333
0.0982933333
0.1024000000
0.0993066667
0.0914666667
0.0942400000
0.0971733333
0.1044800000
0.0984533333
0.1012266667
0.1061333333
0.1058133333
0.1090666667
0.1069333333
0.1106666667
0.1165333333
0.1121600000
0.1077333333
0.1101866667
0.1155733333
0.1113066667
0.1062933333
0.0976533333
0.1025600000
0.0976533333
0.0921066667
0.0936000000
0.0921066667
0.0944000000
0.0894933333
0.0903466667
0.0860800000
0.0851200000
0.0800533333
0.0716800000
0.0776533333
0.0713066667
0.0665600000
0.0660800000
0.0648000000
0.0685333333
0.0650133333
0.0621866667
0.0663466667
0.0587733333
0.0593066667
0.0535466667
0.0481760000
0.0535466667
0.0463893333
0.0521653333
0.0441920000
0.0399146667
0.0447573333
0.0447573333
0.0402026667
0.0422346667
0.0417493333
0.0396746667
0.0328800000
0.0343040000
0.0296213333
0.0297866667
0.0269760000
0.0297013333
0.0236800000
0.0223413333
0.0205706667
0.0175146667
0.0203040000
0.0169493333
0.0150133333
0.0132426667
0.0116373333
0.0156640000
0.0159520000
0.0135306667
0.0116800000
0.0116586667
0.0114933333
0.0140160000
0.0113333333
0.0149120000
0.0135306667
0.0139146667
0.0113333333
0.0096960000
0.0124906667
0.0111893333
0.0108853333
0.0120853333
0.0095093333
0.0098186667
0.0108053333
0.0115360000
0.0101600000
0.0103573333
0.0092266667
0.0082613333
0.0093173333
0.0088213333
0.0066720000
0.0085653333
0.0100213333
0.0080053333
0.0081706667
0.0086240000
0.0065013333
0.0099786667
0.0071626667
0.0072106667
0.0061546667
0.0012613333
0.0009717333
0.0027365333
0.0027669333
0.0068480000
0.0066720000
0.0084853333
0.0089013333
0.0068053333
0.0061333333
0.0052896000
0.0084853333
0.0077706667
0.0060213333
0.0068640000
0.0081600000
0.0078346667
0.0068586667
0.0085120000
0.0109226667
0.0098080000
0.0084853333
0.0107040000
0.0114346667
0.0112906667
0.0112693333
0.0126560000
0.0114346667
0.0130026667
0.0100000000
0.0126933333
0.0125920000
0.0146506667
0.0146293333
0.0126933333
0.0148106667
0.0159733333
0.0137920000
0.0148320000
0.0148746667
0.0151786667
0.0151360000
0.0153813333
0.0185760000
0.0202240000
0.0201600000
0.0199200000
0.0191840000
0.0191840000
0.0215253333
0.0211200000
0.0257973333
0.0218933333
0.0240053333
0.0245760000
0.0244960000
0.0268960000
0.0266133333
0.0271786667
0.0302346667
0.0274240000
0.0329173333
0.0314560000
0.0331626667
0.0320213333
0.0288106667
0.0341386667
0.0361760000
0.0323893333
0.0368266667
0.0335306667
0.0375573333
0.0373920000
0.0367040000
0.0358880000
0.0397546667
0.0360533333
0.0390240000
0.0422346667
0.0416266667
0.0411360000
0.0414240000
0.0493973333
0.0440266667
0.0451680000
0.0444320000
0.0432960000
0.0426453333
0.0438613333
0.0446773333
0.0410560000
0.0420746667
0.0435360000
0.0409333333
0.0395093333
0.0528160000
0.0498026667
0.0459786667
0.0485813333
0.0480960000
0.0502933333
0.0474453333
0.0520853333
0.0000000100
0.0000000100
0.0000000100
0.0000000100
0.0000000100
0.0000000100
0.0000000100
0.0000000100
0.0000000100
0.0000000100
0.0000000100
0.0000000100
0.0000000100
0.0000000100
0.0000000100
0.0000000100
0.0000000100
0.0000000100
0.0000000100
0.0000000100
0.0000000100
0.0000000100
0.0000000100
0.0000000100
0.0000000100
0.0000000100
0.0000000100
0.0000000100
0.0000000100
0.0000000100
0.0000000100
0.0000000100
0.0000000100
0.0000000100
0.0000000100
0.0000000100
0.0000000100
0.0000000100
0.0000000100
0.0000000100
0.0000000100
0.0000000100
0.0000000100
0.0000000100
0.0000000100
0.0000000100
0.0000000100
0.0000000100
0.0000000100
0.0000000100
0.0000000100
0.0000000100
0.0000000100
0.0000000100
0.0000000100
0.0000000100
0.0000000100
0.0000000100
0.0000000100
0.0000000100
0.0000000100
0.0000000100
0.0000000100
0.0000000100
0.0000000100
0.0000000100
0.0000000100
0.0000000100
0.0000000100
0.0000000100
0.0000000100
0.0000000100
0.0000000100
0.0000000100
0.0000000100
0.0000000100
0.0000000100
0.0000000100
0.0000000100
0.0000000100
0.0000000100
0.0000000100
0.0000000100
0.0000000100
0.0000000100
0.0000000100
0.0000000100
0.0000000100
0.0000000100
0.0000000100
0.0000000100
0.0000000100
0.0000000100
0.0000000100
0.0000000100
0.0000000100
0.0000000100
0.0000000100
0.0000000100
0.0000000100
0.0000000100
0.0000000100
0.0000000100
0.0000000100
0.0000000100
0.0000000100
0.0000000100
0.0000000100
0.0000000100
0.0000000100
0.0000000100
0.0000000100
0.0000000100
0.0000000100
0.0000000100
0.0000000100
0.0000000100
0.0000000100
0.0000000100
0.0000000100
0.0000000100
0.0000000100
0.0000000100
0.0000000100
0.0000000100
0.0000000100
0.0000000100
0.0000000100
0.0000000100
0.0000000100
0.0000000100
0.0000000100
0.0000000100
0.0000000100
0.0000000100
0.0000000100
0.0000000100
0.0000000100
0.0000000100
0.0000000100
0.0000000100
0.0000000100
0.0000000100
0.0000000100
0.0000000100
0.0000000100
0.0000000100
0.0000000100
0.0000000100
0.0000000100
0.0000000100
0.0000000100
0.0000000100
0.0000000100
0.0000000100
0.0000000100
0.0000000100
0.0000000100
0.0000000100
0.0000000100
0.0000000100
0.0000000100
0.0000000100
0.0000000100
0.0000000100
0.0000000100
0.0000000100
0.0000000100
0.0000000100
0.0000000100
0.0000000100
0.0000000100
0.0000000100
0.0000000100
0.0000000100
0.0000000100
0.0000000100
0.0000000100
0.0000000100
0.0000000100
0.0000000100
0.0000000100
0.0000000100
0.0000000100
0.0000000100
0.0000000100
0.0000000100
0.0000000100
0.0000000100
0.0000000100
0.0000000100
0.0000000100
0.0000000100
0.0000000100
0.0000000100
0.0000000100
0.0000000100
0.0000000100
0.0000000100
0.0000000100
0.0000000100
0.0000000100
0.0000000100
0.0000000100
0.0000000100
0.0000000100
0.0000000100
0.0000000100
0.0000000100
0.0000000100
0.0000000100
0.0000000100
0.0000000100
0.0000000100
0.0000000100
0.0000000100
0.0000000100
0.0000000100
0.0000000100
0.0000000100
0.0000000100
0.0000000100
0.0000000100
0.0000000100
0.0000000100
0.0000000100
0.0000000100
0.0000000100
0.0000000100
0.0000000100
0.0000000100
0.0000000100
0.0000000100
0.0000000100
0.0000000100
0.0000000100
0.0000000100
0.0000000100
0.0000000100
0.0000000100
0.0000000100
0.0000000100
0.0000000100
0.0000000100
0.0000000100
0.0000000100
0.0000000100
0.0000000100
0.0000000100
0.0000000100
0.0000000100
0.0000000100
0.0000000100
0.0000000100
0.0000000100
0.0000000100
0.0000000100
0.0000000100
0.0000000100
0.0000000100
0.0000000100
0.0000000100
0.0000000100
0.0000000100
0.0000000100
0.0000000100
0.0000000100
0.0000000100
0.0000000100
0.0000000100
0.0000000100
0.0000000100
0.0000000100
0.0000000100
0.0000000100
0.0000000100
0.0000000100
0.0000000100
0.0000000100
0.0000000100
0.0000000100
0.0000000100
0.0000000100
0.0000000100
0.0000000100
0.0000000100
0.0000000100
0.0000000100
0.0000000100
0.0000000100
0.0000000100
0.0000000100
0.0000000100
0.0000000100
0.0000000100
0.0000000100
0.0000000100
0.0000000100
0.0000000100
0.0000000100
0.0000000100
0.0000000100
0.0000000100
0.0000000100
0.0000000100
0.0000000100
0.0000000100
0.0000000100
0.0000000100
0.0000000100
0.0000000100
0.0000000100
0.0000000100
0.0000000100
0.0000000100
0.0000000100
0.0000000100
0.0000000100
0.0000000100
0.0000000100
0.0000000100
0.0000000100
0.0000000100
0.0000000100
0.0000000100
0.0000000100
0.0000000100
0.0000000100
0.0000000100
0.0000000100
0.0000000100
0.0000000100
0.0000000100
0.0000000100
0.0000000100
0.0000000100
0.0000000100
0.0000000100
0.0000000100
0.0000000100
0.0000000100
0.0000000100
0.0000000100
0.0000000100
0.0000000100
0.0000000100
0.0000000100
0.0000000100
0.0000000100
0.0000000100
0.0000000100
0.0000000100
0.0000000100
0.0000000100
0.0000000100
0.0000000100
0.0000000100
0.0000000100
0.0000000100
0.0000000100
0.0000000100
0.0000000100
0.0000000100
0.0000000100
0.0000000100
0.0000000100
0.0000000100
0.0000000100
