0.2242099323
0.2032167043
0.2063205418
0.2183972912
0.1787810384
0.1739277652
0.2084085779
0.2132054176
0.2084085779
0.1866817156
0.1939051919
0.1558690745
0.1550225734
0.1637697517
0.1713318284
0.1758465011
0.1472347630
0.1198645598
0.1233069977
0.1141647856
0.1295146727
0.1055869074
0.1358916479
0.1377539503
0.1484762980
0.1581264108
0.1581264108
0.1696388262
0.1682844244
0.1384875847
0.1481376975
0.1656884876
0.2228555305
0.3523702032
0.3892212190
0.4525959368
0.3878668172
0.4732505643
0.4484762980
0.4057562077
0.4553611738
0.4608916479
0.4636004515
0.4278216704
0.3857787810
0.4195259594
0.4491534989
0.4484762980
0.4615688488
0.4491534989
0.4270880361
0.4078442438
0.4208803612
0.3961060948
0.4353837472
0.4326185102
0.4133182844
0.4236455982
0.4519187359
0.4897855530
0.5262979684
0.4573927765
0.4891083521
0.4746613995
0.4891083521
0.4760158014
0.4319413093
0.4408577878
0.4381489842
0.4064334086
0.4112866817
0.4064334086
0.3898984199
0.4160835214
0.4181715576
0.4415914221
0.4512415350
0.4650112867
0.4222911964
0.3788939052
0.4036681716
0.4071106095
0.3602708804
0.3802483070
0.2138826185
0.3782167043
0.3678893905
0.3272009029
0.3988713318
0.4512415350
0.4484762980
0.4174379233
0.4911963883
0.3768058691
0.3554740406
0.3630361174
0.3864559819
0.3919864560
0.3809255079
0.3802483070
0.3864559819
0.4002257336
0.3933408578
0.3754514673
0.3644469526
0.3905756208
0.4044018059
0.3768058691
0.3974604966
0.3733634312
0.4057562077
0.3913092551
0.3754514673
0.4078442438
0.4443566591
0.4443566591
0.4773702032
0.4897855530
0.4636004515
0.4401805869
0.4098758465
0.5022009029
0.4360609481
0.4650112867
0.4560383747
0.4650112867
0.4891083521
0.4546839729
0.4525959368
0.4388261851
0.3967832957
0.4278216704
0.4326185102
0.4594808126
0.3981941309
0.4023137698
0.4098758465
0.4505079007
0.4422686230
0.3974604966
0.3802483070
0.3961060948
0.3609480813
0.3554740406
0.3851015801
0.3516930023
0.3568284424
0.3926636569
0.3193002257
0.3365124153
0.3427200903
0.3165349887
0.3386004515
0.3423814898
0.3437358916
0.3479119639
0.3678893905
0.3568284424
0.3851015801
0.3272009029
0.3337471783
0.2800225734
0.2975733634
0.3248306998
0.3644469526
0.3440744921
0.3213882619
0.3913092551
0.3658013544
0.3158577878
0.3051918736
0.3151805869
0.4044018059
0.3699209932
0.3658013544
0.3898984199
0.4298532731
0.4264108352
0.4401805869
0.4519187359
0.4381489842
0.4422686230
0.4332957111
0.3995485327
0.4250564334
0.4098758465
0.4050790068
0.4401805869
0.4374153499
0.4202031603
0.4498306998
0.4588036117
0.4257336343
0.4704853273
0.4395033860
0.4677765237
0.4463882619
0.4650112867
0.4925507901
0.4732505643
0.4643340858
0.5063205418
0.4932279910
0.5035553047
0.4760158014
0.4381489842
0.4498306998
0.4305304740
0.4270880361
0.4484762980
0.4656884876
0.5352708804
0.5235327314
0.4684537246
0.5325056433
0.4718961625
0.5056433409
0.4567155756
0.4904627540
0.5132054176
0.4987584650
0.4911963883
0.4450338600
0.4588036117
0.4367381490
0.4608916479
0.4959932280
0.4581264108
0.4870203160
0.5035553047
0.4829006772
0.4925507901
0.4946388262
0.4904627540
0.4987584650
0.5022009029
0.5297404063
0.4918735892
0.4835778781
0.4739277652
0.4519187359
0.4415914221
0.4319413093
0.4188487585
0.4395033860
0.4112866817
0.4236455982
0.4085214447
0.3623589165
0.3830135440
0.4016365688
0.3754514673
0.4085214447
0.4347065463
0.4195259594
0.4305304740
0.4202031603
0.4450338600
0.4195259594
0.4085214447
0.4016365688
0.4091986456
0.3967832957
0.3954288939
0.4270880361
0.3658013544
0.3898984199
0.4009029345
0.3898984199
0.3988713318
0.4167607223
0.4160835214
0.4091986456
0.4133182844
0.3658013544
0.3871331828
0.4023137698
0.3317155756
0.3458239278
0.3802483070
0.3802483070
0.3726862302
0.3919864560
0.3809255079
0.3823363431
0.3802483070
0.3720090293
0.3782167043
0.3651241535
0.4098758465
0.4133182844
0.4250564334
0.4091986456
0.3664785553
0.3864559819
0.3926636569
0.3967832957
0.4347065463
0.3816591422
0.3733634312
0.3692437923
0.4154063205
0.3616817156
0.3871331828
0.4278216704
0.4139954853
0.3974604966
0.3509593679
0.3413656885
0.3740406321
0.3699209932
0.3499435666
0.3234198646
0.3117381490
0.2834650113
0.3482505643
0.3496049661
0.2779909707
0.2827878104
0.2200902935
0.2414785553
0.2714446953
0.2910270880
0.2310948081
0.2576185102
0.2945259594
0.2493792325
0.2580135440
0.2783295711
0.2552483070
0.3151805869
0.2972347630
0.2593679458
0.2383747178
0.2352708804
0.3306433409
0.3251693002
0.3940180587
0.3878668172
0.3317155756
0.3255079007
0.3651241535
0.3644469526
0.3165349887
0.2824492099
0.2906884876
0.2518058691
0.3268623025
0.3255079007
0.2800225734
0.2696952596
0.2455981941
0.4133182844
0.4098758465
0.3692437923
0.3034424379
0.3244920993
0.3448081264
0.2821106095
0.3255079007
0.3506207675
0.3489277652
0.3258465011
0.3516930023
0.3595936795
0.3344808126
0.3230812641
0.3213882619
0.3323927765
0.3103273138
0.3788939052
0.3313769752
0.3437358916
0.3062076749
0.2814334086
0.2748871332
0.2617945824
0.2641647856
0.2628103837
0.2459367946
0.2714446953
0.2638261851
0.2714446953
0.2717832957
0.3265237020
0.3575056433
0.3678893905
0.3575056433
0.3540632054
0.3513544018
0.3671557562
0.3788939052
0.3864559819
0.3448081264
0.3692437923
0.3823363431
0.3774830700
0.3317155756
0.4050790068
0.3913092551
0.4126410835
0.4594808126
0.4374153499
0.4581264108
0.4422686230
0.4181715576
0.3913092551
0.4374153499
0.4608916479
0.4656884876
0.4560383747
0.4491534989
0.4278216704
0.4539503386
0.5138826185
0.4622460497
0.4760158014
0.4980812641
0.4298532731
0.4332957111
0.4663656885
0.4436230248
0.4167607223
0.4202031603
0.4119638826
0.3871331828
0.4044018059
0.4298532731
0.4787810384
0.4622460497
0.4594808126
0.4450338600
0.4381489842
0.4236455982
0.4512415350
0.5111738149
0.5097629797
0.5008465011
0.4973476298
0.4801354402
0.4753386005
0.4257336343
0.4608916479
0.5001128668
0.4567155756
0.4436230248
0.4071106095
0.3919864560
0.4270880361
0.4339729120
0.4284988713
0.3836907449
0.3740406321
0.3851015801
0.4098758465
0.4408577878
0.5063205418
0.5249435666
0.5586907449
0.5138826185
0.5194130926
0.4725733634
0.4849887133
0.5277088036
0.5318284424
0.5442437923
0.5283860045
0.3802483070
0.4843115124
0.4133182844
0.4953160271
0.4636004515
0.4216139955
0.4463882619
0.4815462754
0.5077313770
0.5572799097
0.5744920993
0.5469525959
0.5801354402
0.5531602709
0.5511286682
0.5628103837
0.5304176072
0.5925507901
0.5600451467
0.5159706546
0.4663656885
0.4002257336
0.5671557562
0.5552483070
0.5393905192
0.5228555305
0.5359480813
0.5373024831
0.5090857788
0.4884311512
0.4353837472
0.4023137698
0.4532731377
0.5393905192
0.4353837472
0.0000000100
0.0000000100
0.0000000100
0.0000000100
0.0000000100
0.0000000100
0.0000000100
0.0000000100
0.0000000100
0.0000000100
0.0000000100
0.0000000100
0.0000000100
0.0000000100
0.0000000100
0.0000000100
0.0000000100
0.0000000100
0.0000000100
0.0000000100
0.0000000100
0.0000000100
0.0000000100
0.0000000100
0.0000000100
0.0000000100
0.0000000100
0.0000000100
0.0000000100
0.0000000100
0.0000000100
0.0000000100
0.0000000100
0.0000000100
0.0000000100
0.0000000100
0.0000000100
0.0000000100
0.0000000100
0.0000000100
0.0000000100
0.0000000100
0.0000000100
0.0000000100
0.0000000100
0.0000000100
0.0000000100
0.0000000100
0.0000000100
0.0000000100
0.0000000100
0.0000000100
0.0000000100
0.0000000100
0.0000000100
0.0000000100
0.0000000100
0.0000000100
0.0000000100
0.0000000100
0.0000000100
0.0000000100
0.0000000100
0.0000000100
0.0000000100
0.0000000100
0.0000000100
0.0000000100
0.0000000100
0.0000000100
0.0000000100
0.0000000100
0.0000000100
0.0000000100
0.0000000100
0.0000000100
0.0000000100
0.0000000100
0.0000000100
0.0000000100
0.0000000100
0.0000000100
0.0000000100
0.0000000100
0.0000000100
0.0000000100
0.0000000100
0.0000000100
0.0000000100
0.0000000100
0.0000000100
0.0000000100
0.0000000100
0.0000000100
0.0000000100
0.0000000100
0.0000000100
0.0000000100
0.0000000100
0.0000000100
0.0000000100
0.0000000100
0.0000000100
0.0000000100
0.0000000100
0.0000000100
0.0000000100
0.0000000100
0.0000000100
0.0000000100
0.0000000100
0.0000000100
0.0000000100
0.0000000100
0.0000000100
0.0000000100
0.0000000100
0.0000000100
0.0000000100
0.0000000100
0.0000000100
0.0000000100
0.0000000100
0.0000000100
0.0000000100
0.0000000100
0.0000000100
0.0000000100
0.0000000100
0.0000000100
0.0000000100
0.0000000100
0.0000000100
0.0000000100
0.0000000100
0.0000000100
0.0000000100
0.0000000100
0.0000000100
0.0000000100
0.0000000100
0.0000000100
0.0000000100
0.0000000100
0.0000000100
0.0000000100
0.0000000100
0.0000000100
0.0000000100
0.0000000100
0.0000000100
0.0000000100
0.0000000100
0.0000000100
0.0000000100
0.0000000100
0.0000000100
0.0000000100
0.0000000100
0.0000000100
0.0000000100
0.0000000100
0.0000000100
0.0000000100
0.0000000100
0.0000000100
0.0000000100
0.0000000100
0.0000000100
0.0000000100
0.0000000100
0.0000000100
0.0000000100
0.0000000100
0.0000000100
0.0000000100
0.0000000100
0.0000000100
0.0000000100
0.0000000100
0.0000000100
0.0000000100
0.0000000100
0.0000000100
0.0000000100
0.0000000100
0.0000000100
0.0000000100
0.0000000100
0.0000000100
0.0000000100
0.0000000100
0.0000000100
0.0000000100
0.0000000100
0.0000000100
0.0000000100
0.0000000100
0.0000000100
0.0000000100
0.0000000100
0.0000000100
0.0000000100
0.0000000100
0.0000000100
0.0000000100
0.0000000100
0.0000000100
0.0000000100
0.0000000100
0.0000000100
0.0000000100
0.0000000100
0.0000000100
0.0000000100
0.0000000100
0.0000000100
0.0000000100
0.0000000100
0.0000000100
0.0000000100
0.0000000100
0.0000000100
0.0000000100
0.0000000100
0.0000000100
0.0000000100
0.0000000100
0.0000000100
0.0000000100
0.0000000100
0.0000000100
0.0000000100
0.0000000100
0.0000000100
0.0000000100
0.0000000100
0.0000000100
0.0000000100
0.0000000100
0.0000000100
0.0000000100
0.0000000100
0.0000000100
0.0000000100
0.0000000100
0.0000000100
0.0000000100
0.0000000100
0.0000000100
0.0000000100
0.0000000100
0.0000000100
0.0000000100
0.0000000100
0.0000000100
0.0000000100
0.0000000100
0.0000000100
0.0000000100
0.0000000100
0.0000000100
0.0000000100
0.0000000100
0.0000000100
0.0000000100
0.0000000100
0.0000000100
0.0000000100
0.0000000100
0.0000000100
0.0000000100
0.0000000100
0.0000000100
0.0000000100
0.0000000100
0.0000000100
0.0000000100
0.0000000100
0.0000000100
0.0000000100
0.0000000100
0.0000000100
0.0000000100
0.0000000100
0.0000000100
0.0000000100
0.0000000100
0.0000000100
0.0000000100
0.0000000100
0.0000000100
0.0000000100
0.0000000100
0.0000000100
0.0000000100
0.0000000100
0.0000000100
0.0000000100
0.0000000100
0.0000000100
0.0000000100
0.0000000100
0.0000000100
0.0000000100
0.0000000100
0.0000000100
0.0000000100
0.0000000100
0.0000000100
0.0000000100
0.0000000100
0.0000000100
0.0000000100
0.0000000100
0.0000000100
0.0000000100
0.0000000100
0.0000000100
0.0000000100
0.0000000100
0.0000000100
0.0000000100
0.0000000100
0.0000000100
0.0000000100
0.0000000100
0.0000000100
0.0000000100
0.0000000100
0.0000000100
0.0000000100
0.0000000100
0.0000000100
0.0000000100
0.0000000100
0.0000000100
0.0000000100
0.0000000100
0.0000000100
0.0000000100
0.0000000100
0.0000000100
0.0000000100
0.0000000100
0.0000000100
0.0000000100
0.0000000100
0.0000000100
0.0000000100
0.0000000100
0.0000000100
0.0000000100
0.0000000100
0.0000000100
0.0000000100
0.0000000100
0.0000000100
0.0000000100
0.0000000100
0.0000000100
0.0000000100
0.0000000100
0.0000000100
0.0000000100
0.0000000100
0.0000000100
0.0000000100
