0.0815466667
0.0843200000
0.0864000000
0.0811200000
0.0848000000
0.0859200000
0.0790400000
0.0792000000
0.0800533333
0.0848000000
0.0804800000
0.0804800000
0.0798400000
0.0790933333
0.0815466667
0.0813866667
0.0739733333
0.0867733333
0.0801600000
0.0841600000
0.0805866667
0.0766400000
0.0844800000
0.0841600000
0.0781333333
0.0776533333
0.0781333333
0.0789333333
0.0738133333
0.0745600000
0.0727466667
0.0686933333
0.0699733333
0.0670400000
0.0777066667
0.0682666667
0.0638933333
0.0664000000
0.0685333333
0.0660800000
0.0615466667
0.0600000000
0.0534933333
0.0523253333
0.0533866667
0.0495626667
0.0487466667
0.0493173333
0.0454080000
0.0395093333
0.0409333333
0.0406880000
0.0378400000
0.0354826667
0.0351146667
0.0331626667
0.0323093333
0.0302346667
0.0314133333
0.0288480000
0.0259626667
0.0241280000
0.0219733333
0.0205493333
0.0191040000
0.0183520000
0.0211200000
0.0202453333
0.0181706667
0.0157280000
0.0148533333
0.0146080000
0.0140160000
0.0144640000
0.0149760000
0.0119040000
0.0133066667
0.0127146667
0.0114346667
0.0108640000
0.0126346667
0.0104800000
0.0123893333
0.0118026667
0.0107413333
0.0114720000
0.0113706667
0.0100480000
0.0101013333
0.0106613333
0.0072960000
0.0108213333
0.0104586667
0.0103360000
0.0085866667
0.0079040000
0.0100426667
0.0076800000
0.0074560000
0.0073120000
0.0065600000
0.0083306667
0.0067840000
0.0104800000
0.0071520000
0.0074560000
0.0055040000
0.0071840000
0.0080746667
0.0066613333
0.0042773333
0.0042522667
0.0055360000
0.0071413333
0.0051114667
0.0063680000
0.0067946667
0.0065120000
0.0073440000
0.0081493333
0.0074560000
0.0087306667
0.0066613333
0.0093173333
0.0107413333
0.0092266667
0.0101013333
0.0095306667
0.0096640000
0.0100480000
0.0116800000
0.0124906667
0.0106186667
0.0114720000
0.0135306667
0.0128373333
0.0137546667
0.0144853333
0.0134880000
0.0146293333
0.0170080000
0.0144853333
0.0157066667
0.0140160000
0.0130400000
0.0157866667
0.0147893333
0.0159733333
0.0164373333
0.0194506667
0.0156053333
0.0196533333
0.0208106667
0.0203466667
0.0254720000
0.0210773333
0.0237226667
0.0215253333
0.0227840000
0.0234773333
0.0338933333
0.0419946667
0.0399573333
0.0485013333
0.0503733333
0.0501280000
0.0520000000
0.0536533333
0.0564800000
0.0561600000
0.0600000000
0.0580266667
0.0585066667
0.0603200000
0.0608533333
0.0587733333
0.0628266667
0.0669866667
0.0690133333
0.0682666667
0.0654400000
0.0669866667
0.0688533333
0.0752533333
0.0786133333
0.0727466667
0.0714666667
0.0760000000
0.0699733333
0.0689066667
0.0736533333
0.0702933333
0.0736533333
0.0778666667
0.0792533333
0.0747200000
0.0764266667
0.0754133333
0.0764266667
0.0841600000
0.0790933333
0.0781866667
0.0836800000
0.0840000000
0.0773333333
0.0846400000
0.0893333333
0.0913066667
0.0893333333
0.0921066667
0.0962133333
0.0994666667
0.0940800000
0.0971733333
0.0965333333
0.0968533333
0.0976533333
0.0942400000
0.1059733333
0.1093866667
0.1113066667
0.1080533333
0.1131200000
0.1013866667
0.0971733333
0.1435733333
0.2353600000
0.2601066667
0.2692266667
0.2701866667
0.2304533333
0.1253333333
0.0804800000
0.0783466667
0.0707200000
0.0756800000
0.0730666667
0.0771733333
0.0841600000
0.0785066667
0.0813866667
0.0721066667
0.0708266667
0.0781866667
0.0772266667
0.0768000000
0.0798400000
0.0760000000
0.0785066667
0.0752000000
0.0723733333
0.0846400000
0.0744000000
0.0770666667
0.0723733333
0.0793600000
0.0763200000
0.0769600000
0.0810666667
0.0769066667
0.0738133333
0.0790400000
0.0807466667
0.0780266667
0.0798400000
0.0784533333
0.0794133333
0.0739733333
0.0718400000
0.0783466667
0.0754133333
0.0792000000
0.0849600000
0.0790400000
0.0778666667
0.0872533333
0.0777066667
0.0838400000
0.0819733333
0.0818666667
0.0878933333
0.0942400000
0.0919466667
0.0936000000
0.0958400000
0.0960533333
0.0978133333
0.1022400000
0.0976533333
0.0968533333
0.0982933333
0.0934400000
0.0932800000
0.1017066667
0.1038400000
0.1051200000
0.0932800000
0.1038400000
0.1098666667
0.1100266667
0.1075733333
0.1089066667
0.1074133333
0.1158933333
0.1092266667
0.1123200000
0.1052800000
0.1101866667
0.1069333333
0.0999466667
0.1092266667
0.1061333333
0.1009066667
0.0962133333
0.0960533333
0.0944000000
0.0955200000
0.0291360000
0.1800000000
0.0854400000
0.0862400000
0.0851200000
0.0794133333
0.0762666667
0.0773866667
0.0667200000
0.0744000000
0.0686933333
0.0707200000
0.0616000000
0.0627200000
0.0610133333
0.0608000000
0.0548266667
0.0538133333
0.0498026667
0.0521653333
0.0512693333
0.0445173333
0.0475253333
0.0452480000
0.0422346667
0.0431306667
0.0383733333
0.0376000000
0.0399146667
0.0299893333
0.0304746667
0.0310880000
0.0293760000
0.0269760000
0.0307626667
0.0208746667
0.0227040000
0.0215680000
0.0187573333
0.0148533333
0.0170293333
0.0156480000
0.0154400000
0.0130826667
0.0152160000
0.0144640000
0.0129386667
0.0133280000
0.0140000000
0.0146880000
0.0154240000
0.0130826667
0.0135520000
0.0130186667
0.0115573333
0.0134506667
0.0121280000
0.0103466667
0.0106186667
0.0107626667
0.0095306667
0.0104586667
0.0097173333
0.0102133333
0.0085226667
0.0092053333
0.0096853333
0.0089226667
0.0103040000
0.0109226667
0.0102666667
0.0076106667
0.0080746667
0.0083093333
0.0077600000
0.0079840000
0.0081866667
0.0088800000
0.0079253333
0.0076800000
0.0061333333
0.0051776000
0.0012005333
0.0006357333
0.0016528000
0.0028128000
0.0063146667
0.0086560000
0.0082986667
0.0093866667
0.0080160000
0.0048218667
0.0051472000
0.0079360000
0.0087680000
0.0074453333
0.0084213333
0.0083840000
0.0070186667
0.0077600000
0.0098880000
0.0100693333
0.0111680000
0.0103573333
0.0089600000
0.0127146667
0.0108213333
0.0116800000
0.0103253333
0.0130826667
0.0124320000
0.0136533333
0.0101333333
0.0117173333
0.0137760000
0.0136906667
0.0140586667
0.0142826667
0.0171893333
0.0159733333
0.0142026667
0.0175146667
0.0158880000
0.0168480000
0.0148746667
0.0188800000
0.0208320000
0.0224213333
0.0225013333
0.0199200000
0.0193280000
0.0193493333
0.0241280000
0.0202826667
0.0225013333
0.0253066667
0.0233973333
0.0261653333
0.0297440000
0.0270186667
0.0297866667
0.0317386667
0.0297440000
0.0351146667
0.0325546667
0.0336906667
0.0381280000
0.0369066667
0.0318613333
0.0352800000
0.0361333333
0.0334453333
0.0427253333
0.0404053333
0.0381653333
0.0376800000
0.0369066667
0.0400000000
0.0380853333
0.0399573333
0.0372320000
0.0383733333
0.0385760000
0.0375573333
0.0390613333
0.0422346667
0.0420746667
0.0424000000
0.0416266667
0.0445173333
0.0457333333
0.0466293333
0.0420746667
0.0418293333
0.0437813333
0.0410986667
0.0493173333
0.0476906667
0.0450826667
0.0453280000
0.0457333333
0.0441920000
0.0511093333
0.0462240000
0.0497226667
0.0000000100
0.0000000100
0.0000000100
0.0000000100
0.0000000100
0.0000000100
0.0000000100
0.0000000100
0.0000000100
0.0000000100
0.0000000100
0.0000000100
0.0000000100
0.0000000100
0.0000000100
0.0000000100
0.0000000100
0.0000000100
0.0000000100
0.0000000100
0.0000000100
0.0000000100
0.0000000100
0.0000000100
0.0000000100
0.0000000100
0.0000000100
0.0000000100
0.0000000100
0.0000000100
0.0000000100
0.0000000100
0.0000000100
0.0000000100
0.0000000100
0.0000000100
0.0000000100
0.0000000100
0.0000000100
0.0000000100
0.0000000100
0.0000000100
0.0000000100
0.0000000100
0.0000000100
0.0000000100
0.0000000100
0.0000000100
0.0000000100
0.0000000100
0.0000000100
0.0000000100
0.0000000100
0.0000000100
0.0000000100
0.0000000100
0.0000000100
0.0000000100
0.0000000100
0.0000000100
0.0000000100
0.0000000100
0.0000000100
0.0000000100
0.0000000100
0.0000000100
0.0000000100
0.0000000100
0.0000000100
0.0000000100
0.0000000100
0.0000000100
0.0000000100
0.0000000100
0.0000000100
0.0000000100
0.0000000100
0.0000000100
0.0000000100
0.0000000100
0.0000000100
0.0000000100
0.0000000100
0.0000000100
0.0000000100
0.0000000100
0.0000000100
0.0000000100
0.0000000100
0.0000000100
0.0000000100
0.0000000100
0.0000000100
0.0000000100
0.0000000100
0.0000000100
0.0000000100
0.0000000100
0.0000000100
0.0000000100
0.0000000100
0.0000000100
0.0000000100
0.0000000100
0.0000000100
0.0000000100
0.0000000100
0.0000000100
0.0000000100
0.0000000100
0.0000000100
0.0000000100
0.0000000100
0.0000000100
0.0000000100
0.0000000100
0.0000000100
0.0000000100
0.0000000100
0.0000000100
0.0000000100
0.0000000100
0.0000000100
0.0000000100
0.0000000100
0.0000000100
0.0000000100
0.0000000100
0.0000000100
0.0000000100
0.0000000100
0.0000000100
0.0000000100
0.0000000100
0.0000000100
0.0000000100
0.0000000100
0.0000000100
0.0000000100
0.0000000100
0.0000000100
0.0000000100
0.0000000100
0.0000000100
0.0000000100
0.0000000100
0.0000000100
0.0000000100
0.0000000100
0.0000000100
0.0000000100
0.0000000100
0.0000000100
0.0000000100
0.0000000100
0.0000000100
0.0000000100
0.0000000100
0.0000000100
0.0000000100
0.0000000100
0.0000000100
0.0000000100
0.0000000100
0.0000000100
0.0000000100
0.0000000100
0.0000000100
0.0000000100
0.0000000100
0.0000000100
0.0000000100
0.0000000100
0.0000000100
0.0000000100
0.0000000100
0.0000000100
0.0000000100
0.0000000100
0.0000000100
0.0000000100
0.0000000100
0.0000000100
0.0000000100
0.0000000100
0.0000000100
0.0000000100
0.0000000100
0.0000000100
0.0000000100
0.0000000100
0.0000000100
0.0000000100
0.0000000100
0.0000000100
0.0000000100
0.0000000100
0.0000000100
0.0000000100
0.0000000100
0.0000000100
0.0000000100
0.0000000100
0.0000000100
0.0000000100
0.0000000100
0.0000000100
0.0000000100
0.0000000100
0.0000000100
0.0000000100
0.0000000100
0.0000000100
0.0000000100
0.0000000100
0.0000000100
0.0000000100
0.0000000100
0.0000000100
0.0000000100
0.0000000100
0.0000000100
0.0000000100
0.0000000100
0.0000000100
0.0000000100
0.0000000100
0.0000000100
0.0000000100
0.0000000100
0.0000000100
0.0000000100
0.0000000100
0.0000000100
0.0000000100
0.0000000100
0.0000000100
0.0000000100
0.0000000100
0.0000000100
0.0000000100
0.0000000100
0.0000000100
0.0000000100
0.0000000100
0.0000000100
0.0000000100
0.0000000100
0.0000000100
0.0000000100
0.0000000100
0.0000000100
0.0000000100
0.0000000100
0.0000000100
0.0000000100
0.0000000100
0.0000000100
0.0000000100
0.0000000100
0.0000000100
0.0000000100
0.0000000100
0.0000000100
0.0000000100
0.0000000100
0.0000000100
0.0000000100
0.0000000100
0.0000000100
0.0000000100
0.0000000100
0.0000000100
0.0000000100
0.0000000100
0.0000000100
0.0000000100
0.0000000100
0.0000000100
0.0000000100
0.0000000100
0.0000000100
0.0000000100
0.0000000100
0.0000000100
0.0000000100
0.0000000100
0.0000000100
0.0000000100
0.0000000100
0.0000000100
0.0000000100
0.0000000100
0.0000000100
0.0000000100
0.0000000100
0.0000000100
0.0000000100
0.0000000100
0.0000000100
0.0000000100
0.0000000100
0.0000000100
0.0000000100
0.0000000100
0.0000000100
0.0000000100
0.0000000100
0.0000000100
0.0000000100
0.0000000100
0.0000000100
0.0000000100
0.0000000100
0.0000000100
0.0000000100
0.0000000100
0.0000000100
0.0000000100
0.0000000100
0.0000000100
0.0000000100
0.0000000100
0.0000000100
0.0000000100
0.0000000100
0.0000000100
0.0000000100
0.0000000100
0.0000000100
0.0000000100
0.0000000100
0.0000000100
0.0000000100
0.0000000100
0.0000000100
0.0000000100
0.0000000100
0.0000000100
0.0000000100
0.0000000100
0.0000000100
0.0000000100
0.0000000100
0.0000000100
0.0000000100
0.0000000100
0.0000000100
0.0000000100
0.0000000100
0.0000000100
0.0000000100
0.0000000100
0.0000000100
0.0000000100
0.0000000100
0.0000000100
0.0000000100
0.0000000100
0.0000000100
0.0000000100
0.0000000100
0.0000000100
0.0000000100
0.0000000100
0.0000000100
0.0000000100
0.0000000100
