0.3081600000
0.2929600000
0.2929600000
0.3086400000
0.3041600000
0.3120000000
0.3169600000
0.3072000000
0.3286400000
0.3174400000
0.3412800000
0.3110400000
0.3060800000
0.2777600000
0.2822400000
0.2608000000
0.2748800000
0.2660800000
0.2748800000
0.2684800000
0.2827200000
0.3003200000
0.3100800000
0.2993600000
0.2993600000
0.3310400000
0.2929600000
0.2896000000
0.2691200000
0.2846400000
0.2696000000
0.2812800000
0.2832000000
0.2915200000
0.3203200000
0.2865600000
0.2993600000
0.2846400000
0.2963200000
0.3164800000
0.2929600000
0.2739200000
0.2744000000
0.2691200000
0.2636800000
0.2622400000
0.2656000000
0.2414400000
0.2428800000
0.2385600000
0.2691200000
0.3222400000
0.2875200000
0.2784000000
0.2587200000
0.2524800000
0.2412800000
0.2448000000
0.2401600000
0.2636800000
0.2544000000
0.2243200000
0.2520000000
0.2246400000
0.2651200000
0.2505600000
0.2465600000
0.2265600000
0.2366400000
0.2099200000
0.2292800000
0.2284800000
0.2396800000
0.1913600000
0.2088000000
0.1912000000
0.2020800000
0.1972800000
0.2048000000
0.2006400000
0.1841600000
0.1992000000
0.2033600000
0.1985600000
0.1875200000
0.1953600000
0.1691200000
0.1611200000
0.1686400000
0.1680000000
0.1633600000
0.1892800000
0.1723200000
0.1884800000
0.2065600000
0.1918400000
0.2038400000
0.2020800000
0.1888000000
0.1809600000
0.1948800000
0.1796800000
0.1816000000
0.1820800000
0.1806400000
0.1795200000
0.1851200000
0.1892800000
0.1875200000
0.1872000000
0.1892800000
0.1801600000
0.1652800000
0.1665600000
0.1712000000
0.1694400000
0.1742400000
0.1788800000
0.1689600000
0.1763200000
0.1913600000
0.1800000000
0.1820800000
0.1904000000
0.1708800000
0.1796800000
0.1825600000
0.1913600000
0.2131200000
0.2025600000
0.2052800000
0.2113600000
0.1921600000
0.2062400000
0.2006400000
0.2113600000
0.2216000000
0.2107200000
0.2209600000
0.2265600000
0.2294400000
0.2283200000
0.2395200000
0.2297600000
0.2422400000
0.2441600000
0.2377600000
0.2468800000
0.2572800000
0.2494400000
0.2636800000
0.2587200000
0.2651200000
0.2896000000
0.2875200000
0.2881600000
0.2875200000
0.2739200000
0.2953600000
0.3198400000
0.3203200000
0.3241600000
0.3452800000
0.3369600000
0.3436800000
0.3315200000
0.3432000000
0.3481600000
0.3608000000
0.3344000000
0.3369600000
0.3540800000
0.3432000000
0.3505600000
0.3457600000
0.3555200000
0.3817600000
0.3993600000
0.4076800000
0.4028800000
0.3886400000
0.3867200000
0.3760000000
0.3764800000
0.3916800000
0.3921600000
0.3812800000
0.3681600000
0.3755200000
0.3700800000
0.3467200000
0.3793600000
0.4014400000
0.4072000000
0.4560000000
0.4179200000
0.4086400000
0.4024000000
0.3950400000
0.3886400000
0.3848000000
0.3945600000
0.3886400000
0.3926400000
0.3950400000
0.3774400000
0.4062400000
0.4204800000
0.4188800000
0.4204800000
0.3940800000
0.3886400000
0.4028800000
0.3724800000
0.3696000000
0.3950400000
0.3910400000
0.4076800000
0.3876800000
0.3955200000
0.3886400000
0.4326400000
0.4512000000
0.4400000000
0.4692800000
0.4467200000
0.4545600000
0.4355200000
0.4326400000
0.4355200000
0.4281600000
0.4395200000
0.4424000000
0.4257600000
0.3881600000
0.4184000000
0.4209600000
0.4096000000
0.4384000000
0.4179200000
0.4312000000
0.4400000000
0.4336000000
0.4312000000
0.4057600000
0.4107200000
0.4219200000
0.4072000000
0.3931200000
0.4057600000
0.3910400000
0.3964800000
0.4014400000
0.3921600000
0.3940800000
0.4048000000
0.4184000000
0.4291200000
0.4345600000
0.4081600000
0.4248000000
0.4057600000
0.4155200000
0.3969600000
0.3848000000
0.3921600000
0.3648000000
0.3745600000
0.3769600000
0.3672000000
0.3731200000
0.3755200000
0.3534400000
0.3622400000
0.3691200000
0.3812800000
0.3750400000
0.3491200000
0.3710400000
0.3691200000
0.3686400000
0.3700800000
0.3545600000
0.3417600000
0.3496000000
0.3500800000
0.3603200000
0.3724800000
0.3412800000
0.3432000000
0.3564800000
0.3422400000
0.3784000000
0.3798400000
0.3550400000
0.3681600000
0.3676800000
0.3798400000
0.3593600000
0.3652800000
0.3643200000
0.3603200000
0.3833600000
0.3667200000
0.3910400000
0.3931200000
0.4243200000
0.3779200000
0.3667200000
0.3608000000
0.3828800000
0.3705600000
0.3760000000
0.3843200000
0.3788800000
0.3803200000
0.3686400000
0.3540800000
0.3520000000
0.3217600000
0.3505600000
0.3441600000
0.3350400000
0.3524800000
0.3648000000
0.3638400000
0.3731200000
0.3500800000
0.3505600000
0.3500800000
0.3305600000
0.3379200000
0.3241600000
0.3350400000
0.3203200000
0.3022400000
0.3041600000
0.3072000000
0.3212800000
0.3360000000
0.3388800000
0.3086400000
0.2803200000
0.2870400000
0.2856000000
0.2798400000
0.2720000000
0.2572800000
0.2798400000
0.2660800000
0.2920000000
0.2836800000
0.2587200000
0.2372800000
0.2302400000
0.2622400000
0.2227200000
0.2243200000
0.2196800000
0.2348800000
0.2409600000
0.2227200000
0.2355200000
0.2380800000
0.2361600000
0.2153600000
0.1912000000
0.2121600000
0.2248000000
0.1958400000
0.1769600000
0.1814400000
0.2043200000
0.2092800000
0.2108800000
0.2016000000
0.2057600000
0.2164800000
0.2172800000
0.2062400000
0.1939200000
0.1736000000
0.1820800000
0.1652800000
0.1591840000
0.1560000000
0.1675200000
0.1713600000
0.1676800000
0.1838400000
0.1880000000
0.2025600000
0.1753600000
0.1763200000
0.1684800000
0.1702400000
0.1586880000
0.1768000000
0.1745600000
0.1474560000
0.1750400000
0.1774400000
0.1892800000
0.1856000000
0.1928000000
0.2083200000
0.1987200000
0.1939200000
0.1960000000
0.1760000000
0.1828800000
0.1819200000
0.1788800000
0.1848000000
0.1782400000
0.1931200000
0.1968000000
0.1870400000
0.2001600000
0.1913600000
0.1977600000
0.2056000000
0.2019200000
0.2124800000
0.2011200000
0.2088000000
0.2099200000
0.2294400000
0.2238400000
0.2382400000
0.2172800000
0.2572800000
0.2358400000
0.2739200000
0.2459200000
0.2587200000
0.2772800000
0.2691200000
0.2515200000
0.2459200000
0.3056000000
0.3164800000
0.3217600000
0.3096000000
0.3174400000
0.3232000000
0.3524800000
0.3441600000
0.3158400000
0.3555200000
0.3452800000
0.3448000000
0.3291200000
0.3462400000
0.3188800000
0.3184000000
0.3452800000
0.3686400000
0.3672000000
0.3740800000
0.3769600000
0.3534400000
0.3779200000
0.3344000000
0.3774400000
0.3700800000
0.3705600000
0.3755200000
0.3974400000
0.3774400000
0.4262400000
0.4200000000
0.4228800000
0.3905600000
0.3876800000
0.3808000000
0.3993600000
0.3657600000
0.3969600000
0.3910400000
0.4096000000
0.3950400000
0.4057600000
0.4404800000
0.0000001600
0.4502400000
0.5488000000
0.5254400000
0.5195200000
0.4966400000
0.4628800000
0.4243200000
0.4233600000
0.4580800000
0.4633600000
0.4384000000
0.4262400000
0.4678400000
0.4692800000
0.4624000000
0.4521600000
0.4472000000
0.0000000100
0.0000000100
0.0000000100
0.0000000100
0.0000000100
0.0000000100
0.0000000100
0.0000000100
0.0000000100
0.0000000100
0.0000000100
0.0000000100
0.0000000100
0.0000000100
0.0000000100
0.0000000100
0.0000000100
0.0000000100
0.0000000100
0.0000000100
0.0000000100
0.0000000100
0.0000000100
0.0000000100
0.0000000100
0.0000000100
0.0000000100
0.0000000100
0.0000000100
0.0000000100
0.0000000100
0.0000000100
0.0000000100
0.0000000100
0.0000000100
0.0000000100
0.0000000100
0.0000000100
0.0000000100
0.0000000100
0.0000000100
0.0000000100
0.0000000100
0.0000000100
0.0000000100
0.0000000100
0.0000000100
0.0000000100
0.0000000100
0.0000000100
0.0000000100
0.0000000100
0.0000000100
0.0000000100
0.0000000100
0.0000000100
0.0000000100
0.0000000100
0.0000000100
0.0000000100
0.0000000100
0.0000000100
0.0000000100
0.0000000100
0.0000000100
0.0000000100
0.0000000100
0.0000000100
0.0000000100
0.0000000100
0.0000000100
0.0000000100
0.0000000100
0.0000000100
0.0000000100
0.0000000100
0.0000000100
0.0000000100
0.0000000100
0.0000000100
0.0000000100
0.0000000100
0.0000000100
0.0000000100
0.0000000100
0.0000000100
0.0000000100
0.0000000100
0.0000000100
0.0000000100
0.0000000100
0.0000000100
0.0000000100
0.0000000100
0.0000000100
0.0000000100
0.0000000100
0.0000000100
0.0000000100
0.0000000100
0.0000000100
0.0000000100
0.0000000100
0.0000000100
0.0000000100
0.0000000100
0.0000000100
0.0000000100
0.0000000100
0.0000000100
0.0000000100
0.0000000100
0.0000000100
0.0000000100
0.0000000100
0.0000000100
0.0000000100
0.0000000100
0.0000000100
0.0000000100
0.0000000100
0.0000000100
0.0000000100
0.0000000100
0.0000000100
0.0000000100
0.0000000100
0.0000000100
0.0000000100
0.0000000100
0.0000000100
0.0000000100
0.0000000100
0.0000000100
0.0000000100
0.0000000100
0.0000000100
0.0000000100
0.0000000100
0.0000000100
0.0000000100
0.0000000100
0.0000000100
0.0000000100
0.0000000100
0.0000000100
0.0000000100
0.0000000100
0.0000000100
0.0000000100
0.0000000100
0.0000000100
0.0000000100
0.0000000100
0.0000000100
0.0000000100
0.0000000100
0.0000000100
0.0000000100
0.0000000100
0.0000000100
0.0000000100
0.0000000100
0.0000000100
0.0000000100
0.0000000100
0.0000000100
0.0000000100
0.0000000100
0.0000000100
0.0000000100
0.0000000100
0.0000000100
0.0000000100
0.0000000100
0.0000000100
0.0000000100
0.0000000100
0.0000000100
0.0000000100
0.0000000100
0.0000000100
0.0000000100
0.0000000100
0.0000000100
0.0000000100
0.0000000100
0.0000000100
0.0000000100
0.0000000100
0.0000000100
0.0000000100
0.0000000100
0.0000000100
0.0000000100
0.0000000100
0.0000000100
0.0000000100
0.0000000100
0.0000000100
0.0000000100
0.0000000100
0.0000000100
0.0000000100
0.0000000100
0.0000000100
0.0000000100
0.0000000100
0.0000000100
0.0000000100
0.0000000100
0.0000000100
0.0000000100
0.0000000100
0.0000000100
0.0000000100
0.0000000100
0.0000000100
0.0000000100
0.0000000100
0.0000000100
0.0000000100
0.0000000100
0.0000000100
0.0000000100
0.0000000100
0.0000000100
0.0000000100
0.0000000100
0.0000000100
0.0000000100
0.0000000100
0.0000000100
0.0000000100
0.0000000100
0.0000000100
0.0000000100
0.0000000100
0.0000000100
0.0000000100
0.0000000100
0.0000000100
0.0000000100
0.0000000100
0.0000000100
0.0000000100
0.0000000100
0.0000000100
0.0000000100
0.0000000100
0.0000000100
0.0000000100
0.0000000100
0.0000000100
0.0000000100
0.0000000100
0.0000000100
0.0000000100
0.0000000100
0.0000000100
0.0000000100
0.0000000100
0.0000000100
0.0000000100
0.0000000100
0.0000000100
0.0000000100
0.0000000100
0.0000000100
0.0000000100
0.0000000100
0.0000000100
0.0000000100
0.0000000100
0.0000000100
0.0000000100
0.0000000100
0.0000000100
0.0000000100
0.0000000100
0.0000000100
0.0000000100
0.0000000100
0.0000000100
0.0000000100
0.0000000100
0.0000000100
0.0000000100
0.0000000100
0.0000000100
0.0000000100
0.0000000100
0.0000000100
0.0000000100
0.0000000100
0.0000000100
0.0000000100
0.0000000100
0.0000000100
0.0000000100
0.0000000100
0.0000000100
0.0000000100
0.0000000100
0.0000000100
0.0000000100
0.0000000100
0.0000000100
0.0000000100
0.0000000100
0.0000000100
0.0000000100
0.0000000100
0.0000000100
0.0000000100
0.0000000100
0.0000000100
0.0000000100
0.0000000100
0.0000000100
0.0000000100
0.0000000100
0.0000000100
0.0000000100
0.0000000100
0.0000000100
0.0000000100
0.0000000100
0.0000000100
0.0000000100
0.0000000100
0.0000000100
0.0000000100
0.0000000100
0.0000000100
0.0000000100
0.0000000100
0.0000000100
0.0000000100
0.0000000100
0.0000000100
0.0000000100
0.0000000100
0.0000000100
0.0000000100
0.0000000100
0.0000000100
0.0000000100
0.0000000100
0.0000000100
0.0000000100
0.0000000100
0.0000000100
0.0000000100
0.0000000100
0.0000000100
0.0000000100
0.0000000100
0.0000000100
0.0000000100
0.0000000100
0.0000000100
0.0000000100
0.0000000100
0.0000000100
0.0000000100
0.0000000100
0.0000000100
