0.6790015848
0.6606180666
0.6374009509
0.6886687797
0.7409667195
0.6993660856
0.6867670365
0.6954833597
0.6316164818
0.6432646593
0.6616481775
0.6568145800
0.6713153724
0.6490491284
0.6596671949
0.6538827258
0.6577654517
0.6828843106
0.6596671949
0.6702852615
0.6819334390
0.6722662441
0.6925515055
0.6809825674
0.6442155309
0.6606180666
0.6751980983
0.6538827258
0.6858161648
0.7380348653
0.7041996830
0.6335974643
0.6287638669
0.5977812995
0.5600633914
0.5435816165
0.5262282092
0.5058637084
0.5049128368
0.5019809826
0.4991283677
0.4971473851
0.4449286846
0.4275752773
0.4464342314
0.4333597464
0.4594294770
0.4522187005
0.4188589540
0.4164025357
0.3752773376
0.3704437401
0.3748019017
0.3482567353
0.3332012678
0.3264659271
0.2896988906
0.2931061807
0.2867670365
0.2587163233
0.2814580032
0.2679080824
0.2444532488
0.2324088748
0.2354992076
0.2275752773
0.2099049128
0.2110935024
0.2080031696
0.1929477021
0.1857369255
0.1809033281
0.1796354992
0.1811410460
0.1659270998
0.1540412044
0.1653724247
0.1535657686
0.1400158479
0.1576862124
0.1315372425
0.1358954041
0.1296354992
0.1283676704
0.1243264659
0.1257527734
0.1165610143
0.1106180666
0.1145007924
0.1152139461
0.1255150555
0.1106180666
0.1077654517
0.1099049128
0.1083201268
0.0981774960
0.1021394612
0.1003169572
0.0898573693
0.0892234548
0.0880348653
0.0869255151
0.0908082409
0.0958795563
0.0816957211
0.0860538827
0.0832805071
0.0889857369
0.0866877971
0.0866085578
0.0832012678
0.0896988906
0.0846275753
0.0807448494
0.0878763867
0.0901743265
0.0882725832
0.0866877971
0.0850237718
0.0988906498
0.0900950872
0.0914421553
0.0993660856
0.0988906498
0.1032488114
0.0954833597
0.1120443740
0.1213946117
0.1276545166
0.1378763867
0.1349445325
0.1215530903
0.1225832013
0.1269413629
0.1383518225
0.1443740095
0.1724247227
0.1506339144
0.1588748019
0.1554675119
0.1666402536
0.1726624406
0.1661648177
0.1910459588
0.1915213946
0.1910459588
0.1965927100
0.2074484945
0.2149762282
0.2273375594
0.2444532488
0.2260697306
0.2664817750
0.2727416799
0.2655309033
0.3129160063
0.2703645008
0.3071315372
0.3202060222
0.3172741680
0.2964342314
0.3104595880
0.3351822504
0.3342313788
0.3660855784
0.3390649762
0.3675911252
0.4076862124
0.4202852615
0.3796354992
0.3936608558
0.4053090333
0.4386687797
0.4497622821
0.3961172742
0.4483359746
0.4609350238
0.4961965135
0.5087955626
0.5232963550
0.5106973059
0.5310618067
0.4961965135
0.5000792393
0.5465134707
0.5320126783
0.5136291601
0.4927892235
0.4908874802
0.4961965135
0.5019809826
0.5068145800
0.4952456418
0.5310618067
0.4826465927
0.5397781300
0.5242472266
0.5716323296
0.5610142631
0.6026148970
0.6132329635
0.6083993661
0.6325673534
0.6325673534
0.5958795563
0.6354992076
0.6248811410
0.6364500792
0.6616481775
0.6858161648
0.6867670365
0.6867670365
0.6828843106
0.6519809826
0.6461172742
0.6935023772
0.6732171157
0.6693343899
0.6906497623
0.6916006339
0.6761489699
0.7070522979
0.6713153724
0.6945324881
0.6770998415
0.6374009509
0.6093502377
0.6074484945
0.5823296355
0.5958795563
0.5996830428
0.5977812995
0.5996830428
0.5938985737
0.5900158479
0.6122820919
0.6258320127
0.5909667195
0.6093502377
0.5968304279
0.6132329635
0.6364500792
0.5948494453
0.6596671949
0.6345483360
0.6171156894
0.5697305864
0.6209984152
0.6345483360
0.6045166403
0.6103803487
0.6141838352
0.6422345483
0.6442155309
0.6180665610
0.6200475436
0.6500000000
0.6412836767
0.7070522979
0.6702852615
0.6925515055
0.6983359746
0.6964342314
0.6596671949
0.6287638669
0.6713153724
0.6422345483
0.6935023772
0.6886687797
0.7177496038
0.7370839937
0.7177496038
0.7438193344
0.7380348653
0.8407290016
0.8201267829
0.8684627575
0.8724247227
0.7922345483
0.8454833597
0.8605388273
0.8573692552
0.8866877971
0.8153724247
0.8629160063
0.8803486529
0.8534072900
0.8534072900
0.8898573693
0.9064976228
0.8803486529
0.8597464342
0.8589540412
0.8209191759
0.8748019017
0.9033280507
0.9041204437
0.9001584786
0.8946117274
0.8906497623
0.9302694136
0.9001584786
0.9025356577
0.8573692552
0.8692551506
0.8811410460
0.8898573693
0.8819334390
0.8811410460
0.8843106181
0.8367670365
0.8724247227
0.8914421553
0.8637083994
0.8137876387
0.7458003170
0.8637083994
0.7583201268
0.7332012678
0.6596671949
0.6654516640
0.6267828843
0.5881141046
0.5803486529
0.5658478605
0.5871632330
0.5658478605
0.5687797147
0.5542789223
0.5455625990
0.5058637084
0.5097464342
0.5242472266
0.4879556260
0.4749603803
0.4662440571
0.4826465927
0.4458795563
0.4541204437
0.4458795563
0.4416006339
0.4217115689
0.3835182250
0.3811410460
0.3583993661
0.3419175911
0.3133914422
0.3240095087
0.3099841521
0.3027733756
0.2935816165
0.2809825674
0.2582408875
0.2326465927
0.2285261490
0.2253565769
0.2217115689
0.2030903328
0.1944532488
0.2030903328
0.2021394612
0.2106180666
0.1898573693
0.1893819334
0.2023771791
0.1661648177
0.1622820919
0.1610142631
0.1572107765
0.1501584786
0.1450871632
0.1576862124
0.1414421553
0.1383518225
0.1312995246
0.1317749604
0.1327258320
0.1395404120
0.1308240887
0.1204437401
0.1187004754
0.1165610143
0.1016640254
0.1075277338
0.1117274168
0.1193343899
0.1160855784
0.1107765452
0.1085578447
0.1043581616
0.1124405705
0.1003169572
0.0975435816
0.0981774960
0.1078446910
0.1019017433
0.1013470681
0.1071315372
0.1066561014
0.1018225040
0.1057052298
0.1057052298
0.1008716323
0.1117274168
0.1019017433
0.1025356577
0.1037242472
0.1125990491
0.1103803487
0.0979397781
0.1076069731
0.1158478605
0.1228209192
0.1317749604
0.1312995246
0.1216323296
0.1358954041
0.1526148970
0.1378763867
0.1286846276
0.1508716323
0.1419175911
0.1358954041
0.1511093502
0.1634706815
0.1760697306
0.1581616482
0.1905705230
0.1844690967
0.1738510301
0.1818541997
0.1772583201
0.1992868463
0.2164025357
0.2115689382
0.2202852615
0.2362916006
0.2408874802
0.2466719493
0.2360538827
0.2775752773
0.2858161648
0.2862916006
0.2805071315
0.2911251981
0.2887480190
0.3041996830
0.2979397781
0.3148177496
0.3206814580
0.3182250396
0.3458003170
0.3535657686
0.3568938193
0.3849445325
0.3995245642
0.3980190174
0.3796354992
0.3738510301
0.4086370840
0.4328843106
0.4313787639
0.4381933439
0.4507131537
0.4846275753
0.4545958796
0.4894611727
0.4444532488
0.4497622821
0.4439778130
0.4439778130
0.4671949287
0.4604595880
0.4696513471
0.5039619651
0.4879556260
0.4918383518
0.4908874802
0.5117274168
0.4952456418
0.5010301109
0.4787638669
0.4904120444
0.5010301109
0.4952456418
0.5368462758
0.5552297940
0.5600633914
0.5561806656
0.5706814580
0.5803486529
0.5987321712
0.6007131537
0.6064976228
0.6200475436
0.6577654517
0.6809825674
0.6683835182
0.6964342314
0.6538827258
0.6606180666
0.7263866878
0.0000000100
0.0000000100
0.0000000100
0.0000000100
0.0000000100
0.0000000100
0.0000000100
0.0000000100
0.0000000100
0.0000000100
0.0000000100
0.0000000100
0.0000000100
0.0000000100
0.0000000100
0.0000000100
0.0000000100
0.0000000100
0.0000000100
0.0000000100
0.0000000100
0.0000000100
0.0000000100
0.0000000100
0.0000000100
0.0000000100
0.0000000100
0.0000000100
0.0000000100
0.0000000100
0.0000000100
0.0000000100
0.0000000100
0.0000000100
0.0000000100
0.0000000100
0.0000000100
0.0000000100
0.0000000100
0.0000000100
0.0000000100
0.0000000100
0.0000000100
0.0000000100
0.0000000100
0.0000000100
0.0000000100
0.0000000100
0.0000000100
0.0000000100
0.0000000100
0.0000000100
0.0000000100
0.0000000100
0.0000000100
0.0000000100
0.0000000100
0.0000000100
0.0000000100
0.0000000100
0.0000000100
0.0000000100
0.0000000100
0.0000000100
0.0000000100
0.0000000100
0.0000000100
0.0000000100
0.0000000100
0.0000000100
0.0000000100
0.0000000100
0.0000000100
0.0000000100
0.0000000100
0.0000000100
0.0000000100
0.0000000100
0.0000000100
0.0000000100
0.0000000100
0.0000000100
0.0000000100
0.0000000100
0.0000000100
0.0000000100
0.0000000100
0.0000000100
0.0000000100
0.0000000100
0.0000000100
0.0000000100
0.0000000100
0.0000000100
0.0000000100
0.0000000100
0.0000000100
0.0000000100
0.0000000100
0.0000000100
0.0000000100
0.0000000100
0.0000000100
0.0000000100
0.0000000100
0.0000000100
0.0000000100
0.0000000100
0.0000000100
0.0000000100
0.0000000100
0.0000000100
0.0000000100
0.0000000100
0.0000000100
0.0000000100
0.0000000100
0.0000000100
0.0000000100
0.0000000100
0.0000000100
0.0000000100
0.0000000100
0.0000000100
0.0000000100
0.0000000100
0.0000000100
0.0000000100
0.0000000100
0.0000000100
0.0000000100
0.0000000100
0.0000000100
0.0000000100
0.0000000100
0.0000000100
0.0000000100
0.0000000100
0.0000000100
0.0000000100
0.0000000100
0.0000000100
0.0000000100
0.0000000100
0.0000000100
0.0000000100
0.0000000100
0.0000000100
0.0000000100
0.0000000100
0.0000000100
0.0000000100
0.0000000100
0.0000000100
0.0000000100
0.0000000100
0.0000000100
0.0000000100
0.0000000100
0.0000000100
0.0000000100
0.0000000100
0.0000000100
0.0000000100
0.0000000100
0.0000000100
0.0000000100
0.0000000100
0.0000000100
0.0000000100
0.0000000100
0.0000000100
0.0000000100
0.0000000100
0.0000000100
0.0000000100
0.0000000100
0.0000000100
0.0000000100
0.0000000100
0.0000000100
0.0000000100
0.0000000100
0.0000000100
0.0000000100
0.0000000100
0.0000000100
0.0000000100
0.0000000100
0.0000000100
0.0000000100
0.0000000100
0.0000000100
0.0000000100
0.0000000100
0.0000000100
0.0000000100
0.0000000100
0.0000000100
0.0000000100
0.0000000100
0.0000000100
0.0000000100
0.0000000100
0.0000000100
0.0000000100
0.0000000100
0.0000000100
0.0000000100
0.0000000100
0.0000000100
0.0000000100
0.0000000100
0.0000000100
0.0000000100
0.0000000100
0.0000000100
0.0000000100
0.0000000100
0.0000000100
0.0000000100
0.0000000100
0.0000000100
0.0000000100
0.0000000100
0.0000000100
0.0000000100
0.0000000100
0.0000000100
0.0000000100
0.0000000100
0.0000000100
0.0000000100
0.0000000100
0.0000000100
0.0000000100
0.0000000100
0.0000000100
0.0000000100
0.0000000100
0.0000000100
0.0000000100
0.0000000100
0.0000000100
0.0000000100
0.0000000100
0.0000000100
0.0000000100
0.0000000100
0.0000000100
0.0000000100
0.0000000100
0.0000000100
0.0000000100
0.0000000100
0.0000000100
0.0000000100
0.0000000100
0.0000000100
0.0000000100
0.0000000100
0.0000000100
0.0000000100
0.0000000100
0.0000000100
0.0000000100
0.0000000100
0.0000000100
0.0000000100
0.0000000100
0.0000000100
0.0000000100
0.0000000100
0.0000000100
0.0000000100
0.0000000100
0.0000000100
0.0000000100
0.0000000100
0.0000000100
0.0000000100
0.0000000100
0.0000000100
0.0000000100
0.0000000100
0.0000000100
0.0000000100
0.0000000100
0.0000000100
0.0000000100
0.0000000100
0.0000000100
0.0000000100
0.0000000100
0.0000000100
0.0000000100
0.0000000100
0.0000000100
0.0000000100
0.0000000100
0.0000000100
0.0000000100
0.0000000100
0.0000000100
0.0000000100
0.0000000100
0.0000000100
0.0000000100
0.0000000100
0.0000000100
0.0000000100
0.0000000100
0.0000000100
0.0000000100
0.0000000100
0.0000000100
0.0000000100
0.0000000100
0.0000000100
0.0000000100
0.0000000100
0.0000000100
0.0000000100
0.0000000100
0.0000000100
0.0000000100
0.0000000100
0.0000000100
0.0000000100
0.0000000100
0.0000000100
0.0000000100
0.0000000100
0.0000000100
0.0000000100
0.0000000100
0.0000000100
0.0000000100
0.0000000100
0.0000000100
0.0000000100
0.0000000100
0.0000000100
0.0000000100
0.0000000100
0.0000000100
0.0000000100
0.0000000100
0.0000000100
0.0000000100
0.0000000100
0.0000000100
0.0000000100
0.0000000100
0.0000000100
0.0000000100
0.0000000100
0.0000000100
0.0000000100
0.0000000100
0.0000000100
0.0000000100
0.0000000100
0.0000000100
0.0000000100
0.0000000100
0.0000000100
0.0000000100
