0.1004266667
0.0971733333
0.1024000000
0.1015466667
0.0978133333
0.0952000000
0.0913066667
0.0947200000
0.0898666667
0.0987733333
0.1018666667
0.1001066667
0.0984533333
0.1012266667
0.0963733333
0.0950400000
0.0958400000
0.0890133333
0.0931200000
0.0925866667
0.0945600000
0.0931200000
0.1074133333
0.0973333333
0.0931200000
0.0925866667
0.0911466667
0.0955200000
0.0970133333
0.0965333333
0.0898666667
0.0852800000
0.0762666667
0.0849600000
0.0882133333
0.0815466667
0.0747733333
0.0806400000
0.0782933333
0.0726933333
0.0715200000
0.0668266667
0.0664000000
0.0628266667
0.0646933333
0.0575466667
0.0563733333
0.0561600000
0.0598400000
0.0498026667
0.0473653333
0.0461440000
0.0450826667
0.0444320000
0.0381280000
0.0372320000
0.0384106667
0.0378026667
0.0341813333
0.0343413333
0.0268533333
0.0273866667
0.0229066667
0.0242933333
0.0231520000
0.0210773333
0.0211573333
0.0217706667
0.0208320000
0.0188586667
0.0170506667
0.0183893333
0.0147093333
0.0160106667
0.0168853333
0.0139360000
0.0135680000
0.0153600000
0.0145493333
0.0155840000
0.0135520000
0.0140160000
0.0132640000
0.0118613333
0.0125706667
0.0123893333
0.0137546667
0.0133280000
0.0144266667
0.0114720000
0.0140586667
0.0130613333
0.0111306667
0.0120853333
0.0094826667
0.0112693333
0.0118026667
0.0072213333
0.0107840000
0.0092586667
0.0104586667
0.0092053333
0.0089493333
0.0094400000
0.0064000000
0.0105600000
0.0093813333
0.0100426667
0.0056053333
0.0077120000
0.0068053333
0.0074560000
0.0067466667
0.0082080000
0.0073333333
0.0069066667
0.0070506667
0.0073013333
0.0097333333
0.0094400000
0.0080853333
0.0098560000
0.0098666667
0.0098773333
0.0103573333
0.0118826667
0.0115360000
0.0110880000
0.0127146667
0.0105973333
0.0123680000
0.0134506667
0.0117386667
0.0144853333
0.0137760000
0.0141813333
0.0149760000
0.0167840000
0.0196106667
0.0166240000
0.0205280000
0.0166026667
0.0173120000
0.0157280000
0.0177226667
0.0162346667
0.0184746667
0.0212426667
0.0174346667
0.0214453333
0.0228266667
0.0218933333
0.0247786667
0.0256746667
0.0246186667
0.0277120000
0.0240480000
0.0256373333
0.0274666667
0.0313706667
0.0378026667
0.0512693333
0.0508640000
0.0546133333
0.0563733333
0.0589866667
0.0618666667
0.0596266667
0.0617066667
0.0634666667
0.0653333333
0.0697600000
0.0678933333
0.0677866667
0.0673600000
0.0727466667
0.0754133333
0.0843200000
0.0772266667
0.0800533333
0.0808000000
0.0809066667
0.0849600000
0.0911466667
0.0875733333
0.0880533333
0.0830933333
0.0814400000
0.0854400000
0.0874133333
0.0819733333
0.0919466667
0.0846400000
0.0909866667
0.0813866667
0.0917866667
0.0925866667
0.0925866667
0.1012266667
0.0928000000
0.0984533333
0.0962133333
0.0955200000
0.0981333333
0.0860800000
0.0986133333
0.1074133333
0.1116800000
0.1052800000
0.1186666667
0.1027200000
0.1116800000
0.1155733333
0.1152533333
0.1120000000
0.1211200000
0.1142400000
0.1250133333
0.1324800000
0.1315200000
0.1289066667
0.1358933333
0.1373866667
0.1254933333
0.1202666667
0.1761066667
0.2942933333
0.3099200000
0.3189866667
0.3200000000
0.2692266667
0.1453333333
0.1032000000
0.0944000000
0.0844800000
0.0913066667
0.0890133333
0.0996266667
0.0913066667
0.0948800000
0.0934400000
0.0880533333
0.0960533333
0.0849600000
0.0945600000
0.0829866667
0.0945600000
0.0925866667
0.0960533333
0.0929600000
0.0852800000
0.0940800000
0.0922666667
0.0958400000
0.0864000000
0.0924266667
0.0945600000
0.0905066667
0.0934400000
0.0922666667
0.0956800000
0.0974933333
0.0913066667
0.1041600000
0.0898666667
0.0893333333
0.0925866667
0.0948800000
0.0936000000
0.0953600000
0.0917866667
0.1012266667
0.0958400000
0.0956800000
0.0932800000
0.0960533333
0.0958400000
0.1020266667
0.1020266667
0.1058133333
0.1067733333
0.1132800000
0.1150933333
0.1158933333
0.1235200000
0.1211200000
0.1154133333
0.1194666667
0.1136000000
0.1236800000
0.1158933333
0.1066133333
0.1181866667
0.1180266667
0.1193066667
0.1216000000
0.1235200000
0.1295466667
0.1316800000
0.1397866667
0.1248533333
0.1262933333
0.1303466667
0.1323200000
0.1347733333
0.1308800000
0.1349333333
0.1355733333
0.1298666667
0.1290666667
0.1276266667
0.1150933333
0.1189866667
0.1253333333
0.1186666667
0.1136000000
0.1078933333
0.1022400000
0.1046400000
0.1032000000
0.1018666667
0.0897066667
0.0894933333
0.0870933333
0.0825066667
0.0775466667
0.0756266667
0.0764266667
0.0780266667
0.0760000000
0.0720000000
0.0758400000
0.0773333333
0.0668800000
0.0641066667
0.0540266667
0.0598933333
0.0569066667
0.0515146667
0.0546133333
0.0522453333
0.0507786667
0.0503733333
0.0489120000
0.0454933333
0.0454933333
0.0392640000
0.0393493333
0.0416266667
0.0358080000
0.0332426667
0.0313333333
0.0259626667
0.0270613333
0.0260426667
0.0218933333
0.0204853333
0.0199360000
0.0209173333
0.0160320000
0.0154240000
0.0196320000
0.0176373333
0.0142186667
0.0169493333
0.0158080000
0.0153173333
0.0184533333
0.0164800000
0.0188000000
0.0160906667
0.0138346667
0.0132266667
0.0141386667
0.0142613333
0.0132426667
0.0124533333
0.0110293333
0.0124106667
0.0112320000
0.0120853333
0.0108640000
0.0114933333
0.0108426667
0.0107040000
0.0102933333
0.0117386667
0.0092853333
0.0081600000
0.0086986667
0.0085333333
0.0093066667
0.0090240000
0.0088480000
0.0078720000
0.0096106667
0.0083093333
0.0091840000
0.0082293333
0.0010224000
0.0010021333
0.0027061333
0.0034789333
0.0076320000
0.0099200000
0.0087573333
0.0101546667
0.0079360000
0.0053600000
0.0080373333
0.0079573333
0.0079626667
0.0091146667
0.0082720000
0.0078613333
0.0103946667
0.0081066667
0.0092960000
0.0143413333
0.0132853333
0.0101600000
0.0134506667
0.0134880000
0.0146880000
0.0115146667
0.0161333333
0.0136693333
0.0143040000
0.0146666667
0.0146080000
0.0161333333
0.0148906667
0.0188800000
0.0135680000
0.0146293333
0.0177386667
0.0142613333
0.0171733333
0.0175786667
0.0193866667
0.0199200000
0.0223786667
0.0246986667
0.0247413333
0.0265706667
0.0238026667
0.0218080000
0.0230720000
0.0235573333
0.0251466667
0.0227840000
0.0268533333
0.0322666667
0.0314133333
0.0322240000
0.0343840000
0.0292960000
0.0328800000
0.0321440000
0.0322240000
0.0370666667
0.0398773333
0.0367840000
0.0451680000
0.0430506667
0.0401226667
0.0432106667
0.0398346667
0.0410986667
0.0445973333
0.0419946667
0.0428853333
0.0454080000
0.0430506667
0.0441920000
0.0467946667
0.0475253333
0.0438613333
0.0432960000
0.0502933333
0.0479306667
0.0465493333
0.0482560000
0.0544533333
0.0485813333
0.0475253333
0.0501280000
0.0506986667
0.0541333333
0.0492373333
0.0468746667
0.0487466667
0.0493973333
0.0538133333
0.0550933333
0.0493173333
0.0577066667
0.0546666667
0.0516746667
0.0564800000
0.0589866667
0.0567466667
0.0000000100
0.0000000100
0.0000000100
0.0000000100
0.0000000100
0.0000000100
0.0000000100
0.0000000100
0.0000000100
0.0000000100
0.0000000100
0.0000000100
0.0000000100
0.0000000100
0.0000000100
0.0000000100
0.0000000100
0.0000000100
0.0000000100
0.0000000100
0.0000000100
0.0000000100
0.0000000100
0.0000000100
0.0000000100
0.0000000100
0.0000000100
0.0000000100
0.0000000100
0.0000000100
0.0000000100
0.0000000100
0.0000000100
0.0000000100
0.0000000100
0.0000000100
0.0000000100
0.0000000100
0.0000000100
0.0000000100
0.0000000100
0.0000000100
0.0000000100
0.0000000100
0.0000000100
0.0000000100
0.0000000100
0.0000000100
0.0000000100
0.0000000100
0.0000000100
0.0000000100
0.0000000100
0.0000000100
0.0000000100
0.0000000100
0.0000000100
0.0000000100
0.0000000100
0.0000000100
0.0000000100
0.0000000100
0.0000000100
0.0000000100
0.0000000100
0.0000000100
0.0000000100
0.0000000100
0.0000000100
0.0000000100
0.0000000100
0.0000000100
0.0000000100
0.0000000100
0.0000000100
0.0000000100
0.0000000100
0.0000000100
0.0000000100
0.0000000100
0.0000000100
0.0000000100
0.0000000100
0.0000000100
0.0000000100
0.0000000100
0.0000000100
0.0000000100
0.0000000100
0.0000000100
0.0000000100
0.0000000100
0.0000000100
0.0000000100
0.0000000100
0.0000000100
0.0000000100
0.0000000100
0.0000000100
0.0000000100
0.0000000100
0.0000000100
0.0000000100
0.0000000100
0.0000000100
0.0000000100
0.0000000100
0.0000000100
0.0000000100
0.0000000100
0.0000000100
0.0000000100
0.0000000100
0.0000000100
0.0000000100
0.0000000100
0.0000000100
0.0000000100
0.0000000100
0.0000000100
0.0000000100
0.0000000100
0.0000000100
0.0000000100
0.0000000100
0.0000000100
0.0000000100
0.0000000100
0.0000000100
0.0000000100
0.0000000100
0.0000000100
0.0000000100
0.0000000100
0.0000000100
0.0000000100
0.0000000100
0.0000000100
0.0000000100
0.0000000100
0.0000000100
0.0000000100
0.0000000100
0.0000000100
0.0000000100
0.0000000100
0.0000000100
0.0000000100
0.0000000100
0.0000000100
0.0000000100
0.0000000100
0.0000000100
0.0000000100
0.0000000100
0.0000000100
0.0000000100
0.0000000100
0.0000000100
0.0000000100
0.0000000100
0.0000000100
0.0000000100
0.0000000100
0.0000000100
0.0000000100
0.0000000100
0.0000000100
0.0000000100
0.0000000100
0.0000000100
0.0000000100
0.0000000100
0.0000000100
0.0000000100
0.0000000100
0.0000000100
0.0000000100
0.0000000100
0.0000000100
0.0000000100
0.0000000100
0.0000000100
0.0000000100
0.0000000100
0.0000000100
0.0000000100
0.0000000100
0.0000000100
0.0000000100
0.0000000100
0.0000000100
0.0000000100
0.0000000100
0.0000000100
0.0000000100
0.0000000100
0.0000000100
0.0000000100
0.0000000100
0.0000000100
0.0000000100
0.0000000100
0.0000000100
0.0000000100
0.0000000100
0.0000000100
0.0000000100
0.0000000100
0.0000000100
0.0000000100
0.0000000100
0.0000000100
0.0000000100
0.0000000100
0.0000000100
0.0000000100
0.0000000100
0.0000000100
0.0000000100
0.0000000100
0.0000000100
0.0000000100
0.0000000100
0.0000000100
0.0000000100
0.0000000100
0.0000000100
0.0000000100
0.0000000100
0.0000000100
0.0000000100
0.0000000100
0.0000000100
0.0000000100
0.0000000100
0.0000000100
0.0000000100
0.0000000100
0.0000000100
0.0000000100
0.0000000100
0.0000000100
0.0000000100
0.0000000100
0.0000000100
0.0000000100
0.0000000100
0.0000000100
0.0000000100
0.0000000100
0.0000000100
0.0000000100
0.0000000100
0.0000000100
0.0000000100
0.0000000100
0.0000000100
0.0000000100
0.0000000100
0.0000000100
0.0000000100
0.0000000100
0.0000000100
0.0000000100
0.0000000100
0.0000000100
0.0000000100
0.0000000100
0.0000000100
0.0000000100
0.0000000100
0.0000000100
0.0000000100
0.0000000100
0.0000000100
0.0000000100
0.0000000100
0.0000000100
0.0000000100
0.0000000100
0.0000000100
0.0000000100
0.0000000100
0.0000000100
0.0000000100
0.0000000100
0.0000000100
0.0000000100
0.0000000100
0.0000000100
0.0000000100
0.0000000100
0.0000000100
0.0000000100
0.0000000100
0.0000000100
0.0000000100
0.0000000100
0.0000000100
0.0000000100
0.0000000100
0.0000000100
0.0000000100
0.0000000100
0.0000000100
0.0000000100
0.0000000100
0.0000000100
0.0000000100
0.0000000100
0.0000000100
0.0000000100
0.0000000100
0.0000000100
0.0000000100
0.0000000100
0.0000000100
0.0000000100
0.0000000100
0.0000000100
0.0000000100
0.0000000100
0.0000000100
0.0000000100
0.0000000100
0.0000000100
0.0000000100
0.0000000100
0.0000000100
0.0000000100
0.0000000100
0.0000000100
0.0000000100
0.0000000100
0.0000000100
0.0000000100
0.0000000100
0.0000000100
0.0000000100
0.0000000100
0.0000000100
0.0000000100
0.0000000100
0.0000000100
0.0000000100
0.0000000100
0.0000000100
0.0000000100
0.0000000100
0.0000000100
0.0000000100
0.0000000100
0.0000000100
0.0000000100
0.0000000100
0.0000000100
0.0000000100
0.0000000100
0.0000000100
0.0000000100
0.0000000100
0.0000000100
0.0000000100
0.0000000100
0.0000000100
0.0000000100
0.0000000100
