0.2400677201
0.2118510158
0.2138826185
0.2331828442
0.2194130926
0.1925507901
0.2004514673
0.2152934537
0.1980812641
0.1945823928
0.1873589165
0.1553611738
0.1588036117
0.1663656885
0.1787810384
0.1770316027
0.1519187359
0.1191873589
0.1308690745
0.1305304740
0.1432844244
0.1222911964
0.1467268623
0.1484762980
0.1551918736
0.1588036117
0.1781038375
0.1832392777
0.1704853273
0.1383182844
0.1522573363
0.1701467269
0.2438487585
0.3554740406
0.3961060948
0.4553611738
0.3947516930
0.4588036117
0.4208803612
0.4243792325
0.4539503386
0.4360609481
0.4443566591
0.4367381490
0.4174379233
0.4105530474
0.4422686230
0.4291760722
0.4567155756
0.4546839729
0.4443566591
0.4091986456
0.4305304740
0.4071106095
0.4305304740
0.4188487585
0.4167607223
0.4105530474
0.4519187359
0.4918735892
0.5090857788
0.4319413093
0.4953160271
0.5400677201
0.4746613995
0.4581264108
0.4216139955
0.4112866817
0.4278216704
0.3851015801
0.3864559819
0.4078442438
0.3905756208
0.4057562077
0.4023137698
0.4257336343
0.4147291196
0.4443566591
0.4064334086
0.3795711061
0.4071106095
0.3871331828
0.3671557562
0.3768058691
0.2149548533
0.3479119639
0.3323927765
0.3024266366
0.3782167043
0.4408577878
0.4154063205
0.3816591422
0.3885440181
0.3602708804
0.3513544018
0.3516930023
0.3713318284
0.3740406321
0.3720090293
0.3589164786
0.3509593679
0.3892212190
0.3692437923
0.3520316027
0.3547968397
0.3871331828
0.3830135440
0.3630361174
0.3595936795
0.3516930023
0.3940180587
0.4105530474
0.3540632054
0.3671557562
0.4539503386
0.3788939052
0.4436230248
0.4539503386
0.4236455982
0.4139954853
0.3933408578
0.4525959368
0.4347065463
0.4167607223
0.4381489842
0.4360609481
0.4684537246
0.4326185102
0.4436230248
0.4181715576
0.3754514673
0.3836907449
0.3919864560
0.4208803612
0.3609480813
0.3685665914
0.3774830700
0.4023137698
0.3933408578
0.3651241535
0.3489277652
0.3547968397
0.3420428894
0.3437358916
0.3733634312
0.3502821670
0.3533860045
0.3878668172
0.3151805869
0.3120767494
0.3113995485
0.2910270880
0.2989841986
0.3461625282
0.3589164786
0.3699209932
0.4091986456
0.3988713318
0.4202031603
0.3664785553
0.3240970655
0.2731376975
0.2920993228
0.3258465011
0.3609480813
0.3509593679
0.3093115124
0.3898984199
0.3671557562
0.3240970655
0.2958803612
0.3179458239
0.4002257336
0.3720090293
0.3658013544
0.3761286682
0.4091986456
0.4078442438
0.4339729120
0.4746613995
0.4332957111
0.4470654628
0.4181715576
0.4085214447
0.4270880361
0.4098758465
0.4216139955
0.4374153499
0.4525959368
0.4291760722
0.4760158014
0.5325056433
0.5159706546
0.4498306998
0.4546839729
0.4463882619
0.4560383747
0.5049661400
0.5090857788
0.4766930023
0.4663656885
0.5035553047
0.4925507901
0.5035553047
0.4746613995
0.4429458239
0.4588036117
0.4519187359
0.4525959368
0.4704853273
0.4725733634
0.5566027088
0.5503950339
0.5104401806
0.6027088036
0.4994356659
0.5318284424
0.4594808126
0.5290632054
0.5476862302
0.5173250564
0.5152934537
0.4525959368
0.4746613995
0.4319413093
0.4656884876
0.4966704289
0.4684537246
0.5008465011
0.5187358916
0.4918735892
0.5069977427
0.4946388262
0.5097629797
0.5077313770
0.4891083521
0.5366252822
0.4849887133
0.4863431151
0.4594808126
0.4532731377
0.4560383747
0.4450338600
0.4319413093
0.4663656885
0.4270880361
0.4463882619
0.4112866817
0.3774830700
0.3816591422
0.4126410835
0.4029909707
0.4057562077
0.3878668172
0.4408577878
0.4278216704
0.4250564334
0.4498306998
0.4443566591
0.4222911964
0.4257336343
0.4236455982
0.4312641084
0.3926636569
0.4257336343
0.4326185102
0.4098758465
0.4188487585
0.4133182844
0.4347065463
0.4498306998
0.4601580135
0.4381489842
0.4353837472
0.3954288939
0.4367381490
0.4360609481
0.3637133183
0.3664785553
0.4139954853
0.3988713318
0.4009029345
0.4229683973
0.4064334086
0.4044018059
0.3844243792
0.3940180587
0.4002257336
0.3878668172
0.4202031603
0.4415914221
0.4388261851
0.4167607223
0.3913092551
0.4353837472
0.4415914221
0.4766930023
0.5159706546
0.4429458239
0.4291760722
0.4422686230
0.4588036117
0.4085214447
0.4229683973
0.4684537246
0.3458239278
0.4202031603
0.3967832957
0.3795711061
0.4154063205
0.4243792325
0.4071106095
0.3547968397
0.3482505643
0.3155191874
0.3692437923
0.3616817156
0.3075620767
0.3034424379
0.2373024831
0.2727990971
0.2855530474
0.3237584650
0.2580135440
0.2958803612
0.2972347630
0.2614559819
0.2662528217
0.2862302483
0.2755643341
0.3255079007
0.3110045147
0.2783295711
0.2541760722
0.2920993228
0.3120767494
0.3630361174
0.3433972912
0.3926636569
0.3206546275
0.2827878104
0.3168735892
0.3516930023
0.3110045147
0.2665914221
0.2883182844
0.2410835214
0.3124153499
0.3172121896
0.2869074492
0.2645598194
0.2510722348
0.3705981941
0.3651241535
0.3389390519
0.2934537246
0.3117381490
0.3382618510
0.2755643341
0.3375282167
0.3568284424
0.3575056433
0.3420428894
0.3774830700
0.3836907449
0.3561512415
0.3427200903
0.3440744921
0.3330699774
0.3130925508
0.3892212190
0.3371896163
0.3448081264
0.2793453725
0.2507336343
0.2428329571
0.2331828442
0.2338600451
0.2580135440
0.2490406321
0.2683408578
0.2624717833
0.2841422122
0.2734762980
0.2893340858
0.3496049661
0.3461625282
0.3309819413
0.3196388262
0.3323927765
0.3296275395
0.3399548533
0.3740406321
0.3244920993
0.3575056433
0.3630361174
0.3589164786
0.3093115124
0.3961060948
0.3747742664
0.4091986456
0.4691309255
0.4291760722
0.4216139955
0.4229683973
0.3961060948
0.3509593679
0.3947516930
0.4174379233
0.4656884876
0.4347065463
0.4491534989
0.4154063205
0.4250564334
0.4154063205
0.4195259594
0.4450338600
0.4581264108
0.4133182844
0.4401805869
0.4725733634
0.4450338600
0.3740406321
0.4236455982
0.3905756208
0.3595936795
0.4560383747
0.4098758465
0.4312641084
0.4347065463
0.4450338600
0.4401805869
0.4119638826
0.3740406321
0.4684537246
0.5049661400
0.5208239278
0.5200902935
0.4980812641
0.4684537246
0.4877539503
0.4704853273
0.4925507901
0.5297404063
0.4573927765
0.4897855530
0.4656884876
0.4581264108
0.4808690745
0.5111738149
0.4622460497
0.3836907449
0.3830135440
0.4154063205
0.3933408578
0.4181715576
0.4829006772
0.5249435666
0.5863431151
0.5359480813
0.5387133183
0.4712189616
0.4781038375
0.5297404063
0.5208239278
0.5366252822
0.5297404063
0.3705981941
0.4815462754
0.4147291196
0.5118510158
0.4732505643
0.4429458239
0.4477990971
0.5008465011
0.5373024831
0.5857787810
0.5981941309
0.5511286682
0.6027088036
0.5891647856
0.5857787810
0.5993227991
0.5671557562
0.6123024831
0.5795711061
0.5215011287
0.4856659142
0.4002257336
0.5987584650
0.5981941309
0.5716704289
0.5621331828
0.5801354402
0.5733634312
0.5600451467
0.5118510158
0.4581264108
0.4216139955
0.4643340858
0.5380361174
0.4546839729
0.0000000100
0.0000000100
0.0000000100
0.0000000100
0.0000000100
0.0000000100
0.0000000100
0.0000000100
0.0000000100
0.0000000100
0.0000000100
0.0000000100
0.0000000100
0.0000000100
0.0000000100
0.0000000100
0.0000000100
0.0000000100
0.0000000100
0.0000000100
0.0000000100
0.0000000100
0.0000000100
0.0000000100
0.0000000100
0.0000000100
0.0000000100
0.0000000100
0.0000000100
0.0000000100
0.0000000100
0.0000000100
0.0000000100
0.0000000100
0.0000000100
0.0000000100
0.0000000100
0.0000000100
0.0000000100
0.0000000100
0.0000000100
0.0000000100
0.0000000100
0.0000000100
0.0000000100
0.0000000100
0.0000000100
0.0000000100
0.0000000100
0.0000000100
0.0000000100
0.0000000100
0.0000000100
0.0000000100
0.0000000100
0.0000000100
0.0000000100
0.0000000100
0.0000000100
0.0000000100
0.0000000100
0.0000000100
0.0000000100
0.0000000100
0.0000000100
0.0000000100
0.0000000100
0.0000000100
0.0000000100
0.0000000100
0.0000000100
0.0000000100
0.0000000100
0.0000000100
0.0000000100
0.0000000100
0.0000000100
0.0000000100
0.0000000100
0.0000000100
0.0000000100
0.0000000100
0.0000000100
0.0000000100
0.0000000100
0.0000000100
0.0000000100
0.0000000100
0.0000000100
0.0000000100
0.0000000100
0.0000000100
0.0000000100
0.0000000100
0.0000000100
0.0000000100
0.0000000100
0.0000000100
0.0000000100
0.0000000100
0.0000000100
0.0000000100
0.0000000100
0.0000000100
0.0000000100
0.0000000100
0.0000000100
0.0000000100
0.0000000100
0.0000000100
0.0000000100
0.0000000100
0.0000000100
0.0000000100
0.0000000100
0.0000000100
0.0000000100
0.0000000100
0.0000000100
0.0000000100
0.0000000100
0.0000000100
0.0000000100
0.0000000100
0.0000000100
0.0000000100
0.0000000100
0.0000000100
0.0000000100
0.0000000100
0.0000000100
0.0000000100
0.0000000100
0.0000000100
0.0000000100
0.0000000100
0.0000000100
0.0000000100
0.0000000100
0.0000000100
0.0000000100
0.0000000100
0.0000000100
0.0000000100
0.0000000100
0.0000000100
0.0000000100
0.0000000100
0.0000000100
0.0000000100
0.0000000100
0.0000000100
0.0000000100
0.0000000100
0.0000000100
0.0000000100
0.0000000100
0.0000000100
0.0000000100
0.0000000100
0.0000000100
0.0000000100
0.0000000100
0.0000000100
0.0000000100
0.0000000100
0.0000000100
0.0000000100
0.0000000100
0.0000000100
0.0000000100
0.0000000100
0.0000000100
0.0000000100
0.0000000100
0.0000000100
0.0000000100
0.0000000100
0.0000000100
0.0000000100
0.0000000100
0.0000000100
0.0000000100
0.0000000100
0.0000000100
0.0000000100
0.0000000100
0.0000000100
0.0000000100
0.0000000100
0.0000000100
0.0000000100
0.0000000100
0.0000000100
0.0000000100
0.0000000100
0.0000000100
0.0000000100
0.0000000100
0.0000000100
0.0000000100
0.0000000100
0.0000000100
0.0000000100
0.0000000100
0.0000000100
0.0000000100
0.0000000100
0.0000000100
0.0000000100
0.0000000100
0.0000000100
0.0000000100
0.0000000100
0.0000000100
0.0000000100
0.0000000100
0.0000000100
0.0000000100
0.0000000100
0.0000000100
0.0000000100
0.0000000100
0.0000000100
0.0000000100
0.0000000100
0.0000000100
0.0000000100
0.0000000100
0.0000000100
0.0000000100
0.0000000100
0.0000000100
0.0000000100
0.0000000100
0.0000000100
0.0000000100
0.0000000100
0.0000000100
0.0000000100
0.0000000100
0.0000000100
0.0000000100
0.0000000100
0.0000000100
0.0000000100
0.0000000100
0.0000000100
0.0000000100
0.0000000100
0.0000000100
0.0000000100
0.0000000100
0.0000000100
0.0000000100
0.0000000100
0.0000000100
0.0000000100
0.0000000100
0.0000000100
0.0000000100
0.0000000100
0.0000000100
0.0000000100
0.0000000100
0.0000000100
0.0000000100
0.0000000100
0.0000000100
0.0000000100
0.0000000100
0.0000000100
0.0000000100
0.0000000100
0.0000000100
0.0000000100
0.0000000100
0.0000000100
0.0000000100
0.0000000100
0.0000000100
0.0000000100
0.0000000100
0.0000000100
0.0000000100
0.0000000100
0.0000000100
0.0000000100
0.0000000100
0.0000000100
0.0000000100
0.0000000100
0.0000000100
0.0000000100
0.0000000100
0.0000000100
0.0000000100
0.0000000100
0.0000000100
0.0000000100
0.0000000100
0.0000000100
0.0000000100
0.0000000100
0.0000000100
0.0000000100
0.0000000100
0.0000000100
0.0000000100
0.0000000100
0.0000000100
0.0000000100
0.0000000100
0.0000000100
0.0000000100
0.0000000100
0.0000000100
0.0000000100
0.0000000100
0.0000000100
0.0000000100
0.0000000100
0.0000000100
0.0000000100
0.0000000100
0.0000000100
0.0000000100
0.0000000100
0.0000000100
0.0000000100
0.0000000100
0.0000000100
0.0000000100
0.0000000100
0.0000000100
0.0000000100
0.0000000100
0.0000000100
0.0000000100
0.0000000100
0.0000000100
0.0000000100
0.0000000100
0.0000000100
0.0000000100
0.0000000100
0.0000000100
0.0000000100
0.0000000100
0.0000000100
0.0000000100
0.0000000100
0.0000000100
0.0000000100
0.0000000100
0.0000000100
0.0000000100
0.0000000100
0.0000000100
0.0000000100
0.0000000100
0.0000000100
0.0000000100
0.0000000100
0.0000000100
0.0000000100
0.0000000100
0.0000000100
