0.2956821540
0.2971597439
0.3006074536
0.2996223937
0.3056969299
0.2986373338
0.2996223937
0.3006074536
0.2991298637
0.2996223937
0.3015925135
0.3025775735
0.3001149237
0.3025775735
0.3015925135
0.3030701034
0.3040551634
0.3035626334
0.3015925135
0.3020850435
0.3010999836
0.3025775735
0.3025775735
0.2996223937
0.3001149237
0.3001149237
0.3025775735
0.3020850435
0.3006074536
0.2981448038
0.2981448038
0.2991298637
0.2945329174
0.3001149237
0.2971597439
0.2935478575
0.2925627976
0.2945329174
0.2950254474
0.3015925135
0.2991298637
0.2976522738
0.2971597439
0.2935478575
0.2940403875
0.2925627976
0.2930553275
0.2876374979
0.2950254474
0.2940403875
0.2910852077
0.2910852077
0.2915777376
0.2950254474
0.2905926777
0.2881300279
0.2871449680
0.2866524380
0.2861599081
0.2871449680
0.2845181415
0.2891150878
0.2905926777
0.2871449680
0.2850106715
0.2850106715
0.2830405516
0.2871449680
0.2856673781
0.2850106715
0.2805779018
0.2805779018
0.2795928419
0.2800853719
0.2791003119
0.2776227220
0.2771301921
0.2840256116
0.2776227220
0.2776227220
0.2749958956
0.2754884255
0.2771301921
0.2795928419
0.2795928419
0.2781152520
0.2810704318
0.2791003119
0.2761451322
0.2754884255
0.2754884255
0.2740108357
0.2740108357
0.2815629617
0.2771301921
0.2771301921
0.2776227220
0.2776227220
0.2766376621
0.2740108357
0.2749958956
0.2745033656
0.2749958956
0.2740108357
0.2754884255
0.2781152520
0.2815629617
0.2856673781
0.2830405516
0.2781152520
0.2771301921
0.2730257757
0.2720407158
0.2730257757
0.2805779018
0.2754884255
0.2749958956
0.2754884255
0.2771301921
0.2766376621
0.2754884255
0.2781152520
0.2800853719
0.2820554917
0.2795928419
0.2781152520
0.2815629617
0.2830405516
0.2820554917
0.2845181415
0.2840256116
0.2856673781
0.2861599081
0.2866524380
0.2845181415
0.2850106715
0.2830405516
0.2845181415
0.2845181415
0.2856673781
0.2856673781
0.2856673781
0.2835330816
0.2850106715
0.2856673781
0.2876374979
0.2876374979
0.2896076178
0.2881300279
0.2901001478
0.2945329174
0.2886225579
0.2935478575
0.2940403875
0.2956821540
0.2950254474
0.2971597439
0.2991298637
0.3025775735
0.3025775735
0.3106222295
0.3157117058
0.3191594155
0.3216220653
0.3157117058
0.3076670497
0.3120998194
0.3130848793
0.3111147595
0.3166967657
0.3130848793
0.3135774093
0.3106222295
0.3101296996
0.3106222295
0.3086521097
0.3101296996
0.3125923494
0.3120998194
0.3106222295
0.3111147595
0.3091446396
0.3086521097
0.3091446396
0.3120998194
0.3125923494
0.3140699393
0.3120998194
0.3111147595
0.3116072894
0.3125923494
0.3152191758
0.3147266459
0.3171892957
0.3181743556
0.3157117058
0.3181743556
0.3147266459
0.3157117058
0.3166967657
0.3152191758
0.3176818256
0.3191594155
0.3196519455
0.3196519455
0.3186668856
0.3191594155
0.3206370054
0.3281891315
0.3311443113
0.3311443113
0.3296667214
0.3336069611
0.3386964374
0.3272040716
0.3267115416
0.3267115416
0.3281891315
0.3362337876
0.3396814973
0.3416516171
0.3396814973
0.3326219012
0.3362337876
0.3377113774
0.3362337876
0.3336069611
0.3352487276
0.3431292070
0.3452635035
0.3492037432
0.3426366771
0.3281891315
0.3257264817
0.3276966015
0.3286816615
0.3286816615
0.3331144311
0.3347561977
0.3331144311
0.3316368412
0.3347561977
0.3352487276
0.3386964374
0.3411590872
0.3331144311
0.3347561977
0.3347561977
0.3352487276
0.3321293712
0.3326219012
0.3347561977
0.3321293712
0.3311443113
0.3342636677
0.3296667214
0.3437859136
0.3336069611
0.3306517813
0.3352487276
0.3357412576
0.3306517813
0.3267115416
0.3296667214
0.3240847152
0.3221145953
0.3191594155
0.3191594155
0.3240847152
0.3196519455
0.3211295354
0.3230996552
0.3196519455
0.3276966015
0.3311443113
0.3291741914
0.3272040716
0.3247414218
0.3252339517
0.3247414218
0.3252339517
0.3276966015
0.3296667214
0.3357412576
0.3386964374
0.3362337876
0.3372188475
0.3336069611
0.3331144311
0.3326219012
0.3426366771
0.3342636677
0.3326219012
0.3326219012
0.3362337876
0.3342636677
0.3321293712
0.3306517813
0.3367263175
0.3326219012
0.3311443113
0.3347561977
0.3311443113
0.3286816615
0.3352487276
0.3377113774
0.3352487276
0.3377113774
0.3362337876
0.3357412576
0.3372188475
0.3342636677
0.3372188475
0.3372188475
0.3367263175
0.3377113774
0.3326219012
0.3311443113
0.3306517813
0.3276966015
0.3240847152
0.3235921852
0.3206370054
0.3226071253
0.3226071253
0.3252339517
0.3262190117
0.3216220653
0.3191594155
0.3191594155
0.3166967657
0.3206370054
0.3176818256
0.3162042358
0.3162042358
0.3152191758
0.3226071253
0.3171892957
0.3166967657
0.3135774093
0.3116072894
0.3076670497
0.3020850435
0.3040551634
0.3025775735
0.3020850435
0.3106222295
0.3091446396
0.3056969299
0.3040551634
0.3030701034
0.3052043999
0.3045476933
0.3040551634
0.3025775735
0.3015925135
0.3010999836
0.3001149237
0.2996223937
0.2986373338
0.2935478575
0.2976522738
0.2966672139
0.2981448038
0.3015925135
0.2986373338
0.2981448038
0.2940403875
0.2925627976
0.2935478575
0.2935478575
0.2930553275
0.2950254474
0.2930553275
0.2896076178
0.2910852077
0.2915777376
0.2920702676
0.2935478575
0.2891150878
0.2920702676
0.2871449680
0.2856673781
0.2840256116
0.2850106715
0.2871449680
0.2845181415
0.2861599081
0.2905926777
0.2910852077
0.2881300279
0.2935478575
0.2966672139
0.2901001478
0.2905926777
0.2850106715
0.2845181415
0.2891150878
0.2956821540
0.2840256116
0.2881300279
0.2845181415
0.2881300279
0.2950254474
0.2920702676
0.2910852077
0.2905926777
0.2915777376
0.2930553275
0.2930553275
0.2896076178
0.2930553275
0.2976522738
0.2930553275
0.2920702676
0.2935478575
0.2920702676
0.2945329174
0.2930553275
0.2920702676
0.2920702676
0.2935478575
0.2945329174
0.2950254474
0.2935478575
0.2856673781
0.2930553275
0.2956821540
0.2966672139
0.2966672139
0.3006074536
0.3001149237
0.2996223937
0.2986373338
0.2986373338
0.2981448038
0.2961746840
0.2961746840
0.3015925135
0.3040551634
0.3076670497
0.3081595797
0.3116072894
0.3140699393
0.3152191758
0.3176818256
0.3326219012
0.3252339517
0.3211295354
0.3257264817
0.3235921852
0.3252339517
0.3240847152
0.3240847152
0.3216220653
0.3226071253
0.3211295354
0.3262190117
0.3257264817
0.3272040716
0.3247414218
0.3286816615
0.3286816615
0.3281891315
0.3281891315
0.3296667214
0.3306517813
0.3342636677
0.3291741914
0.3306517813
0.3306517813
0.3342636677
0.3362337876
0.3567558693
0.3597110491
0.3547857495
0.3582334592
0.3501888032
0.3562633394
0.3547857495
0.3572483993
0.3638154654
0.3677557051
0.3753078312
0.3753078312
0.3772779511
0.3822032507
0.3822032507
0.3838450172
0.3828599573
0.3812181908
0.3777704810
0.3758003612
0.3777704810
0.3787555410
0.3782630110
0.3802331308
0.3877852569
0.3792480709
0.3777704810
0.3822032507
0.3838450172
0.0000000100
0.0000000100
0.0000000100
0.0000000100
0.0000000100
0.0000000100
0.0000000100
0.0000000100
0.0000000100
0.0000000100
0.0000000100
0.0000000100
0.0000000100
0.0000000100
0.0000000100
0.0000000100
0.0000000100
0.0000000100
0.0000000100
0.0000000100
0.0000000100
0.0000000100
0.0000000100
0.0000000100
0.0000000100
0.0000000100
0.0000000100
0.0000000100
0.0000000100
0.0000000100
0.0000000100
0.0000000100
0.0000000100
0.0000000100
0.0000000100
0.0000000100
0.0000000100
0.0000000100
0.0000000100
0.0000000100
0.0000000100
0.0000000100
0.0000000100
0.0000000100
0.0000000100
0.0000000100
0.0000000100
0.0000000100
0.0000000100
0.0000000100
0.0000000100
0.0000000100
0.0000000100
0.0000000100
0.0000000100
0.0000000100
0.0000000100
0.0000000100
0.0000000100
0.0000000100
0.0000000100
0.0000000100
0.0000000100
0.0000000100
0.0000000100
0.0000000100
0.0000000100
0.0000000100
0.0000000100
0.0000000100
0.0000000100
0.0000000100
0.0000000100
0.0000000100
0.0000000100
0.0000000100
0.0000000100
0.0000000100
0.0000000100
0.0000000100
0.0000000100
0.0000000100
0.0000000100
0.0000000100
0.0000000100
0.0000000100
0.0000000100
0.0000000100
0.0000000100
0.0000000100
0.0000000100
0.0000000100
0.0000000100
0.0000000100
0.0000000100
0.0000000100
0.0000000100
0.0000000100
0.0000000100
0.0000000100
0.0000000100
0.0000000100
0.0000000100
0.0000000100
0.0000000100
0.0000000100
0.0000000100
0.0000000100
0.0000000100
0.0000000100
0.0000000100
0.0000000100
0.0000000100
0.0000000100
0.0000000100
0.0000000100
0.0000000100
0.0000000100
0.0000000100
0.0000000100
0.0000000100
0.0000000100
0.0000000100
0.0000000100
0.0000000100
0.0000000100
0.0000000100
0.0000000100
0.0000000100
0.0000000100
0.0000000100
0.0000000100
0.0000000100
0.0000000100
0.0000000100
0.0000000100
0.0000000100
0.0000000100
0.0000000100
0.0000000100
0.0000000100
0.0000000100
0.0000000100
0.0000000100
0.0000000100
0.0000000100
0.0000000100
0.0000000100
0.0000000100
0.0000000100
0.0000000100
0.0000000100
0.0000000100
0.0000000100
0.0000000100
0.0000000100
0.0000000100
0.0000000100
0.0000000100
0.0000000100
0.0000000100
0.0000000100
0.0000000100
0.0000000100
0.0000000100
0.0000000100
0.0000000100
0.0000000100
0.0000000100
0.0000000100
0.0000000100
0.0000000100
0.0000000100
0.0000000100
0.0000000100
0.0000000100
0.0000000100
0.0000000100
0.0000000100
0.0000000100
0.0000000100
0.0000000100
0.0000000100
0.0000000100
0.0000000100
0.0000000100
0.0000000100
0.0000000100
0.0000000100
0.0000000100
0.0000000100
0.0000000100
0.0000000100
0.0000000100
0.0000000100
0.0000000100
0.0000000100
0.0000000100
0.0000000100
0.0000000100
0.0000000100
0.0000000100
0.0000000100
0.0000000100
0.0000000100
0.0000000100
0.0000000100
0.0000000100
0.0000000100
0.0000000100
0.0000000100
0.0000000100
0.0000000100
0.0000000100
0.0000000100
0.0000000100
0.0000000100
0.0000000100
0.0000000100
0.0000000100
0.0000000100
0.0000000100
0.0000000100
0.0000000100
0.0000000100
0.0000000100
0.0000000100
0.0000000100
0.0000000100
0.0000000100
0.0000000100
0.0000000100
0.0000000100
0.0000000100
0.0000000100
0.0000000100
0.0000000100
0.0000000100
0.0000000100
0.0000000100
0.0000000100
0.0000000100
0.0000000100
0.0000000100
0.0000000100
0.0000000100
0.0000000100
0.0000000100
0.0000000100
0.0000000100
0.0000000100
0.0000000100
0.0000000100
0.0000000100
0.0000000100
0.0000000100
0.0000000100
0.0000000100
0.0000000100
0.0000000100
0.0000000100
0.0000000100
0.0000000100
0.0000000100
0.0000000100
0.0000000100
0.0000000100
0.0000000100
0.0000000100
0.0000000100
0.0000000100
0.0000000100
0.0000000100
0.0000000100
0.0000000100
0.0000000100
0.0000000100
0.0000000100
0.0000000100
0.0000000100
0.0000000100
0.0000000100
0.0000000100
0.0000000100
0.0000000100
0.0000000100
0.0000000100
0.0000000100
0.0000000100
0.0000000100
0.0000000100
0.0000000100
0.0000000100
0.0000000100
0.0000000100
0.0000000100
0.0000000100
0.0000000100
0.0000000100
0.0000000100
0.0000000100
0.0000000100
0.0000000100
0.0000000100
0.0000000100
0.0000000100
0.0000000100
0.0000000100
0.0000000100
0.0000000100
0.0000000100
0.0000000100
0.0000000100
0.0000000100
0.0000000100
0.0000000100
0.0000000100
0.0000000100
0.0000000100
0.0000000100
0.0000000100
0.0000000100
0.0000000100
0.0000000100
0.0000000100
0.0000000100
0.0000000100
0.0000000100
0.0000000100
0.0000000100
0.0000000100
0.0000000100
0.0000000100
0.0000000100
0.0000000100
0.0000000100
0.0000000100
0.0000000100
0.0000000100
0.0000000100
0.0000000100
0.0000000100
0.0000000100
0.0000000100
0.0000000100
0.0000000100
0.0000000100
0.0000000100
0.0000000100
0.0000000100
0.0000000100
0.0000000100
0.0000000100
0.0000000100
0.0000000100
0.0000000100
0.0000000100
0.0000000100
0.0000000100
0.0000000100
0.0000000100
0.0000000100
0.0000000100
0.0000000100
0.0000000100
0.0000000100
0.0000000100
0.0000000100
