0.0383685801
0.0384396659
0.0385107517
0.0380309223
0.0382264084
0.0681357739
0.0374977786
0.0382264084
0.0459569931
0.0386351519
0.0393815532
0.0544339790
0.0391860672
0.0525324329
0.0680646881
0.0575617558
0.0400568687
0.0763284166
0.0381730940
0.0413541852
0.0385818376
0.0382974942
0.5011551448
0.5455837924
0.5048871512
0.5287009063
0.6182690599
0.5651323974
0.6019193176
0.4625910787
0.5368757775
0.5770392749
0.4924471299
0.6431491025
0.5717078372
0.4609916474
0.4794739648
0.4604585036
0.3531188911
0.5183934601
0.5207037498
0.4567264972
0.4842722588
0.5585569575
0.4853385463
0.4951128488
0.5109294473
0.4641905100
0.5038208637
0.4274035898
0.4115869913
0.4469521948
0.3829749422
0.3991469700
0.4137195664
0.3433445886
0.4887151235
0.5294117647
0.4577927848
0.3221965523
0.3737337835
0.4366447485
0.4588590723
0.3811977963
0.4224275813
0.4115869913
0.4506842012
0.4311355962
0.4012795451
0.4414430425
0.4501510574
0.4268704461
0.3703572063
0.3383685801
0.4099875600
0.4126532788
0.3851075173
0.3383685801
0.4538830638
0.4046561223
0.4192287187
0.4094544162
0.3758663586
0.3835080860
0.3476097388
0.4533499200
0.4041229785
0.3042473787
0.3280611338
0.4837391150
0.4409098987
0.4083881287
0.3964812511
0.3634263373
0.3552514661
0.3351697174
0.3605829039
0.3920383864
0.3943486760
0.3172205438
0.3589834725
0.3996801137
0.4593922161
0.3280611338
0.3303714235
0.2592855873
0.3589834725
0.3682246312
0.3817309401
0.4083881287
0.4089212724
0.4229607251
0.2955393638
0.3698240626
0.3737337835
0.3959481073
0.3102896748
0.3097565310
0.4258041585
0.3650257686
0.3166874000
0.3470765950
0.3486760263
0.2454238493
0.3676914875
0.3005153723
0.3232628399
0.3579171850
0.3563177537
0.3650257686
0.3026479474
0.3325039986
0.3314377110
0.3742669273
0.3845743736
0.2862982051
0.4229607251
0.3492091701
0.2966056513
0.3221965523
0.2999822285
0.4012795451
0.3568508975
0.3085125289
0.3433445886
0.3021148036
0.3623600498
0.3438777324
0.3557846099
0.3904389550
0.4464190510
0.3335702861
0.4441087613
0.4588590723
0.4073218411
0.3959481073
0.4094544162
0.4062555536
0.4041229785
0.4670339435
0.5781055625
0.5683312600
0.4051892660
0.4593922161
0.4979562822
0.4826728274
0.6074284699
0.4506842012
0.4739648125
0.3600497601
0.4647236538
0.4842722588
0.5574906700
0.3378354363
0.5813044251
0.6346188022
0.6237782122
0.6920206149
0.7385818376
0.7527990048
0.6497245424
0.6801137373
0.6573662698
0.6052958948
0.6031633197
0.6042296073
0.6127599076
0.5011551448
0.6399502399
0.6801137373
0.7289852497
0.6714057224
0.5059534388
0.5738404123
0.6703394349
0.6127599076
0.5889461525
0.5672649725
0.7115692198
0.6008530300
0.6442153901
0.7060600675
0.6724720100
0.6420828150
0.6539896926
0.7266749600
0.7419584148
0.6431491025
0.7105029323
0.6507908299
0.7604407322
0.5608672472
0.6539896926
0.6594988449
0.7430247023
0.7604407322
0.7982939399
0.7202772348
0.6671405722
0.6648302826
0.6626977075
0.6801137373
0.7137017949
0.7419584148
0.7527990048
0.7472898525
0.7158343700
0.7700373201
0.7798116225
0.7105029323
0.6584325573
0.6140039097
0.6866891772
0.7689710325
0.7810556247
0.7353829749
0.8048693798
0.6909543274
0.5640661098
0.6063621823
0.6410165275
0.7017949174
0.6486582548
0.6442153901
0.6616314199
0.6507908299
0.6822463124
0.6714057224
0.6116936200
0.6616314199
0.6626977075
0.6193353474
0.6193353474
0.6626977075
0.6248444997
0.6259107873
0.6204016350
0.6161364848
0.6052958948
0.6204016350
0.6063621823
0.6410165275
0.6682068598
0.6127599076
0.6214679225
0.5759729874
0.6063621823
0.5933890172
0.5900124400
0.5672649725
0.5944553048
0.5868135774
0.5455837924
0.5672649725
0.5651323974
0.5498489426
0.5450506487
0.5384752088
0.5526923760
0.5439843611
0.5505598010
0.5532255198
0.5564243824
0.5130620224
0.5162608850
0.5260351875
0.5191043185
0.5395414964
0.5505598010
0.5493157988
0.5201706060
0.5315443398
0.5651323974
0.5429180736
0.5704638351
0.5553580949
0.5255020437
0.5445175049
0.5326106273
0.5471832237
0.5661986849
0.5574906700
0.5542918074
0.5608672472
0.5900124400
0.5900124400
0.5368757775
0.5987204549
0.5878798649
0.5813044251
0.5955215923
0.5498489426
0.5749066998
0.6161364848
0.5717078372
0.6161364848
0.5802381376
0.6150701973
0.5910787276
0.6312422250
0.5802381376
0.5813044251
0.5857472899
0.5965878799
0.5574906700
0.5510929447
0.5434512173
0.5564243824
0.5693975475
0.5704638351
0.5407854985
0.5439843611
0.5585569575
0.5482495113
0.5608672472
0.5352763462
0.5352763462
0.5379420650
0.5228363249
0.5244357562
0.5276346188
0.5103963035
0.5098631598
0.4577927848
0.4864048338
0.4853385463
0.4929802737
0.4821396837
0.4718322374
0.4755642438
0.4712990937
0.4366447485
0.4435756176
0.4522836325
0.4485516261
0.4458859072
0.4343344589
0.4332681713
0.3986138262
0.4192287187
0.4007464013
0.3980806824
0.4012795451
0.4035898347
0.3932823885
0.3915052426
0.3883063800
0.3991469700
0.3817309401
0.3872400924
0.3909720988
0.3970143949
0.3748000711
0.3888395237
0.3769326462
0.3779989337
0.4110538475
0.4252710148
0.3769326462
0.3721343522
0.3634263373
0.3552514661
0.3639594811
0.3595166163
0.3525857473
0.3714234939
0.3692909188
0.3748000711
0.3676914875
0.3660920562
0.3515194597
0.3346365737
0.3412120135
0.3541851786
0.3742669273
0.3579171850
0.3296605651
0.3378354363
0.3351697174
0.3314377110
0.3573840412
0.3460103074
0.3486760263
0.3584503288
0.3671583437
0.3595166163
0.3280611338
0.3449440199
0.3650257686
0.3314377110
0.3428114448
0.3460103074
0.3449440199
0.3319708548
0.3319708548
0.3362360050
0.3449440199
0.3182868313
0.3166874000
0.3412120135
0.3140216812
0.2960725076
0.3628931935
0.3628931935
0.3867069486
0.3650257686
0.3449440199
0.3584503288
0.3867069486
0.3547183224
0.3188199751
0.3628931935
0.3557846099
0.3259285587
0.3732006398
0.3481428825
0.3692909188
0.3623600498
0.3492091701
0.3899058113
0.3883063800
0.4078549849
0.4126532788
0.4332681713
0.4474853385
0.4652567976
0.4517504887
0.4631242225
0.4636573663
0.4631242225
0.4234938688
0.5212368935
0.4864048338
0.4588590723
0.5109294473
0.5038208637
0.5374089213
0.5276346188
0.5384752088
0.5423849298
0.6127599076
0.6790474498
0.5471832237
0.5098631598
0.6280433624
0.6399502399
0.6518571175
0.6031633197
0.6346188022
0.6323085125
0.6248444997
0.5987204549
0.6692731473
0.6790474498
0.6346188022
0.6833126000
0.6888217523
0.6941531900
0.6790474498
0.6877554647
0.6594988449
0.6539896926
0.6843788875
0.6735382975
0.6518571175
0.6888217523
0.7321841123
0.6801137373
0.6833126000
0.7213435223
0.6996623423
0.7007286298
0.6811800249
0.7332503999
0.6237782122
0.6562999822
0.6562999822
0.6486582548
0.6106273325
0.6660742847
0.7071263551
0.6616314199
0.0000000100
0.0000000100
0.0000000100
0.0000000100
0.0000000100
0.0000000100
0.0000000100
0.0000000100
0.0000000100
0.0000000100
0.0000000100
0.0000000100
0.0000000100
0.0000000100
0.0000000100
0.0000000100
0.0000000100
0.0000000100
0.0000000100
0.0000000100
0.0000000100
0.0000000100
0.0000000100
0.0000000100
0.0000000100
0.0000000100
0.0000000100
0.0000000100
0.0000000100
0.0000000100
0.0000000100
0.0000000100
0.0000000100
0.0000000100
0.0000000100
0.0000000100
0.0000000100
0.0000000100
0.0000000100
0.0000000100
0.0000000100
0.0000000100
0.0000000100
0.0000000100
0.0000000100
0.0000000100
0.0000000100
0.0000000100
0.0000000100
0.0000000100
0.0000000100
0.0000000100
0.0000000100
0.0000000100
0.0000000100
0.0000000100
0.0000000100
0.0000000100
0.0000000100
0.0000000100
0.0000000100
0.0000000100
0.0000000100
0.0000000100
0.0000000100
0.0000000100
0.0000000100
0.0000000100
0.0000000100
0.0000000100
0.0000000100
0.0000000100
0.0000000100
0.0000000100
0.0000000100
0.0000000100
0.0000000100
0.0000000100
0.0000000100
0.0000000100
0.0000000100
0.0000000100
0.0000000100
0.0000000100
0.0000000100
0.0000000100
0.0000000100
0.0000000100
0.0000000100
0.0000000100
0.0000000100
0.0000000100
0.0000000100
0.0000000100
0.0000000100
0.0000000100
0.0000000100
0.0000000100
0.0000000100
0.0000000100
0.0000000100
0.0000000100
0.0000000100
0.0000000100
0.0000000100
0.0000000100
0.0000000100
0.0000000100
0.0000000100
0.0000000100
0.0000000100
0.0000000100
0.0000000100
0.0000000100
0.0000000100
0.0000000100
0.0000000100
0.0000000100
0.0000000100
0.0000000100
0.0000000100
0.0000000100
0.0000000100
0.0000000100
0.0000000100
0.0000000100
0.0000000100
0.0000000100
0.0000000100
0.0000000100
0.0000000100
0.0000000100
0.0000000100
0.0000000100
0.0000000100
0.0000000100
0.0000000100
0.0000000100
0.0000000100
0.0000000100
0.0000000100
0.0000000100
0.0000000100
0.0000000100
0.0000000100
0.0000000100
0.0000000100
0.0000000100
0.0000000100
0.0000000100
0.0000000100
0.0000000100
0.0000000100
0.0000000100
0.0000000100
0.0000000100
0.0000000100
0.0000000100
0.0000000100
0.0000000100
0.0000000100
0.0000000100
0.0000000100
0.0000000100
0.0000000100
0.0000000100
0.0000000100
0.0000000100
0.0000000100
0.0000000100
0.0000000100
0.0000000100
0.0000000100
0.0000000100
0.0000000100
0.0000000100
0.0000000100
0.0000000100
0.0000000100
0.0000000100
0.0000000100
0.0000000100
0.0000000100
0.0000000100
0.0000000100
0.0000000100
0.0000000100
0.0000000100
0.0000000100
0.0000000100
0.0000000100
0.0000000100
0.0000000100
0.0000000100
0.0000000100
0.0000000100
0.0000000100
0.0000000100
0.0000000100
0.0000000100
0.0000000100
0.0000000100
0.0000000100
0.0000000100
0.0000000100
0.0000000100
0.0000000100
0.0000000100
0.0000000100
0.0000000100
0.0000000100
0.0000000100
0.0000000100
0.0000000100
0.0000000100
0.0000000100
0.0000000100
0.0000000100
0.0000000100
0.0000000100
0.0000000100
0.0000000100
0.0000000100
0.0000000100
0.0000000100
0.0000000100
0.0000000100
0.0000000100
0.0000000100
0.0000000100
0.0000000100
0.0000000100
0.0000000100
0.0000000100
0.0000000100
0.0000000100
0.0000000100
0.0000000100
0.0000000100
0.0000000100
0.0000000100
0.0000000100
0.0000000100
0.0000000100
0.0000000100
0.0000000100
0.0000000100
0.0000000100
0.0000000100
0.0000000100
0.0000000100
0.0000000100
0.0000000100
0.0000000100
0.0000000100
0.0000000100
0.0000000100
0.0000000100
0.0000000100
0.0000000100
0.0000000100
0.0000000100
0.0000000100
0.0000000100
0.0000000100
0.0000000100
0.0000000100
0.0000000100
0.0000000100
0.0000000100
0.0000000100
0.0000000100
0.0000000100
0.0000000100
0.0000000100
0.0000000100
0.0000000100
0.0000000100
0.0000000100
0.0000000100
0.0000000100
0.0000000100
0.0000000100
0.0000000100
0.0000000100
0.0000000100
0.0000000100
0.0000000100
0.0000000100
0.0000000100
0.0000000100
0.0000000100
0.0000000100
0.0000000100
0.0000000100
0.0000000100
0.0000000100
0.0000000100
0.0000000100
0.0000000100
0.0000000100
0.0000000100
0.0000000100
0.0000000100
0.0000000100
0.0000000100
0.0000000100
0.0000000100
0.0000000100
0.0000000100
0.0000000100
0.0000000100
0.0000000100
0.0000000100
0.0000000100
0.0000000100
0.0000000100
0.0000000100
0.0000000100
0.0000000100
0.0000000100
0.0000000100
0.0000000100
0.0000000100
0.0000000100
0.0000000100
0.0000000100
0.0000000100
0.0000000100
0.0000000100
0.0000000100
0.0000000100
0.0000000100
0.0000000100
0.0000000100
0.0000000100
0.0000000100
0.0000000100
0.0000000100
0.0000000100
0.0000000100
0.0000000100
0.0000000100
0.0000000100
0.0000000100
0.0000000100
0.0000000100
0.0000000100
0.0000000100
0.0000000100
0.0000000100
0.0000000100
0.0000000100
0.0000000100
0.0000000100
0.0000000100
0.0000000100
0.0000000100
0.0000000100
0.0000000100
0.0000000100
0.0000000100
0.0000000100
0.0000000100
0.0000000100
0.0000000100
0.0000000100
0.0000000100
