0.2318284424
0.1959932280
0.2125282167
0.2469525959
0.2204288939
0.1925507901
0.1932279910
0.2163092551
0.2187358916
0.2187358916
0.2097629797
0.1670428894
0.1641083521
0.1804740406
0.1794582393
0.1758465011
0.1395033860
0.1207110609
0.1301918736
0.1227990971
0.1383182844
0.1172686230
0.1426072235
0.1398419865
0.1503386005
0.1510158014
0.1579006772
0.1522573363
0.1494920993
0.1353837472
0.1479119639
0.1672121896
0.2207674944
0.3482505643
0.4098758465
0.4691309255
0.4139954853
0.4973476298
0.4470654628
0.4573927765
0.4450338600
0.4388261851
0.4512415350
0.4078442438
0.4154063205
0.4036681716
0.4250564334
0.4160835214
0.4195259594
0.4484762980
0.4704853273
0.4326185102
0.4278216704
0.4257336343
0.4766930023
0.4477990971
0.4112866817
0.4339729120
0.4505079007
0.5111738149
0.5221783296
0.3836907449
0.5166478555
0.5111738149
0.5173250564
0.5462753950
0.4801354402
0.4622460497
0.5008465011
0.4284988713
0.4291760722
0.3995485327
0.3857787810
0.4457110609
0.4408577878
0.4381489842
0.4119638826
0.4622460497
0.4126410835
0.4002257336
0.4105530474
0.3892212190
0.3699209932
0.4126410835
0.2352708804
0.3864559819
0.3761286682
0.3203160271
0.4181715576
0.4746613995
0.4457110609
0.3961060948
0.4312641084
0.4222911964
0.3816591422
0.4119638826
0.4270880361
0.4216139955
0.3947516930
0.4071106095
0.3651241535
0.4071106095
0.3913092551
0.3609480813
0.3540632054
0.3836907449
0.4133182844
0.3788939052
0.3974604966
0.3844243792
0.4064334086
0.3747742664
0.3602708804
0.3844243792
0.4250564334
0.4305304740
0.4525959368
0.4636004515
0.4257336343
0.4202031603
0.4270880361
0.4897855530
0.4243792325
0.4477990971
0.4588036117
0.4567155756
0.5166478555
0.4360609481
0.4367381490
0.4154063205
0.3685665914
0.3919864560
0.4119638826
0.4457110609
0.3954288939
0.3864559819
0.4071106095
0.4167607223
0.4147291196
0.3664785553
0.3224040632
0.3671557562
0.3440744921
0.3430586907
0.3774830700
0.3554740406
0.3671557562
0.3981941309
0.3309819413
0.3275395034
0.3330699774
0.2786681716
0.3130925508
0.3430586907
0.3392776524
0.3268623025
0.3427200903
0.3471783296
0.3795711061
0.3330699774
0.3209932280
0.2676072235
0.2800225734
0.3230812641
0.3630361174
0.3485891648
0.2996613995
0.3740406321
0.3523702032
0.3209932280
0.2965575621
0.3031038375
0.3720090293
0.3637133183
0.3454853273
0.3830135440
0.3830135440
0.4050790068
0.4408577878
0.4601580135
0.4519187359
0.4216139955
0.3919864560
0.3726862302
0.3234198646
0.3782167043
0.3692437923
0.3898984199
0.3974604966
0.4023137698
0.4429458239
0.4319413093
0.4505079007
0.4677765237
0.4291760722
0.4512415350
0.4257336343
0.4470654628
0.4229683973
0.5256207675
0.4581264108
0.4773702032
0.4629232506
0.4808690745
0.4422686230
0.4216139955
0.4353837472
0.4284988713
0.4401805869
0.4374153499
0.4512415350
0.5380361174
0.5304176072
0.4457110609
0.5104401806
0.4243792325
0.4815462754
0.3692437923
0.4457110609
0.4704853273
0.3692437923
0.5090857788
0.4422686230
0.4781038375
0.4319413093
0.4546839729
0.5028781038
0.4408577878
0.4491534989
0.4766930023
0.4498306998
0.4815462754
0.4843115124
0.4891083521
0.4987584650
0.4953160271
0.5242663657
0.5022009029
0.5104401806
0.4835778781
0.4684537246
0.4622460497
0.4105530474
0.3954288939
0.3981941309
0.3802483070
0.4091986456
0.3692437923
0.3303047404
0.3602708804
0.3671557562
0.3816591422
0.3864559819
0.4891083521
0.4470654628
0.4036681716
0.4036681716
0.4353837472
0.4319413093
0.4174379233
0.4147291196
0.3954288939
0.4044018059
0.3844243792
0.3726862302
0.3296275395
0.3561512415
0.3782167043
0.3609480813
0.3705981941
0.3823363431
0.3871331828
0.3733634312
0.3919864560
0.3554740406
0.3967832957
0.3465011287
0.3361738149
0.3506207675
0.3705981941
0.3678893905
0.3761286682
0.4036681716
0.3967832957
0.3816591422
0.3699209932
0.3830135440
0.3768058691
0.3740406321
0.4167607223
0.4154063205
0.4284988713
0.4312641084
0.3685665914
0.3823363431
0.4126410835
0.4415914221
0.4498306998
0.4312641084
0.3961060948
0.2603837472
0.4105530474
0.4119638826
0.3885440181
0.4064334086
0.4036681716
0.3871331828
0.3616817156
0.3844243792
0.3885440181
0.4126410835
0.4036681716
0.3489277652
0.3406320542
0.2996613995
0.3630361174
0.3402934537
0.2796839729
0.2583521445
0.2118510158
0.2328442438
0.2493792325
0.2734762980
0.2349322799
0.2910270880
0.2975733634
0.2690180587
0.2690180587
0.2810383747
0.2476297968
0.3058690745
0.2452595937
0.2393905192
0.2493792325
0.2194130926
0.3575056433
0.3454853273
0.3699209932
0.4305304740
0.3196388262
0.2965575621
0.3165349887
0.3082957111
0.2786681716
0.2531602709
0.2641647856
0.2428329571
0.3068848758
0.3299661400
0.2914221219
0.2848758465
0.2569413093
0.4064334086
0.3913092551
0.3533860045
0.3106659142
0.3093115124
0.3417042889
0.2896726862
0.3082957111
0.3258465011
0.3516930023
0.3248306998
0.3554740406
0.3761286682
0.3117381490
0.2962189616
0.3045146727
0.3024266366
0.2914221219
0.3809255079
0.3230812641
0.3354966140
0.2996613995
0.2617945824
0.2438487585
0.2590293454
0.2586907449
0.2775959368
0.2549097065
0.2734762980
0.2569413093
0.2583521445
0.2576185102
0.2803611738
0.3193002257
0.3358352144
0.3196388262
0.3296275395
0.3533860045
0.3747742664
0.3768058691
0.4739277652
0.3413656885
0.3399548533
0.3513544018
0.3616817156
0.3427200903
0.4044018059
0.3754514673
0.4078442438
0.4505079007
0.4436230248
0.4615688488
0.4781038375
0.4401805869
0.3933408578
0.4484762980
0.4512415350
0.4712189616
0.4202031603
0.4188487585
0.4002257336
0.4202031603
0.4491534989
0.4470654628
0.4870203160
0.4677765237
0.4154063205
0.4002257336
0.3974604966
0.4470654628
0.3913092551
0.4078442438
0.3726862302
0.3885440181
0.3568284424
0.3782167043
0.4477990971
0.4691309255
0.4319413093
0.4036681716
0.3892212190
0.3905756208
0.4208803612
0.4704853273
0.5056433409
0.4608916479
0.4484762980
0.4298532731
0.4457110609
0.4332957111
0.4505079007
0.5138826185
0.4422686230
0.4278216704
0.3774830700
0.3836907449
0.3974604966
0.4119638826
0.4312641084
0.3830135440
0.3892212190
0.3988713318
0.3885440181
0.4071106095
0.4870203160
0.4973476298
0.5104401806
0.5035553047
0.5132054176
0.4525959368
0.4415914221
0.4843115124
0.4918735892
0.5173250564
0.5187358916
0.3582392777
0.4463882619
0.4016365688
0.5049661400
0.5001128668
0.4643340858
0.4319413093
0.4691309255
0.4911963883
0.5331828442
0.5483634312
0.5235327314
0.5566027088
0.5476862302
0.5373024831
0.5518058691
0.5414785553
0.6015801354
0.5538374718
0.5290632054
0.4691309255
0.3905756208
0.5660270880
0.5545711061
0.5269751693
0.5152934537
0.5152934537
0.5366252822
0.5111738149
0.4746613995
0.4429458239
0.4512415350
0.4718961625
0.5778781038
0.4202031603
0.0000000100
0.0000000100
0.0000000100
0.0000000100
0.0000000100
0.0000000100
0.0000000100
0.0000000100
0.0000000100
0.0000000100
0.0000000100
0.0000000100
0.0000000100
0.0000000100
0.0000000100
0.0000000100
0.0000000100
0.0000000100
0.0000000100
0.0000000100
0.0000000100
0.0000000100
0.0000000100
0.0000000100
0.0000000100
0.0000000100
0.0000000100
0.0000000100
0.0000000100
0.0000000100
0.0000000100
0.0000000100
0.0000000100
0.0000000100
0.0000000100
0.0000000100
0.0000000100
0.0000000100
0.0000000100
0.0000000100
0.0000000100
0.0000000100
0.0000000100
0.0000000100
0.0000000100
0.0000000100
0.0000000100
0.0000000100
0.0000000100
0.0000000100
0.0000000100
0.0000000100
0.0000000100
0.0000000100
0.0000000100
0.0000000100
0.0000000100
0.0000000100
0.0000000100
0.0000000100
0.0000000100
0.0000000100
0.0000000100
0.0000000100
0.0000000100
0.0000000100
0.0000000100
0.0000000100
0.0000000100
0.0000000100
0.0000000100
0.0000000100
0.0000000100
0.0000000100
0.0000000100
0.0000000100
0.0000000100
0.0000000100
0.0000000100
0.0000000100
0.0000000100
0.0000000100
0.0000000100
0.0000000100
0.0000000100
0.0000000100
0.0000000100
0.0000000100
0.0000000100
0.0000000100
0.0000000100
0.0000000100
0.0000000100
0.0000000100
0.0000000100
0.0000000100
0.0000000100
0.0000000100
0.0000000100
0.0000000100
0.0000000100
0.0000000100
0.0000000100
0.0000000100
0.0000000100
0.0000000100
0.0000000100
0.0000000100
0.0000000100
0.0000000100
0.0000000100
0.0000000100
0.0000000100
0.0000000100
0.0000000100
0.0000000100
0.0000000100
0.0000000100
0.0000000100
0.0000000100
0.0000000100
0.0000000100
0.0000000100
0.0000000100
0.0000000100
0.0000000100
0.0000000100
0.0000000100
0.0000000100
0.0000000100
0.0000000100
0.0000000100
0.0000000100
0.0000000100
0.0000000100
0.0000000100
0.0000000100
0.0000000100
0.0000000100
0.0000000100
0.0000000100
0.0000000100
0.0000000100
0.0000000100
0.0000000100
0.0000000100
0.0000000100
0.0000000100
0.0000000100
0.0000000100
0.0000000100
0.0000000100
0.0000000100
0.0000000100
0.0000000100
0.0000000100
0.0000000100
0.0000000100
0.0000000100
0.0000000100
0.0000000100
0.0000000100
0.0000000100
0.0000000100
0.0000000100
0.0000000100
0.0000000100
0.0000000100
0.0000000100
0.0000000100
0.0000000100
0.0000000100
0.0000000100
0.0000000100
0.0000000100
0.0000000100
0.0000000100
0.0000000100
0.0000000100
0.0000000100
0.0000000100
0.0000000100
0.0000000100
0.0000000100
0.0000000100
0.0000000100
0.0000000100
0.0000000100
0.0000000100
0.0000000100
0.0000000100
0.0000000100
0.0000000100
0.0000000100
0.0000000100
0.0000000100
0.0000000100
0.0000000100
0.0000000100
0.0000000100
0.0000000100
0.0000000100
0.0000000100
0.0000000100
0.0000000100
0.0000000100
0.0000000100
0.0000000100
0.0000000100
0.0000000100
0.0000000100
0.0000000100
0.0000000100
0.0000000100
0.0000000100
0.0000000100
0.0000000100
0.0000000100
0.0000000100
0.0000000100
0.0000000100
0.0000000100
0.0000000100
0.0000000100
0.0000000100
0.0000000100
0.0000000100
0.0000000100
0.0000000100
0.0000000100
0.0000000100
0.0000000100
0.0000000100
0.0000000100
0.0000000100
0.0000000100
0.0000000100
0.0000000100
0.0000000100
0.0000000100
0.0000000100
0.0000000100
0.0000000100
0.0000000100
0.0000000100
0.0000000100
0.0000000100
0.0000000100
0.0000000100
0.0000000100
0.0000000100
0.0000000100
0.0000000100
0.0000000100
0.0000000100
0.0000000100
0.0000000100
0.0000000100
0.0000000100
0.0000000100
0.0000000100
0.0000000100
0.0000000100
0.0000000100
0.0000000100
0.0000000100
0.0000000100
0.0000000100
0.0000000100
0.0000000100
0.0000000100
0.0000000100
0.0000000100
0.0000000100
0.0000000100
0.0000000100
0.0000000100
0.0000000100
0.0000000100
0.0000000100
0.0000000100
0.0000000100
0.0000000100
0.0000000100
0.0000000100
0.0000000100
0.0000000100
0.0000000100
0.0000000100
0.0000000100
0.0000000100
0.0000000100
0.0000000100
0.0000000100
0.0000000100
0.0000000100
0.0000000100
0.0000000100
0.0000000100
0.0000000100
0.0000000100
0.0000000100
0.0000000100
0.0000000100
0.0000000100
0.0000000100
0.0000000100
0.0000000100
0.0000000100
0.0000000100
0.0000000100
0.0000000100
0.0000000100
0.0000000100
0.0000000100
0.0000000100
0.0000000100
0.0000000100
0.0000000100
0.0000000100
0.0000000100
0.0000000100
0.0000000100
0.0000000100
0.0000000100
0.0000000100
0.0000000100
0.0000000100
0.0000000100
0.0000000100
0.0000000100
0.0000000100
0.0000000100
0.0000000100
0.0000000100
0.0000000100
0.0000000100
0.0000000100
0.0000000100
0.0000000100
0.0000000100
0.0000000100
0.0000000100
0.0000000100
0.0000000100
0.0000000100
0.0000000100
0.0000000100
0.0000000100
0.0000000100
0.0000000100
0.0000000100
0.0000000100
0.0000000100
0.0000000100
0.0000000100
0.0000000100
0.0000000100
0.0000000100
0.0000000100
0.0000000100
0.0000000100
0.0000000100
0.0000000100
0.0000000100
0.0000000100
0.0000000100
0.0000000100
