0.3918507235
0.4188118812
0.3765422696
0.4114242193
0.3904798172
0.4202589490
0.3886519421
0.4165270373
0.3783701447
0.4104341203
0.3867479056
0.4285605484
0.4057882711
0.4127951257
0.3858339680
0.4150799695
0.3960396040
0.4281035796
0.3979436405
0.4346534653
0.4169840061
0.4490479817
0.4044173648
0.4276466108
0.4271896420
0.4388423458
0.4021325209
0.4309215537
0.4057882711
0.4258187357
0.4030464585
0.4216298553
0.4021325209
0.4504188880
0.4030464585
0.4262757045
0.4072353389
0.4439451637
0.4197258187
0.4546077685
0.4202589490
0.4295506474
0.4006854532
0.4183549124
0.3997715156
0.4351104341
0.4169840061
0.4364813404
0.4081492765
0.4369383092
0.3988575781
0.4309215537
0.3918507235
0.4351104341
0.3900228484
0.4123381569
0.3635186596
0.4006854532
0.3686214775
0.4015993907
0.3816450876
0.4035034273
0.3918507235
0.4178979436
0.3732673267
0.4132520944
0.3849200305
0.4373952780
0.3872048743
0.4025894897
0.3705255141
0.3821020564
0.3588728104
0.3816450876
0.3449352628
0.3686214775
0.3588728104
0.3844630617
0.3421172887
0.3575019040
0.3374714395
0.3602437167
0.3337395278
0.3575019040
0.3351865956
0.3653465347
0.3774562072
0.4258187357
0.4011424219
0.4220868241
0.3997715156
0.4211728865
0.3792840823
0.4127951257
0.3993145468
0.4123381569
0.3849200305
0.4095201828
0.3705255141
0.4067783701
0.3779131759
0.4146230008
0.3802741813
0.4090632140
0.3825590251
0.4104341203
0.3840060929
0.4230007616
0.4150799695
0.4313785225
0.3979436405
0.4276466108
0.4067783701
0.4234577304
0.4234577304
0.4341964966
0.4015993907
0.4360243717
0.4067783701
0.4327494288
0.4192688500
0.4499619193
0.4249047982
0.4495049505
0.4448591013
0.4541507997
0.4402132521
0.4713632902
0.4671744097
0.4918507235
0.4607006855
0.4806549886
0.4453160701
0.4634424981
0.4444021325
0.4908606245
0.4578827113
0.4862147753
0.4514089871
0.4741812643
0.4495049505
0.4899466870
0.4560548363
0.4992383854
0.4862147753
0.5131759330
0.4587966489
0.5215536938
0.4918507235
0.5281035796
0.5038842346
0.5364051790
0.5290175171
0.5354912414
0.5392231531
0.5661843107
0.5550647372
0.5754760091
0.5550647372
0.5996953542
0.5447829398
0.5894135567
0.5847677075
0.6275704494
0.5913175933
0.6284843869
0.5838537700
0.6154607768
0.5968773800
0.6415079970
0.6163747144
0.6415079970
0.6284843869
0.6740289414
0.6591774562
0.6665651181
0.6563594821
0.7084539223
0.6517136329
0.7019040366
0.6805788271
0.7065498858
0.6824067022
0.7028941356
0.6870525514
0.7279512567
0.7047220107
0.6638233054
0.6359482102
0.6795887281
0.6117288652
0.6591774562
0.6452399086
0.6526275704
0.6293983244
0.6824067022
0.6247524752
0.6833206398
0.6405940594
0.6740289414
0.6229246002
0.6684691546
0.6572734196
0.6638233054
0.6275704494
0.6712109673
0.6220106626
0.6442498096
0.6229246002
0.6740289414
0.6163747144
0.6340441736
0.6006092917
0.6647372430
0.6043412034
0.6284843869
0.6303122620
0.6322162986
0.6089870526
0.6145468393
0.6006092917
0.6229246002
0.6284843869
0.6396039604
0.6470677837
0.6795887281
0.6136329018
0.6610053313
0.6126428027
0.6303122620
0.6191926885
0.5959634425
0.5745620716
0.6433358720
0.6191926885
0.5977913176
0.6043412034
0.6247524752
0.6006092917
0.6266565118
0.6238385377
0.6545316070
0.5829398324
0.5829398324
0.5727341965
0.6368621478
0.5931454684
0.6507996954
0.6043412034
0.6052551409
0.5977913176
0.6368621478
0.6024371668
0.6229246002
0.5856816451
0.6033511043
0.5792079208
0.5763899467
0.5661843107
0.5810357959
0.5438690023
0.5633663366
0.5447829398
0.5578065499
0.5476009139
0.5773800457
0.5197258187
0.5540746382
0.5345773039
0.5763899467
0.5829398324
0.5597105864
0.5438690023
0.5763899467
0.5736481340
0.5578065499
0.5410510282
0.5466869764
0.5308453922
0.5308453922
0.5122619954
0.5271134806
0.5336633663
0.5438690023
0.5354912414
0.5466869764
0.4945925362
0.5011424219
0.4992383854
0.4908606245
0.4806549886
0.5067022087
0.4788271135
0.4964965727
0.5047981721
0.5299314547
0.4881188119
0.5215536938
0.5029702970
0.5169078446
0.5550647372
0.5513328256
0.5131759330
0.5364051790
0.4676313785
0.5206397563
0.5011424219
0.5308453922
0.4871287129
0.5011424219
0.4964965727
0.5057882711
0.4927646611
0.5047981721
0.5011424219
0.5392231531
0.4853008378
0.5308453922
0.5067022087
0.5215536938
0.4690022848
0.5169078446
0.4760091394
0.5057882711
0.4662604722
0.4964965727
0.4634424981
0.4899466870
0.4523229246
0.4523229246
0.4485910129
0.4736481340
0.4481340442
0.4550647372
0.4430312262
0.4295506474
0.4234577304
0.4430312262
0.4360243717
0.4536938309
0.4281035796
0.4318354912
0.4146230008
0.3974866717
0.4123381569
0.4346534653
0.4048743336
0.4313785225
0.4197258187
0.4341964966
0.4062452399
0.4169840061
0.3807311500
0.4039603960
0.3774562072
0.4104341203
0.3918507235
0.4360243717
0.3765422696
0.3960396040
0.3663366337
0.3932977913
0.3816450876
0.4053313024
0.3798172125
0.4207159177
0.3927646611
0.4095201828
0.3927646611
0.4030464585
0.3951256664
0.3881188119
0.3923076923
0.4099771516
0.3900228484
0.4220868241
0.3746382331
0.4095201828
0.3807311500
0.3644325971
0.3495811120
0.3602437167
0.3798172125
0.4090632140
0.3858339680
0.3542269612
0.3648895659
0.3667936024
0.3705255141
0.3853769992
0.3783701447
0.3849200305
0.3853769992
0.3849200305
0.3597867479
0.3672505712
0.4011424219
0.4086062452
0.4006854532
0.4099771516
0.3993145468
0.4127951257
0.4006854532
0.4048743336
0.3918507235
0.4169840061
0.3964965727
0.4295506474
0.4281035796
0.4499619193
0.4141660320
0.4039603960
0.3849200305
0.4276466108
0.3937547601
0.4322924600
0.4132520944
0.4341964966
0.4006854532
0.4202589490
0.4244478294
0.4508758568
0.4104341203
0.4285605484
0.4234577304
0.4495049505
0.4220868241
0.4658035034
0.4565118050
0.4718202589
0.4313785225
0.4597105864
0.4704493526
0.4843869002
0.4430312262
0.4843869002
0.4843869002
0.4806549886
0.4685453161
0.4983244478
0.4709063214
0.5188118812
0.4890327494
0.5122619954
0.5001523229
0.5550647372
0.5252856055
0.5485148515
0.5550647372
0.5327494288
0.5615384615
0.5931454684
0.5513328256
0.5661843107
0.5856816451
0.6117288652
0.6052551409
0.6313023610
0.5913175933
0.6415079970
0.6182787510
0.6507996954
0.6470677837
0.7261233816
0.6247524752
0.6517136329
0.6424219345
0.6731150038
0.6693830922
0.6777608530
0.6619192688
0.6656511805
0.6517136329
0.6712109673
0.6870525514
0.6591774562
0.6656511805
0.6629093679
0.6656511805
0.6489718203
0.6442498096
0.6619192688
0.6554455446
0.6814927647
0.6731150038
0.6842345773
0.6665651181
0.6712109673
0.6972581874
0.7019040366
0.6786747906
0.7233054075
0.7019040366
0.7214775324
0.7000761615
0.6814927647
0.6879664890
0.7251332826
0.6981721249
0.7345011424
0.6777608530
0.6759329779
0.0000000100
0.0000000100
0.0000000100
0.0000000100
0.0000000100
0.0000000100
0.0000000100
0.0000000100
0.0000000100
0.0000000100
0.0000000100
0.0000000100
0.0000000100
0.0000000100
0.0000000100
0.0000000100
0.0000000100
0.0000000100
0.0000000100
0.0000000100
0.0000000100
0.0000000100
0.0000000100
0.0000000100
0.0000000100
0.0000000100
0.0000000100
0.0000000100
0.0000000100
0.0000000100
0.0000000100
0.0000000100
0.0000000100
0.0000000100
0.0000000100
0.0000000100
0.0000000100
0.0000000100
0.0000000100
0.0000000100
0.0000000100
0.0000000100
0.0000000100
0.0000000100
0.0000000100
0.0000000100
0.0000000100
0.0000000100
0.0000000100
0.0000000100
0.0000000100
0.0000000100
0.0000000100
0.0000000100
0.0000000100
0.0000000100
0.0000000100
0.0000000100
0.0000000100
0.0000000100
0.0000000100
0.0000000100
0.0000000100
0.0000000100
0.0000000100
0.0000000100
0.0000000100
0.0000000100
0.0000000100
0.0000000100
0.0000000100
0.0000000100
0.0000000100
0.0000000100
0.0000000100
0.0000000100
0.0000000100
0.0000000100
0.0000000100
0.0000000100
0.0000000100
0.0000000100
0.0000000100
0.0000000100
0.0000000100
0.0000000100
0.0000000100
0.0000000100
0.0000000100
0.0000000100
0.0000000100
0.0000000100
0.0000000100
0.0000000100
0.0000000100
0.0000000100
0.0000000100
0.0000000100
0.0000000100
0.0000000100
0.0000000100
0.0000000100
0.0000000100
0.0000000100
0.0000000100
0.0000000100
0.0000000100
0.0000000100
0.0000000100
0.0000000100
0.0000000100
0.0000000100
0.0000000100
0.0000000100
0.0000000100
0.0000000100
0.0000000100
0.0000000100
0.0000000100
0.0000000100
0.0000000100
0.0000000100
0.0000000100
0.0000000100
0.0000000100
0.0000000100
0.0000000100
0.0000000100
0.0000000100
0.0000000100
0.0000000100
0.0000000100
0.0000000100
0.0000000100
0.0000000100
0.0000000100
0.0000000100
0.0000000100
0.0000000100
0.0000000100
0.0000000100
0.0000000100
0.0000000100
0.0000000100
0.0000000100
0.0000000100
0.0000000100
0.0000000100
0.0000000100
0.0000000100
0.0000000100
0.0000000100
0.0000000100
0.0000000100
0.0000000100
0.0000000100
0.0000000100
0.0000000100
0.0000000100
0.0000000100
0.0000000100
0.0000000100
0.0000000100
0.0000000100
0.0000000100
0.0000000100
0.0000000100
0.0000000100
0.0000000100
0.0000000100
0.0000000100
0.0000000100
0.0000000100
0.0000000100
0.0000000100
0.0000000100
0.0000000100
0.0000000100
0.0000000100
0.0000000100
0.0000000100
0.0000000100
0.0000000100
0.0000000100
0.0000000100
0.0000000100
0.0000000100
0.0000000100
0.0000000100
0.0000000100
0.0000000100
0.0000000100
0.0000000100
0.0000000100
0.0000000100
0.0000000100
0.0000000100
0.0000000100
0.0000000100
0.0000000100
0.0000000100
0.0000000100
0.0000000100
0.0000000100
0.0000000100
0.0000000100
0.0000000100
0.0000000100
0.0000000100
0.0000000100
0.0000000100
0.0000000100
0.0000000100
0.0000000100
0.0000000100
0.0000000100
0.0000000100
0.0000000100
0.0000000100
0.0000000100
0.0000000100
0.0000000100
0.0000000100
0.0000000100
0.0000000100
0.0000000100
0.0000000100
0.0000000100
0.0000000100
0.0000000100
0.0000000100
0.0000000100
0.0000000100
0.0000000100
0.0000000100
0.0000000100
0.0000000100
0.0000000100
0.0000000100
0.0000000100
0.0000000100
0.0000000100
0.0000000100
0.0000000100
0.0000000100
0.0000000100
0.0000000100
0.0000000100
0.0000000100
0.0000000100
0.0000000100
0.0000000100
0.0000000100
0.0000000100
0.0000000100
0.0000000100
0.0000000100
0.0000000100
0.0000000100
0.0000000100
0.0000000100
0.0000000100
0.0000000100
0.0000000100
0.0000000100
0.0000000100
0.0000000100
0.0000000100
0.0000000100
0.0000000100
0.0000000100
0.0000000100
0.0000000100
0.0000000100
0.0000000100
0.0000000100
0.0000000100
0.0000000100
0.0000000100
0.0000000100
0.0000000100
0.0000000100
0.0000000100
0.0000000100
0.0000000100
0.0000000100
0.0000000100
0.0000000100
0.0000000100
0.0000000100
0.0000000100
0.0000000100
0.0000000100
0.0000000100
0.0000000100
0.0000000100
0.0000000100
0.0000000100
0.0000000100
0.0000000100
0.0000000100
0.0000000100
0.0000000100
0.0000000100
0.0000000100
0.0000000100
0.0000000100
0.0000000100
0.0000000100
0.0000000100
0.0000000100
0.0000000100
0.0000000100
0.0000000100
0.0000000100
0.0000000100
0.0000000100
0.0000000100
0.0000000100
0.0000000100
0.0000000100
0.0000000100
0.0000000100
0.0000000100
0.0000000100
0.0000000100
0.0000000100
0.0000000100
0.0000000100
0.0000000100
0.0000000100
0.0000000100
0.0000000100
0.0000000100
0.0000000100
0.0000000100
0.0000000100
0.0000000100
0.0000000100
0.0000000100
0.0000000100
0.0000000100
0.0000000100
0.0000000100
0.0000000100
0.0000000100
0.0000000100
0.0000000100
0.0000000100
0.0000000100
0.0000000100
0.0000000100
0.0000000100
0.0000000100
0.0000000100
0.0000000100
0.0000000100
0.0000000100
0.0000000100
0.0000000100
0.0000000100
0.0000000100
0.0000000100
0.0000000100
0.0000000100
0.0000000100
0.0000000100
0.0000000100
