0.0880533333
0.0826666667
0.0860800000
0.0835200000
0.0787200000
0.0790933333
0.0787733333
0.0840000000
0.0860800000
0.0829866667
0.0906666667
0.0851200000
0.0851200000
0.0818666667
0.0779733333
0.0815466667
0.0822933333
0.0828266667
0.0893333333
0.0857600000
0.0846400000
0.0916266667
0.0984533333
0.0956800000
0.0848000000
0.0790400000
0.0862400000
0.0840000000
0.0800533333
0.0774933333
0.0756266667
0.0781866667
0.0656000000
0.0773333333
0.0729066667
0.0638933333
0.0664000000
0.0717866667
0.0654933333
0.0657600000
0.0637333333
0.0567466667
0.0579200000
0.0588266667
0.0535466667
0.0529760000
0.0528960000
0.0506986667
0.0481760000
0.0462240000
0.0397973333
0.0424800000
0.0382080000
0.0365813333
0.0329173333
0.0336106667
0.0301493333
0.0306826667
0.0328373333
0.0278346667
0.0279146667
0.0247786667
0.0224586667
0.0220960000
0.0222186667
0.0231946667
0.0226240000
0.0166026667
0.0207733333
0.0168053333
0.0160746667
0.0186773333
0.0141386667
0.0108853333
0.0164000000
0.0146666667
0.0122880000
0.0118400000
0.0130026667
0.0126346667
0.0112106667
0.0115946667
0.0132853333
0.0118826667
0.0116586667
0.0124693333
0.0102720000
0.0145866667
0.0120213333
0.0110666667
0.0097760000
0.0123520000
0.0095946667
0.0118826667
0.0092266667
0.0132640000
0.0084853333
0.0086186667
0.0084960000
0.0068266667
0.0100106667
0.0067040000
0.0077333333
0.0097066667
0.0071626667
0.0090720000
0.0095733333
0.0097546667
0.0060106667
0.0075466667
0.0071893333
0.0061866667
0.0070293333
0.0085066667
0.0079626667
0.0056640000
0.0063893333
0.0062453333
0.0076320000
0.0070986667
0.0090026667
0.0094986667
0.0091573333
0.0089440000
0.0091146667
0.0095093333
0.0098346667
0.0085546667
0.0110880000
0.0116160000
0.0115946667
0.0108053333
0.0119626667
0.0130613333
0.0116160000
0.0132053333
0.0123520000
0.0116586667
0.0150560000
0.0150346667
0.0168053333
0.0146293333
0.0149333333
0.0149920000
0.0137546667
0.0168853333
0.0143253333
0.0169280000
0.0154826667
0.0198186667
0.0185546667
0.0194720000
0.0207733333
0.0208106667
0.0222186667
0.0208106667
0.0222986667
0.0221333333
0.0230720000
0.0276693333
0.0323893333
0.0462240000
0.0445973333
0.0485813333
0.0472800000
0.0541333333
0.0524106667
0.0519200000
0.0542933333
0.0555733333
0.0590933333
0.0630933333
0.0586666667
0.0637333333
0.0633066667
0.0667200000
0.0646400000
0.0742400000
0.0672000000
0.0668800000
0.0663466667
0.0686933333
0.0744000000
0.0802666667
0.0740800000
0.0702933333
0.0712000000
0.0742933333
0.0763200000
0.0744533333
0.0789333333
0.0750400000
0.0747733333
0.0776533333
0.0757866667
0.0774933333
0.0747200000
0.0857600000
0.0872533333
0.0905066667
0.0901866667
0.0836800000
0.0862400000
0.0828266667
0.0859200000
0.0870933333
0.0888533333
0.0987733333
0.0968533333
0.0947200000
0.0982933333
0.0979733333
0.1009066667
0.0987733333
0.1018666667
0.1007466667
0.1012266667
0.1004266667
0.1136000000
0.1090666667
0.1089066667
0.1150933333
0.1132800000
0.1092266667
0.1010666667
0.1437333333
0.2633600000
0.2643200000
0.2685333333
0.2773333333
0.2470933333
0.1250133333
0.0852800000
0.0846400000
0.0756800000
0.0776533333
0.0841600000
0.0823466667
0.0790933333
0.0779733333
0.0759466667
0.0783466667
0.0736533333
0.0770666667
0.0827733333
0.0797333333
0.0781866667
0.0800000000
0.0752000000
0.0808000000
0.0780266667
0.0781333333
0.0803200000
0.0764800000
0.0800533333
0.0766400000
0.0761066667
0.0805866667
0.0808000000
0.0742933333
0.0821333333
0.0852800000
0.0797333333
0.0794133333
0.0790933333
0.0763200000
0.0774933333
0.0781866667
0.0770666667
0.0827733333
0.0869333333
0.0797333333
0.0932800000
0.0917866667
0.0817066667
0.0894933333
0.0812266667
0.0841600000
0.0925866667
0.0812800000
0.0908266667
0.0890133333
0.0894933333
0.0891733333
0.0948800000
0.0932800000
0.0982933333
0.0968533333
0.0984533333
0.0994666667
0.0953600000
0.0979733333
0.1038400000
0.1046400000
0.1064533333
0.1188266667
0.1082133333
0.1320000000
0.1194666667
0.1092266667
0.1030400000
0.1049600000
0.1126400000
0.1077333333
0.1092266667
0.1132800000
0.1134400000
0.1087466667
0.1051200000
0.1049600000
0.1048000000
0.1020266667
0.1066133333
0.1049600000
0.0911466667
0.0963733333
0.0883733333
0.0857600000
0.0812266667
0.0849600000
0.0821866667
0.0764266667
0.0792533333
0.0715200000
0.0670400000
0.0629866667
0.0680533333
0.0689066667
0.0690133333
0.0608000000
0.0692800000
0.0669866667
0.0635733333
0.0589333333
0.0570666667
0.0556800000
0.0517600000
0.0493973333
0.0453280000
0.0461440000
0.0438613333
0.0447573333
0.0405280000
0.0428053333
0.0404480000
0.0367040000
0.0325546667
0.0336533333
0.0309653333
0.0321066667
0.0288480000
0.0279946667
0.0252266667
0.0215253333
0.0189813333
0.0185546667
0.0174133333
0.0194506667
0.0169493333
0.0125120000
0.0128160000
0.0153173333
0.0118613333
0.0133280000
0.0139786667
0.0112693333
0.0122666667
0.0135893333
0.0136320000
0.0134880000
0.0144640000
0.0094826667
0.0102133333
0.0113120000
0.0102240000
0.0100480000
0.0129013333
0.0119200000
0.0092053333
0.0085546667
0.0103733333
0.0093866667
0.0089440000
0.0088106667
0.0086240000
0.0088800000
0.0093066667
0.0111680000
0.0071306667
0.0059733333
0.0075253333
0.0097333333
0.0082506667
0.0066613333
0.0081173333
0.0084320000
0.0052490667
0.0071093333
0.0071840000
0.0013376000
0.0008901333
0.0025280000
0.0034181333
0.0068053333
0.0089440000
0.0083306667
0.0085760000
0.0078346667
0.0055946667
0.0066133333
0.0080480000
0.0092480000
0.0078506667
0.0087466667
0.0070400000
0.0079733333
0.0080960000
0.0087893333
0.0108426667
0.0085546667
0.0095946667
0.0113706667
0.0113120000
0.0145653333
0.0123093333
0.0130400000
0.0113706667
0.0130026667
0.0135520000
0.0142026667
0.0121066667
0.0138346667
0.0124693333
0.0137333333
0.0143626667
0.0151146667
0.0139786667
0.0145866667
0.0178026667
0.0157280000
0.0186986667
0.0188000000
0.0214826667
0.0211573333
0.0218080000
0.0183733333
0.0191040000
0.0192693333
0.0192853333
0.0209546667
0.0190826667
0.0235573333
0.0234773333
0.0244960000
0.0290133333
0.0279146667
0.0297866667
0.0291360000
0.0301120000
0.0320213333
0.0339360000
0.0353173333
0.0351146667
0.0361333333
0.0360906667
0.0340160000
0.0374773333
0.0384906667
0.0386560000
0.0395520000
0.0385333333
0.0382506667
0.0390240000
0.0393493333
0.0362133333
0.0346293333
0.0377173333
0.0369440000
0.0389013333
0.0417493333
0.0393066667
0.0421546667
0.0451680000
0.0462240000
0.0423200000
0.0413386667
0.0413013333
0.0393066667
0.0486666667
0.0448426667
0.0496426667
0.0466293333
0.0439466667
0.0531413333
0.0527360000
0.0480960000
0.0499680000
0.0527360000
0.0498026667
0.0480160000
0.0508640000
0.0520853333
0.0000000100
0.0000000100
0.0000000100
0.0000000100
0.0000000100
0.0000000100
0.0000000100
0.0000000100
0.0000000100
0.0000000100
0.0000000100
0.0000000100
0.0000000100
0.0000000100
0.0000000100
0.0000000100
0.0000000100
0.0000000100
0.0000000100
0.0000000100
0.0000000100
0.0000000100
0.0000000100
0.0000000100
0.0000000100
0.0000000100
0.0000000100
0.0000000100
0.0000000100
0.0000000100
0.0000000100
0.0000000100
0.0000000100
0.0000000100
0.0000000100
0.0000000100
0.0000000100
0.0000000100
0.0000000100
0.0000000100
0.0000000100
0.0000000100
0.0000000100
0.0000000100
0.0000000100
0.0000000100
0.0000000100
0.0000000100
0.0000000100
0.0000000100
0.0000000100
0.0000000100
0.0000000100
0.0000000100
0.0000000100
0.0000000100
0.0000000100
0.0000000100
0.0000000100
0.0000000100
0.0000000100
0.0000000100
0.0000000100
0.0000000100
0.0000000100
0.0000000100
0.0000000100
0.0000000100
0.0000000100
0.0000000100
0.0000000100
0.0000000100
0.0000000100
0.0000000100
0.0000000100
0.0000000100
0.0000000100
0.0000000100
0.0000000100
0.0000000100
0.0000000100
0.0000000100
0.0000000100
0.0000000100
0.0000000100
0.0000000100
0.0000000100
0.0000000100
0.0000000100
0.0000000100
0.0000000100
0.0000000100
0.0000000100
0.0000000100
0.0000000100
0.0000000100
0.0000000100
0.0000000100
0.0000000100
0.0000000100
0.0000000100
0.0000000100
0.0000000100
0.0000000100
0.0000000100
0.0000000100
0.0000000100
0.0000000100
0.0000000100
0.0000000100
0.0000000100
0.0000000100
0.0000000100
0.0000000100
0.0000000100
0.0000000100
0.0000000100
0.0000000100
0.0000000100
0.0000000100
0.0000000100
0.0000000100
0.0000000100
0.0000000100
0.0000000100
0.0000000100
0.0000000100
0.0000000100
0.0000000100
0.0000000100
0.0000000100
0.0000000100
0.0000000100
0.0000000100
0.0000000100
0.0000000100
0.0000000100
0.0000000100
0.0000000100
0.0000000100
0.0000000100
0.0000000100
0.0000000100
0.0000000100
0.0000000100
0.0000000100
0.0000000100
0.0000000100
0.0000000100
0.0000000100
0.0000000100
0.0000000100
0.0000000100
0.0000000100
0.0000000100
0.0000000100
0.0000000100
0.0000000100
0.0000000100
0.0000000100
0.0000000100
0.0000000100
0.0000000100
0.0000000100
0.0000000100
0.0000000100
0.0000000100
0.0000000100
0.0000000100
0.0000000100
0.0000000100
0.0000000100
0.0000000100
0.0000000100
0.0000000100
0.0000000100
0.0000000100
0.0000000100
0.0000000100
0.0000000100
0.0000000100
0.0000000100
0.0000000100
0.0000000100
0.0000000100
0.0000000100
0.0000000100
0.0000000100
0.0000000100
0.0000000100
0.0000000100
0.0000000100
0.0000000100
0.0000000100
0.0000000100
0.0000000100
0.0000000100
0.0000000100
0.0000000100
0.0000000100
0.0000000100
0.0000000100
0.0000000100
0.0000000100
0.0000000100
0.0000000100
0.0000000100
0.0000000100
0.0000000100
0.0000000100
0.0000000100
0.0000000100
0.0000000100
0.0000000100
0.0000000100
0.0000000100
0.0000000100
0.0000000100
0.0000000100
0.0000000100
0.0000000100
0.0000000100
0.0000000100
0.0000000100
0.0000000100
0.0000000100
0.0000000100
0.0000000100
0.0000000100
0.0000000100
0.0000000100
0.0000000100
0.0000000100
0.0000000100
0.0000000100
0.0000000100
0.0000000100
0.0000000100
0.0000000100
0.0000000100
0.0000000100
0.0000000100
0.0000000100
0.0000000100
0.0000000100
0.0000000100
0.0000000100
0.0000000100
0.0000000100
0.0000000100
0.0000000100
0.0000000100
0.0000000100
0.0000000100
0.0000000100
0.0000000100
0.0000000100
0.0000000100
0.0000000100
0.0000000100
0.0000000100
0.0000000100
0.0000000100
0.0000000100
0.0000000100
0.0000000100
0.0000000100
0.0000000100
0.0000000100
0.0000000100
0.0000000100
0.0000000100
0.0000000100
0.0000000100
0.0000000100
0.0000000100
0.0000000100
0.0000000100
0.0000000100
0.0000000100
0.0000000100
0.0000000100
0.0000000100
0.0000000100
0.0000000100
0.0000000100
0.0000000100
0.0000000100
0.0000000100
0.0000000100
0.0000000100
0.0000000100
0.0000000100
0.0000000100
0.0000000100
0.0000000100
0.0000000100
0.0000000100
0.0000000100
0.0000000100
0.0000000100
0.0000000100
0.0000000100
0.0000000100
0.0000000100
0.0000000100
0.0000000100
0.0000000100
0.0000000100
0.0000000100
0.0000000100
0.0000000100
0.0000000100
0.0000000100
0.0000000100
0.0000000100
0.0000000100
0.0000000100
0.0000000100
0.0000000100
0.0000000100
0.0000000100
0.0000000100
0.0000000100
0.0000000100
0.0000000100
0.0000000100
0.0000000100
0.0000000100
0.0000000100
0.0000000100
0.0000000100
0.0000000100
0.0000000100
0.0000000100
0.0000000100
0.0000000100
0.0000000100
0.0000000100
0.0000000100
0.0000000100
0.0000000100
0.0000000100
0.0000000100
0.0000000100
0.0000000100
0.0000000100
0.0000000100
0.0000000100
0.0000000100
0.0000000100
0.0000000100
0.0000000100
0.0000000100
0.0000000100
0.0000000100
0.0000000100
0.0000000100
0.0000000100
0.0000000100
0.0000000100
0.0000000100
0.0000000100
0.0000000100
0.0000000100
0.0000000100
0.0000000100
0.0000000100
