0.5204800000
0.5126400000
0.5283200000
0.5440000000
0.5409600000
0.5254400000
0.5088000000
0.4971200000
0.4940800000
0.5136000000
0.5078400000
0.5233600000
0.5176000000
0.5107200000
0.4945600000
0.5078400000
0.5352000000
0.5264000000
0.5195200000
0.5126400000
0.5468800000
0.5604800000
0.5449600000
0.5116800000
0.5283200000
0.4961600000
0.4819200000
0.4878400000
0.4838400000
0.5019200000
0.4750400000
0.4897600000
0.5088000000
0.5233600000
0.5147200000
0.5371200000
0.5400000000
0.5302400000
0.5342400000
0.5537600000
0.5654400000
0.5604800000
0.5507200000
0.5059200000
0.5078400000
0.5097600000
0.5088000000
0.5126400000
0.5264000000
0.5371200000
0.4819200000
0.5361600000
0.4966400000
0.4907200000
0.5000000000
0.4814400000
0.4462400000
0.4721600000
0.4688000000
0.4726400000
0.4819200000
0.5049600000
0.5254400000
0.4873600000
0.4467200000
0.4828800000
0.4560000000
0.4809600000
0.4628800000
0.4550400000
0.4760000000
0.4652800000
0.4883200000
0.4736000000
0.4667200000
0.4619200000
0.4433600000
0.4564800000
0.4648000000
0.4564800000
0.4692800000
0.4409600000
0.4404800000
0.4476800000
0.4516800000
0.4569600000
0.4619200000
0.4745600000
0.4678400000
0.4580800000
0.4697600000
0.4585600000
0.4776000000
0.4795200000
0.4433600000
0.4760000000
0.4776000000
0.4633600000
0.4574400000
0.4643200000
0.4702400000
0.4526400000
0.4574400000
0.4531200000
0.4697600000
0.4936000000
0.4531200000
0.4590400000
0.4740800000
0.4550400000
0.4560000000
0.4580800000
0.4750400000
0.4609600000
0.4516800000
0.4457600000
0.4414400000
0.4604800000
0.4873600000
0.4224000000
0.4336000000
0.4502400000
0.4740800000
0.4521600000
0.5088000000
0.4843200000
0.4838400000
0.5244800000
0.5595200000
0.5516800000
0.5790400000
0.5254400000
0.4745600000
0.5107200000
0.5059200000
0.5126400000
0.5176000000
0.4814400000
0.4814400000
0.4692800000
0.4652800000
0.4828800000
0.4857600000
0.5185600000
0.4995200000
0.4916800000
0.4995200000
0.5185600000
0.5147200000
0.5059200000
0.5156800000
0.5224000000
0.5214400000
0.5214400000
0.5380800000
0.5780800000
0.6318400000
0.6083200000
0.5966400000
0.5361600000
0.5732800000
0.5976000000
0.6201600000
0.6484800000
0.6513600000
0.6132800000
0.6016000000
0.6680000000
0.6768000000
0.6494400000
0.6230400000
0.6113600000
0.6356800000
0.6523200000
0.6494400000
0.6649600000
0.6796800000
0.6982400000
0.6708800000
0.6523200000
0.6601600000
0.6649600000
0.6523200000
0.6465600000
0.6660800000
0.6680000000
0.6728000000
0.6532800000
0.6894400000
0.7129600000
0.6670400000
0.6484800000
0.6630400000
0.6787200000
0.7020800000
0.6699200000
0.6699200000
0.6708800000
0.6649600000
0.6689600000
0.6689600000
0.6835200000
0.6982400000
0.6737600000
0.6777600000
0.6904000000
0.6944000000
0.7099200000
0.7070400000
0.6708800000
0.6932800000
0.6894400000
0.7041600000
0.6884800000
0.7118400000
0.7060800000
0.6835200000
0.6758400000
0.7304000000
0.7275200000
0.7470400000
0.7284800000
0.7324800000
0.7294400000
0.7432000000
0.7372800000
0.7520000000
0.7324800000
0.7246400000
0.7236800000
0.7187200000
0.7382400000
0.6835200000
0.7089600000
0.6748800000
0.6806400000
0.6825600000
0.6835200000
0.6737600000
0.6904000000
0.7227200000
0.7051200000
0.6963200000
0.6904000000
0.7177600000
0.7070400000
0.6768000000
0.6542400000
0.6777600000
0.6982400000
0.6777600000
0.6777600000
0.6846400000
0.6796800000
0.6718400000
0.6777600000
0.6816000000
0.6835200000
0.6982400000
0.6680000000
0.6532800000
0.6708800000
0.6708800000
0.6513600000
0.6660800000
0.6611200000
0.6523200000
0.6444800000
0.6475200000
0.6582400000
0.6660800000
0.6806400000
0.6630400000
0.6718400000
0.6680000000
0.6670400000
0.6649600000
0.6708800000
0.6768000000
0.6708800000
0.6660800000
0.6494400000
0.6835200000
0.6806400000
0.6904000000
0.6563200000
0.6640000000
0.6787200000
0.6796800000
0.6777600000
0.6904000000
0.6728000000
0.6318400000
0.6425600000
0.6620800000
0.6846400000
0.6728000000
0.6454400000
0.6416000000
0.6396800000
0.7206400000
0.6620800000
0.6552000000
0.7001600000
0.6328000000
0.6572800000
0.6396800000
0.6552000000
0.6465600000
0.6592000000
0.6337600000
0.6152000000
0.6630400000
0.6347200000
0.6523200000
0.6425600000
0.6337600000
0.5908800000
0.5899200000
0.5947200000
0.6280000000
0.6366400000
0.6347200000
0.5947200000
0.6083200000
0.6444800000
0.6356800000
0.6132800000
0.6416000000
0.6220800000
0.6006400000
0.5928000000
0.5840000000
0.5947200000
0.6044800000
0.5780800000
0.5371200000
0.5723200000
0.6016000000
0.5723200000
0.5595200000
0.5625600000
0.5528000000
0.5468800000
0.5576000000
0.5547200000
0.5732800000
0.5644800000
0.5409600000
0.5214400000
0.5440000000
0.5528000000
0.5400000000
0.5371200000
0.5342400000
0.5088000000
0.5214400000
0.5185600000
0.5283200000
0.5273600000
0.5352000000
0.5097600000
0.5009600000
0.5380800000
0.5214400000
0.5302400000
0.5537600000
0.5361600000
0.5361600000
0.5292800000
0.5409600000
0.5654400000
0.5556800000
0.5380800000
0.4985600000
0.4976000000
0.5478400000
0.5126400000
0.5176000000
0.5088000000
0.4873600000
0.5059200000
0.4726400000
0.4795200000
0.4864000000
0.5147200000
0.4888000000
0.4824000000
0.5136000000
0.5166400000
0.5068800000
0.5019200000
0.5116800000
0.5078400000
0.5244800000
0.4966400000
0.5195200000
0.5185600000
0.5468800000
0.5078400000
0.5361600000
0.5380800000
0.5312000000
0.5059200000
0.5283200000
0.5273600000
0.4838400000
0.5097600000
0.5126400000
0.5390400000
0.5371200000
0.5430400000
0.5371200000
0.5233600000
0.5430400000
0.5088000000
0.5049600000
0.5068800000
0.5233600000
0.5537600000
0.5625600000
0.5585600000
0.5937600000
0.5830400000
0.5635200000
0.5254400000
0.5507200000
0.5516800000
0.5302400000
0.5147200000
0.5273600000
0.5107200000
0.5390400000
0.5616000000
0.5371200000
0.5449600000
0.5254400000
0.5088000000
0.5195200000
0.5254400000
0.5723200000
0.5752000000
0.5918400000
0.6123200000
0.5878400000
0.5868800000
0.5899200000
0.5859200000
0.5966400000
0.5547200000
0.5830400000
0.5761600000
0.6425600000
0.6280000000
0.6366400000
0.6425600000
0.6523200000
0.6513600000
0.6444800000
0.6366400000
0.6572800000
0.6318400000
0.6044800000
0.6182400000
0.6152000000
0.6513600000
0.6337600000
0.6484800000
0.6680000000
0.6542400000
0.6513600000
0.6494400000
0.6387200000
0.6435200000
0.6523200000
0.6201600000
0.6094400000
0.6211200000
0.6454400000
0.6211200000
0.6542400000
0.6475200000
0.6318400000
0.6758400000
0.6825600000
0.6649600000
0.6484800000
0.6523200000
0.6454400000
0.6563200000
0.6689600000
0.6601600000
0.7080000000
0.6953600000
0.6856000000
0.6680000000
0.6649600000
0.6620800000
0.6640000000
0.6563200000
0.6670400000
0.6620800000
0.0000000100
0.0000000100
0.0000000100
0.0000000100
0.0000000100
0.0000000100
0.0000000100
0.0000000100
0.0000000100
0.0000000100
0.0000000100
0.0000000100
0.0000000100
0.0000000100
0.0000000100
0.0000000100
0.0000000100
0.0000000100
0.0000000100
0.0000000100
0.0000000100
0.0000000100
0.0000000100
0.0000000100
0.0000000100
0.0000000100
0.0000000100
0.0000000100
0.0000000100
0.0000000100
0.0000000100
0.0000000100
0.0000000100
0.0000000100
0.0000000100
0.0000000100
0.0000000100
0.0000000100
0.0000000100
0.0000000100
0.0000000100
0.0000000100
0.0000000100
0.0000000100
0.0000000100
0.0000000100
0.0000000100
0.0000000100
0.0000000100
0.0000000100
0.0000000100
0.0000000100
0.0000000100
0.0000000100
0.0000000100
0.0000000100
0.0000000100
0.0000000100
0.0000000100
0.0000000100
0.0000000100
0.0000000100
0.0000000100
0.0000000100
0.0000000100
0.0000000100
0.0000000100
0.0000000100
0.0000000100
0.0000000100
0.0000000100
0.0000000100
0.0000000100
0.0000000100
0.0000000100
0.0000000100
0.0000000100
0.0000000100
0.0000000100
0.0000000100
0.0000000100
0.0000000100
0.0000000100
0.0000000100
0.0000000100
0.0000000100
0.0000000100
0.0000000100
0.0000000100
0.0000000100
0.0000000100
0.0000000100
0.0000000100
0.0000000100
0.0000000100
0.0000000100
0.0000000100
0.0000000100
0.0000000100
0.0000000100
0.0000000100
0.0000000100
0.0000000100
0.0000000100
0.0000000100
0.0000000100
0.0000000100
0.0000000100
0.0000000100
0.0000000100
0.0000000100
0.0000000100
0.0000000100
0.0000000100
0.0000000100
0.0000000100
0.0000000100
0.0000000100
0.0000000100
0.0000000100
0.0000000100
0.0000000100
0.0000000100
0.0000000100
0.0000000100
0.0000000100
0.0000000100
0.0000000100
0.0000000100
0.0000000100
0.0000000100
0.0000000100
0.0000000100
0.0000000100
0.0000000100
0.0000000100
0.0000000100
0.0000000100
0.0000000100
0.0000000100
0.0000000100
0.0000000100
0.0000000100
0.0000000100
0.0000000100
0.0000000100
0.0000000100
0.0000000100
0.0000000100
0.0000000100
0.0000000100
0.0000000100
0.0000000100
0.0000000100
0.0000000100
0.0000000100
0.0000000100
0.0000000100
0.0000000100
0.0000000100
0.0000000100
0.0000000100
0.0000000100
0.0000000100
0.0000000100
0.0000000100
0.0000000100
0.0000000100
0.0000000100
0.0000000100
0.0000000100
0.0000000100
0.0000000100
0.0000000100
0.0000000100
0.0000000100
0.0000000100
0.0000000100
0.0000000100
0.0000000100
0.0000000100
0.0000000100
0.0000000100
0.0000000100
0.0000000100
0.0000000100
0.0000000100
0.0000000100
0.0000000100
0.0000000100
0.0000000100
0.0000000100
0.0000000100
0.0000000100
0.0000000100
0.0000000100
0.0000000100
0.0000000100
0.0000000100
0.0000000100
0.0000000100
0.0000000100
0.0000000100
0.0000000100
0.0000000100
0.0000000100
0.0000000100
0.0000000100
0.0000000100
0.0000000100
0.0000000100
0.0000000100
0.0000000100
0.0000000100
0.0000000100
0.0000000100
0.0000000100
0.0000000100
0.0000000100
0.0000000100
0.0000000100
0.0000000100
0.0000000100
0.0000000100
0.0000000100
0.0000000100
0.0000000100
0.0000000100
0.0000000100
0.0000000100
0.0000000100
0.0000000100
0.0000000100
0.0000000100
0.0000000100
0.0000000100
0.0000000100
0.0000000100
0.0000000100
0.0000000100
0.0000000100
0.0000000100
0.0000000100
0.0000000100
0.0000000100
0.0000000100
0.0000000100
0.0000000100
0.0000000100
0.0000000100
0.0000000100
0.0000000100
0.0000000100
0.0000000100
0.0000000100
0.0000000100
0.0000000100
0.0000000100
0.0000000100
0.0000000100
0.0000000100
0.0000000100
0.0000000100
0.0000000100
0.0000000100
0.0000000100
0.0000000100
0.0000000100
0.0000000100
0.0000000100
0.0000000100
0.0000000100
0.0000000100
0.0000000100
0.0000000100
0.0000000100
0.0000000100
0.0000000100
0.0000000100
0.0000000100
0.0000000100
0.0000000100
0.0000000100
0.0000000100
0.0000000100
0.0000000100
0.0000000100
0.0000000100
0.0000000100
0.0000000100
0.0000000100
0.0000000100
0.0000000100
0.0000000100
0.0000000100
0.0000000100
0.0000000100
0.0000000100
0.0000000100
0.0000000100
0.0000000100
0.0000000100
0.0000000100
0.0000000100
0.0000000100
0.0000000100
0.0000000100
0.0000000100
0.0000000100
0.0000000100
0.0000000100
0.0000000100
0.0000000100
0.0000000100
0.0000000100
0.0000000100
0.0000000100
0.0000000100
0.0000000100
0.0000000100
0.0000000100
0.0000000100
0.0000000100
0.0000000100
0.0000000100
0.0000000100
0.0000000100
0.0000000100
0.0000000100
0.0000000100
0.0000000100
0.0000000100
0.0000000100
0.0000000100
0.0000000100
0.0000000100
0.0000000100
0.0000000100
0.0000000100
0.0000000100
0.0000000100
0.0000000100
0.0000000100
0.0000000100
0.0000000100
0.0000000100
0.0000000100
0.0000000100
0.0000000100
0.0000000100
0.0000000100
0.0000000100
0.0000000100
0.0000000100
0.0000000100
0.0000000100
0.0000000100
0.0000000100
0.0000000100
0.0000000100
0.0000000100
0.0000000100
0.0000000100
0.0000000100
0.0000000100
0.0000000100
0.0000000100
0.0000000100
