0.6572800000
0.6307200000
0.6492800000
0.6483200000
0.6515200000
0.6515200000
0.6620800000
0.6844800000
0.6700800000
0.6873600000
0.6806400000
0.6553600000
0.6896000000
0.6668800000
0.6678400000
0.6710400000
0.6915200000
0.6953600000
0.7059200000
0.7091200000
0.7120000000
0.6982400000
0.7100800000
0.6844800000
0.7324800000
0.7059200000
0.7206400000
0.7081600000
0.7187200000
0.7030400000
0.7091200000
0.6972800000
0.6816000000
0.6873600000
0.6854400000
0.6700800000
0.6972800000
0.6873600000
0.6944000000
0.6844800000
0.6864000000
0.6806400000
0.6816000000
0.6444800000
0.6348800000
0.6230400000
0.6025600000
0.5840000000
0.6268800000
0.6073600000
0.5888000000
0.5840000000
0.5625600000
0.5654400000
0.5625600000
0.5340800000
0.5350400000
0.5350400000
0.5254400000
0.5216000000
0.5596800000
0.5411200000
0.5321600000
0.5264000000
0.5360000000
0.5174400000
0.5497600000
0.5184000000
0.4998400000
0.5164800000
0.5116800000
0.4960000000
0.5382400000
0.4976000000
0.4985600000
0.4969600000
0.4998400000
0.5040000000
0.4854400000
0.4723200000
0.4745600000
0.4755200000
0.4816000000
0.4633600000
0.5030400000
0.4595200000
0.4876800000
0.4931200000
0.4854400000
0.4774400000
0.5059200000
0.4937600000
0.4697600000
0.4912000000
0.4707200000
0.4678400000
0.4912000000
0.4710400000
0.4624000000
0.4736000000
0.4761600000
0.4835200000
0.4793600000
0.4864000000
0.4624000000
0.4515200000
0.4569600000
0.4752000000
0.5088000000
0.4726400000
0.4585600000
0.4681600000
0.4723200000
0.4649600000
0.4902400000
0.4790400000
0.4678400000
0.4844800000
0.4844800000
0.4710400000
0.4976000000
0.4633600000
0.4883200000
0.4745600000
0.4473600000
0.4422400000
0.4617600000
0.4361600000
0.4252800000
0.4320000000
0.4160000000
0.4112000000
0.4217600000
0.4169600000
0.4403200000
0.4179200000
0.4300800000
0.4355200000
0.4454400000
0.4569600000
0.4540800000
0.4643200000
0.4595200000
0.4448000000
0.4844800000
0.4844800000
0.4886400000
0.4960000000
0.4995200000
0.5420800000
0.5644800000
0.5545600000
0.5587200000
0.5692800000
0.5616000000
0.5772800000
0.6192000000
0.5712000000
0.5459200000
0.5526400000
0.5782400000
0.5859200000
0.6044800000
0.6073600000
0.5878400000
0.6163200000
0.6348800000
0.6230400000
0.6806400000
0.7158400000
0.7225600000
0.7344000000
0.7305600000
0.7324800000
0.7625600000
0.7616000000
0.7520000000
0.7811200000
0.7843200000
0.7715200000
0.8057600000
0.8006400000
0.7881600000
0.7852800000
0.7891200000
0.7987200000
0.7920000000
0.7392000000
0.7344000000
0.7411200000
0.7254400000
0.7196800000
0.7462400000
0.7225600000
0.7392000000
0.7276800000
0.7276800000
0.7372800000
0.7862400000
0.7763200000
0.7529600000
0.7833600000
0.7296000000
0.7235200000
0.7715200000
0.7401600000
0.7420800000
0.7440000000
0.7500800000
0.7667200000
0.7910400000
0.7833600000
0.7763200000
0.7820800000
0.7587200000
0.7548800000
0.7900800000
0.7587200000
0.8105600000
0.7996800000
0.7910400000
0.8028800000
0.8057600000
0.7820800000
0.8086400000
0.7881600000
0.7977600000
0.7715200000
0.8105600000
0.7782400000
0.7801600000
0.7772800000
0.7539200000
0.7372800000
0.7372800000
0.7462400000
0.7315200000
0.7491200000
0.7577600000
0.7558400000
0.7939200000
0.7667200000
0.7744000000
0.7753600000
0.8057600000
0.7616000000
0.7782400000
0.7792000000
0.7625600000
0.7843200000
0.7616000000
0.7715200000
0.8310400000
0.8400000000
0.8329600000
0.8252800000
0.8848000000
0.8809600000
0.9072000000
0.8867200000
0.9571200000
0.8758400000
0.9024000000
0.8448000000
0.8905600000
0.8192000000
0.7977600000
0.8172800000
0.8272000000
0.8243200000
0.8643200000
0.8300800000
0.8214400000
0.8476800000
0.8281600000
0.7696000000
0.7363200000
0.7216000000
0.7235200000
0.7129600000
0.7187200000
0.7276800000
0.7568000000
0.6972800000
0.7030400000
0.6844800000
0.6729600000
0.6649600000
0.7254400000
0.7216000000
0.7110400000
0.7168000000
0.7267200000
0.6953600000
0.6963200000
0.7510400000
0.7657600000
0.7315200000
0.6396800000
0.6630400000
0.6982400000
0.6864000000
0.6934400000
0.7110400000
0.7267200000
0.7030400000
0.7225600000
0.6934400000
0.6806400000
0.7059200000
0.7344000000
0.7305600000
0.7820800000
0.7862400000
0.8028800000
0.7510400000
0.7420800000
0.7430400000
0.8300800000
0.7996800000
0.7948800000
0.8115200000
0.7568000000
0.7667200000
0.8368000000
0.7772800000
0.8076800000
0.8172800000
0.7872000000
0.7843200000
0.8057600000
0.7753600000
0.7030400000
0.7187200000
0.7187200000
0.5830400000
0.6259200000
0.5811200000
0.5820800000
0.5673600000
0.5731200000
0.5555200000
0.5644800000
0.5302400000
0.6502400000
0.5936000000
0.5468800000
0.5235200000
0.4960000000
0.4764800000
0.4659200000
0.4227200000
0.4208000000
0.4400000000
0.4502400000
0.4150400000
0.4236800000
0.4188800000
0.4243200000
0.4140800000
0.4576000000
0.4179200000
0.4390400000
0.4384000000
0.4352000000
0.4124800000
0.4537600000
0.4784000000
0.5468800000
0.4732800000
0.4476800000
0.4419200000
0.4595200000
0.4278400000
0.4134400000
0.4236800000
0.4019200000
0.3846400000
0.4003200000
0.3667200000
0.3628800000
0.4374400000
0.4176000000
0.4867200000
0.5206400000
0.4800000000
0.4380800000
0.4262400000
0.4176000000
0.4166400000
0.4297600000
0.3990400000
0.3878400000
0.3948800000
0.4467200000
0.4576000000
0.4320000000
0.4204800000
0.3824000000
0.4291200000
0.4217600000
0.4156800000
0.4064000000
0.3852800000
0.4003200000
0.3891200000
0.3907200000
0.3833600000
0.4262400000
0.3939200000
0.3916800000
0.4115200000
0.3980800000
0.4134400000
0.4515200000
0.4176000000
0.4156800000
0.4214400000
0.4297600000
0.4320000000
0.4316800000
0.4124800000
0.4390400000
0.4473600000
0.4464000000
0.4448000000
0.4784000000
0.4560000000
0.4784000000
0.4649600000
0.4803200000
0.4771200000
0.5126400000
0.5049600000
0.5049600000
0.5059200000
0.5164800000
0.5097600000
0.5420800000
0.5340800000
0.5440000000
0.5497600000
0.5568000000
0.5702400000
0.5968000000
0.5740800000
0.5897600000
0.6092800000
0.5958400000
0.6102400000
0.6358400000
0.6230400000
0.6240000000
0.6454400000
0.6563200000
0.6464000000
0.6739200000
0.6524800000
0.6515200000
0.6611200000
0.6688000000
0.6806400000
0.7158400000
0.7129600000
0.7100800000
0.7244800000
0.7196800000
0.7158400000
0.7411200000
0.7382400000
0.7315200000
0.7411200000
0.7296000000
0.7372800000
0.7440000000
0.7548800000
0.7648000000
0.7491200000
0.7996800000
0.8016000000
0.8524800000
0.8252800000
0.8291200000
0.8486400000
0.8534400000
0.8358400000
0.8720000000
0.8848000000
0.8681600000
0.8867200000
0.8758400000
0.8800000000
0.9443200000
0.8966400000
0.8720000000
0.8710400000
0.9062400000
0.8819200000
0.8838400000
0.8681600000
0.8681600000
0.8857600000
0.0000000100
0.0000000100
0.0000000100
0.0000000100
0.0000000100
0.0000000100
0.0000000100
0.0000000100
0.0000000100
0.0000000100
0.0000000100
0.0000000100
0.0000000100
0.0000000100
0.0000000100
0.0000000100
0.0000000100
0.0000000100
0.0000000100
0.0000000100
0.0000000100
0.0000000100
0.0000000100
0.0000000100
0.0000000100
0.0000000100
0.0000000100
0.0000000100
0.0000000100
0.0000000100
0.0000000100
0.0000000100
0.0000000100
0.0000000100
0.0000000100
0.0000000100
0.0000000100
0.0000000100
0.0000000100
0.0000000100
0.0000000100
0.0000000100
0.0000000100
0.0000000100
0.0000000100
0.0000000100
0.0000000100
0.0000000100
0.0000000100
0.0000000100
0.0000000100
0.0000000100
0.0000000100
0.0000000100
0.0000000100
0.0000000100
0.0000000100
0.0000000100
0.0000000100
0.0000000100
0.0000000100
0.0000000100
0.0000000100
0.0000000100
0.0000000100
0.0000000100
0.0000000100
0.0000000100
0.0000000100
0.0000000100
0.0000000100
0.0000000100
0.0000000100
0.0000000100
0.0000000100
0.0000000100
0.0000000100
0.0000000100
0.0000000100
0.0000000100
0.0000000100
0.0000000100
0.0000000100
0.0000000100
0.0000000100
0.0000000100
0.0000000100
0.0000000100
0.0000000100
0.0000000100
0.0000000100
0.0000000100
0.0000000100
0.0000000100
0.0000000100
0.0000000100
0.0000000100
0.0000000100
0.0000000100
0.0000000100
0.0000000100
0.0000000100
0.0000000100
0.0000000100
0.0000000100
0.0000000100
0.0000000100
0.0000000100
0.0000000100
0.0000000100
0.0000000100
0.0000000100
0.0000000100
0.0000000100
0.0000000100
0.0000000100
0.0000000100
0.0000000100
0.0000000100
0.0000000100
0.0000000100
0.0000000100
0.0000000100
0.0000000100
0.0000000100
0.0000000100
0.0000000100
0.0000000100
0.0000000100
0.0000000100
0.0000000100
0.0000000100
0.0000000100
0.0000000100
0.0000000100
0.0000000100
0.0000000100
0.0000000100
0.0000000100
0.0000000100
0.0000000100
0.0000000100
0.0000000100
0.0000000100
0.0000000100
0.0000000100
0.0000000100
0.0000000100
0.0000000100
0.0000000100
0.0000000100
0.0000000100
0.0000000100
0.0000000100
0.0000000100
0.0000000100
0.0000000100
0.0000000100
0.0000000100
0.0000000100
0.0000000100
0.0000000100
0.0000000100
0.0000000100
0.0000000100
0.0000000100
0.0000000100
0.0000000100
0.0000000100
0.0000000100
0.0000000100
0.0000000100
0.0000000100
0.0000000100
0.0000000100
0.0000000100
0.0000000100
0.0000000100
0.0000000100
0.0000000100
0.0000000100
0.0000000100
0.0000000100
0.0000000100
0.0000000100
0.0000000100
0.0000000100
0.0000000100
0.0000000100
0.0000000100
0.0000000100
0.0000000100
0.0000000100
0.0000000100
0.0000000100
0.0000000100
0.0000000100
0.0000000100
0.0000000100
0.0000000100
0.0000000100
0.0000000100
0.0000000100
0.0000000100
0.0000000100
0.0000000100
0.0000000100
0.0000000100
0.0000000100
0.0000000100
0.0000000100
0.0000000100
0.0000000100
0.0000000100
0.0000000100
0.0000000100
0.0000000100
0.0000000100
0.0000000100
0.0000000100
0.0000000100
0.0000000100
0.0000000100
0.0000000100
0.0000000100
0.0000000100
0.0000000100
0.0000000100
0.0000000100
0.0000000100
0.0000000100
0.0000000100
0.0000000100
0.0000000100
0.0000000100
0.0000000100
0.0000000100
0.0000000100
0.0000000100
0.0000000100
0.0000000100
0.0000000100
0.0000000100
0.0000000100
0.0000000100
0.0000000100
0.0000000100
0.0000000100
0.0000000100
0.0000000100
0.0000000100
0.0000000100
0.0000000100
0.0000000100
0.0000000100
0.0000000100
0.0000000100
0.0000000100
0.0000000100
0.0000000100
0.0000000100
0.0000000100
0.0000000100
0.0000000100
0.0000000100
0.0000000100
0.0000000100
0.0000000100
0.0000000100
0.0000000100
0.0000000100
0.0000000100
0.0000000100
0.0000000100
0.0000000100
0.0000000100
0.0000000100
0.0000000100
0.0000000100
0.0000000100
0.0000000100
0.0000000100
0.0000000100
0.0000000100
0.0000000100
0.0000000100
0.0000000100
0.0000000100
0.0000000100
0.0000000100
0.0000000100
0.0000000100
0.0000000100
0.0000000100
0.0000000100
0.0000000100
0.0000000100
0.0000000100
0.0000000100
0.0000000100
0.0000000100
0.0000000100
0.0000000100
0.0000000100
0.0000000100
0.0000000100
0.0000000100
0.0000000100
0.0000000100
0.0000000100
0.0000000100
0.0000000100
0.0000000100
0.0000000100
0.0000000100
0.0000000100
0.0000000100
0.0000000100
0.0000000100
0.0000000100
0.0000000100
0.0000000100
0.0000000100
0.0000000100
0.0000000100
0.0000000100
0.0000000100
0.0000000100
0.0000000100
0.0000000100
0.0000000100
0.0000000100
0.0000000100
0.0000000100
0.0000000100
0.0000000100
0.0000000100
0.0000000100
0.0000000100
0.0000000100
0.0000000100
0.0000000100
0.0000000100
0.0000000100
0.0000000100
0.0000000100
0.0000000100
0.0000000100
0.0000000100
0.0000000100
0.0000000100
0.0000000100
0.0000000100
0.0000000100
0.0000000100
0.0000000100
0.0000000100
0.0000000100
0.0000000100
0.0000000100
0.0000000100
0.0000000100
0.0000000100
0.0000000100
0.0000000100
0.0000000100
0.0000000100
0.0000000100
