0.7679786524
0.7939959973
0.7606404270
0.7507671781
0.7418278853
0.7158105404
0.7533022015
0.7418278853
0.7499666444
0.7418278853
0.7035356905
0.7370246831
0.7271514343
0.7451634423
0.7679786524
0.7842561708
0.8648432288
0.9136757839
0.7549032688
0.6987324883
0.7150100067
0.6897931955
0.6709806538
0.7158105404
0.6937958639
0.7190126751
0.6963308873
0.6963308873
0.7271514343
0.7150100067
0.6913942628
0.6604402935
0.6441627752
0.6181454303
0.6302868579
0.6490993996
0.6205470314
0.6026684456
0.5627751835
0.5227484990
0.5252835223
0.5602401601
0.5683789193
0.5659773182
0.5554369580
0.5521014009
0.5570380254
0.5733155437
0.5292861908
0.5505003336
0.5578385590
0.5415610407
0.5529019346
0.5431621081
0.5227484990
0.5146097398
0.5399599733
0.5114076051
0.5300867245
0.5040693796
0.5227484990
0.4975316878
0.4405603736
0.4845897265
0.4747164777
0.4528352235
0.4356237492
0.4373582388
0.4266844563
0.4381587725
0.4300200133
0.4324216144
0.4300200133
0.3875917278
0.3957304870
0.3969312875
0.3990660440
0.3839893262
0.0673915944
0.0490193462
0.1382254837
0.6717811875
0.5439626418
0.5903935957
0.5717144763
0.5675783856
0.5969312875
0.6124082722
0.6310873916
0.6400266845
0.6189459640
0.5822548366
0.6140093396
0.5919946631
0.6050700467
0.5895930620
0.5781187458
0.6082721815
0.5709139426
0.5945296865
0.6001334223
0.6254836558
0.6360240160
0.6326884590
0.6116077385
0.6620413609
0.6254836558
0.6262841895
0.6392261508
0.5985323549
0.6465643763
0.8306871247
0.6840560374
0.6653769179
0.6229486324
0.6336224149
0.6840560374
0.6743162108
0.6669779853
0.6636424283
0.6457638426
0.6644429620
0.6336224149
0.6515010007
0.7296864576
0.6653769179
0.6490993996
0.6408272181
0.5969312875
0.6254836558
0.5822548366
0.6254836558
0.6156104069
0.6832555037
0.6709806538
0.6465643763
0.6539026017
0.6237491661
0.6017344897
0.6376250834
0.6677785190
0.7483655771
0.7418278853
0.7142094730
0.6799199466
0.7142094730
0.6856571047
0.6799199466
0.6840560374
0.6880587058
0.6824549700
0.6400266845
0.5691794530
0.5895930620
0.6140093396
0.6164109406
0.6245496998
0.6457638426
0.6108072048
0.6310873916
0.6262841895
0.6254836558
0.6270847231
0.6465643763
0.6620413609
0.6066711141
0.6017344897
0.5643762508
0.5757171448
0.6181454303
0.6213475650
0.5903935957
0.5773182121
0.5863909273
0.6108072048
0.6384256171
0.6644429620
0.5659773182
0.5505003336
0.6116077385
0.6189459640
0.6531020680
0.6913942628
0.6326884590
0.6205470314
0.6302868579
0.6588392262
0.6441627752
0.6449633089
0.6693795864
0.6677785190
0.6310873916
0.5765176785
0.6116077385
0.6392261508
0.6132088059
0.6026684456
0.5675783856
0.6009339560
0.6001334223
0.6360240160
0.6237491661
0.6100066711
0.6058705804
0.6009339560
0.6270847231
0.6132088059
0.6245496998
0.5838559039
0.5806537692
0.6050700467
0.6108072048
0.6066711141
0.6082721815
0.6066711141
0.6336224149
0.6116077385
0.6074716478
0.5781187458
0.6074716478
0.5709139426
0.6124082722
0.6050700467
0.6066711141
0.6066711141
0.6189459640
0.6132088059
0.6132088059
0.6481654436
0.6294863242
0.6376250834
0.6294863242
0.5969312875
0.6074716478
0.5969312875
0.6221480987
0.5935957305
0.5945296865
0.5985323549
0.5554369580
0.5838559039
0.5733155437
0.6042695130
0.5733155437
0.6017344897
0.5733155437
0.5709139426
0.5993328886
0.6644429620
0.6286857905
0.6302868579
0.5969312875
0.6026684456
0.6221480987
0.6318879253
0.6189459640
0.6229486324
0.6221480987
0.5643762508
0.5903935957
0.6017344897
0.5895930620
0.6344229486
0.6140093396
0.6116077385
0.6669779853
0.6254836558
0.6034689793
0.6197464977
0.6278852568
0.6270847231
0.6164109406
0.6523015344
0.6294863242
0.6498999333
0.6294863242
0.6229486324
0.6262841895
0.6090727151
0.6140093396
0.6108072048
0.5699799867
0.5993328886
0.5993328886
0.6116077385
0.6132088059
0.5798532355
0.6009339560
0.6213475650
0.5969312875
0.6090727151
0.6498999333
0.6009339560
0.5846564376
0.5969312875
0.5781187458
0.6017344897
0.5977318212
0.6050700467
0.6140093396
0.5871914610
0.5757171448
0.5667778519
0.5953302201
0.6294863242
0.6001334223
0.5578385590
0.5781187458
0.6124082722
0.5961307538
0.6701801201
0.6743162108
0.6759172782
0.6848565710
0.6661774516
0.5733155437
0.5675783856
0.6189459640
0.6368245497
0.4885923949
0.4861907939
0.4975316878
0.5048699133
0.4927284857
0.4683122081
0.4764509673
0.4747164777
0.4893929286
0.4633755837
0.4494996664
0.4699132755
0.4739159440
0.4429619746
0.4691127418
0.4429619746
0.4560373582
0.4250833889
0.3905270180
0.3770513676
0.3891927952
0.4116077385
0.4185456971
0.4112074716
0.3982655103
0.4128085390
0.3953302201
0.3883922615
0.3566377585
0.3456971314
0.3383589059
0.3274182789
0.3399599733
0.3424949967
0.3436957972
0.3554369580
0.3270180120
0.3260840560
0.3530353569
0.3419613075
0.3252835223
0.3090060040
0.3030020013
0.2907271514
0.2764509673
0.2853902602
0.2659106071
0.1042294863
0.0684056037
0.0632154770
0.0632154770
0.5334222815
0.6717811875
0.6709806538
0.6156104069
0.6237491661
0.6400266845
0.6100066711
0.6523015344
0.6205470314
0.6523015344
0.6555036691
0.6384256171
0.6588392262
0.6278852568
0.6555036691
0.6547031354
0.6336224149
0.6620413609
0.6653769179
0.6604402935
0.6498999333
0.6310873916
0.6481654436
0.6963308873
0.6880587058
0.7108739159
0.7027351568
0.6563042028
0.6408272181
0.6848565710
0.6465643763
0.6971314209
0.6449633089
0.6588392262
0.6636424283
0.6791194129
0.6727151434
0.6661774516
0.6326884590
0.7108739159
0.7223482322
0.6481654436
0.6808539026
0.6735156771
0.7199466311
0.6864576384
0.6995330220
0.7126084056
0.6995330220
0.7068712475
0.6897931955
0.7027351568
0.7223482322
0.7499666444
0.7483655771
0.7426284189
0.7459639760
0.8134756504
0.7743829219
0.7622414943
0.7809206137
0.7646430954
0.7378252168
0.7296864576
0.7312875250
0.7231487658
0.2528352235
0.0677918612
0.0676984656
0.7320880587
0.6408272181
0.6172114743
0.6124082722
0.5822548366
0.6156104069
0.6066711141
0.6286857905
0.6727151434
0.6979319546
0.6490993996
0.6441627752
0.6262841895
0.6751167445
0.6612408272
0.6563042028
0.6872581721
0.6864576384
0.6751167445
0.6465643763
0.6205470314
0.6400266845
0.6735156771
0.6612408272
0.6824549700
0.6816544363
0.6644429620
0.6628418946
0.6856571047
0.6735156771
0.6995330220
0.6880587058
0.6808539026
0.6563042028
0.6612408272
0.6767178119
0.6449633089
0.6326884590
0.6717811875
0.6473649099
0.6832555037
0.6644429620
0.6743162108
0.6889926618
0.6604402935
0.6326884590
0.6066711141
0.6572381588
0.6490993996
0.6743162108
0.7207471648
0.7352901935
0.7671781187
0.7769179453
0.7654436291
0.7108739159
0.7483655771
0.7199466311
0.7060707138
0.7060707138
0.6864576384
0.7035356905
0.6856571047
0.0000000100
0.0000000100
0.0000000100
0.0000000100
0.0000000100
0.0000000100
0.0000000100
0.0000000100
0.0000000100
0.0000000100
0.0000000100
0.0000000100
0.0000000100
0.0000000100
0.0000000100
0.0000000100
0.0000000100
0.0000000100
0.0000000100
0.0000000100
0.0000000100
0.0000000100
0.0000000100
0.0000000100
0.0000000100
0.0000000100
0.0000000100
0.0000000100
0.0000000100
0.0000000100
0.0000000100
0.0000000100
0.0000000100
0.0000000100
0.0000000100
0.0000000100
0.0000000100
0.0000000100
0.0000000100
0.0000000100
0.0000000100
0.0000000100
0.0000000100
0.0000000100
0.0000000100
0.0000000100
0.0000000100
0.0000000100
0.0000000100
0.0000000100
0.0000000100
0.0000000100
0.0000000100
0.0000000100
0.0000000100
0.0000000100
0.0000000100
0.0000000100
0.0000000100
0.0000000100
0.0000000100
0.0000000100
0.0000000100
0.0000000100
0.0000000100
0.0000000100
0.0000000100
0.0000000100
0.0000000100
0.0000000100
0.0000000100
0.0000000100
0.0000000100
0.0000000100
0.0000000100
0.0000000100
0.0000000100
0.0000000100
0.0000000100
0.0000000100
0.0000000100
0.0000000100
0.0000000100
0.0000000100
0.0000000100
0.0000000100
0.0000000100
0.0000000100
0.0000000100
0.0000000100
0.0000000100
0.0000000100
0.0000000100
0.0000000100
0.0000000100
0.0000000100
0.0000000100
0.0000000100
0.0000000100
0.0000000100
0.0000000100
0.0000000100
0.0000000100
0.0000000100
0.0000000100
0.0000000100
0.0000000100
0.0000000100
0.0000000100
0.0000000100
0.0000000100
0.0000000100
0.0000000100
0.0000000100
0.0000000100
0.0000000100
0.0000000100
0.0000000100
0.0000000100
0.0000000100
0.0000000100
0.0000000100
0.0000000100
0.0000000100
0.0000000100
0.0000000100
0.0000000100
0.0000000100
0.0000000100
0.0000000100
0.0000000100
0.0000000100
0.0000000100
0.0000000100
0.0000000100
0.0000000100
0.0000000100
0.0000000100
0.0000000100
0.0000000100
0.0000000100
0.0000000100
0.0000000100
0.0000000100
0.0000000100
0.0000000100
0.0000000100
0.0000000100
0.0000000100
0.0000000100
0.0000000100
0.0000000100
0.0000000100
0.0000000100
0.0000000100
0.0000000100
0.0000000100
0.0000000100
0.0000000100
0.0000000100
0.0000000100
0.0000000100
0.0000000100
0.0000000100
0.0000000100
0.0000000100
0.0000000100
0.0000000100
0.0000000100
0.0000000100
0.0000000100
0.0000000100
0.0000000100
0.0000000100
0.0000000100
0.0000000100
0.0000000100
0.0000000100
0.0000000100
0.0000000100
0.0000000100
0.0000000100
0.0000000100
0.0000000100
0.0000000100
0.0000000100
0.0000000100
0.0000000100
0.0000000100
0.0000000100
0.0000000100
0.0000000100
0.0000000100
0.0000000100
0.0000000100
0.0000000100
0.0000000100
0.0000000100
0.0000000100
0.0000000100
0.0000000100
0.0000000100
0.0000000100
0.0000000100
0.0000000100
0.0000000100
0.0000000100
0.0000000100
0.0000000100
0.0000000100
0.0000000100
0.0000000100
0.0000000100
0.0000000100
0.0000000100
0.0000000100
0.0000000100
0.0000000100
0.0000000100
0.0000000100
0.0000000100
0.0000000100
0.0000000100
0.0000000100
0.0000000100
0.0000000100
0.0000000100
0.0000000100
0.0000000100
0.0000000100
0.0000000100
0.0000000100
0.0000000100
0.0000000100
0.0000000100
0.0000000100
0.0000000100
0.0000000100
0.0000000100
0.0000000100
0.0000000100
0.0000000100
0.0000000100
0.0000000100
0.0000000100
0.0000000100
0.0000000100
0.0000000100
0.0000000100
0.0000000100
0.0000000100
0.0000000100
0.0000000100
0.0000000100
0.0000000100
0.0000000100
0.0000000100
0.0000000100
0.0000000100
0.0000000100
0.0000000100
0.0000000100
0.0000000100
0.0000000100
0.0000000100
0.0000000100
0.0000000100
0.0000000100
0.0000000100
0.0000000100
0.0000000100
0.0000000100
0.0000000100
0.0000000100
0.0000000100
0.0000000100
0.0000000100
0.0000000100
0.0000000100
0.0000000100
0.0000000100
0.0000000100
0.0000000100
0.0000000100
0.0000000100
0.0000000100
0.0000000100
0.0000000100
0.0000000100
0.0000000100
0.0000000100
0.0000000100
0.0000000100
0.0000000100
0.0000000100
0.0000000100
0.0000000100
0.0000000100
0.0000000100
0.0000000100
0.0000000100
0.0000000100
0.0000000100
0.0000000100
0.0000000100
0.0000000100
0.0000000100
0.0000000100
0.0000000100
0.0000000100
0.0000000100
0.0000000100
0.0000000100
0.0000000100
0.0000000100
0.0000000100
0.0000000100
0.0000000100
0.0000000100
0.0000000100
0.0000000100
0.0000000100
0.0000000100
0.0000000100
0.0000000100
0.0000000100
0.0000000100
0.0000000100
0.0000000100
0.0000000100
0.0000000100
0.0000000100
0.0000000100
0.0000000100
0.0000000100
0.0000000100
0.0000000100
0.0000000100
0.0000000100
0.0000000100
0.0000000100
0.0000000100
0.0000000100
0.0000000100
0.0000000100
0.0000000100
0.0000000100
0.0000000100
0.0000000100
0.0000000100
0.0000000100
0.0000000100
0.0000000100
0.0000000100
0.0000000100
0.0000000100
0.0000000100
0.0000000100
0.0000000100
0.0000000100
0.0000000100
0.0000000100
0.0000000100
0.0000000100
0.0000000100
0.0000000100
0.0000000100
0.0000000100
