0.8184122748
0.8388258839
0.8118745831
0.8078719146
0.8118745831
0.7842561708
0.8005336891
0.7793195464
0.7842561708
0.7842561708
0.7507671781
0.7866577718
0.7695797198
0.8021347565
0.8225483656
0.7842561708
0.7533022015
0.7979986658
0.8029352902
0.7825216811
0.8061374249
0.7866577718
0.7654436291
0.7907938626
0.7418278853
0.7646430954
0.7336891261
0.7475650434
0.7809206137
0.7459639760
0.7394262842
0.7134089393
0.6897931955
0.6921947965
0.6979319546
0.6921947965
0.6727151434
0.6507004670
0.6326884590
0.5863909273
0.5993328886
0.6310873916
0.6213475650
0.6310873916
0.6156104069
0.6254836558
0.5927951968
0.6286857905
0.5993328886
0.6090727151
0.6058705804
0.5945296865
0.6042695130
0.6116077385
0.5709139426
0.5725150100
0.5935957305
0.5586390927
0.5709139426
0.5529019346
0.5602401601
0.5463642428
0.4893929286
0.5284856571
0.5187458306
0.4975316878
0.4764509673
0.4836557705
0.4723148766
0.4820547031
0.4699132755
0.4780520347
0.4584389593
0.4282855237
0.4348232155
0.4462975317
0.4364242829
0.4389593062
0.0820413609
0.0639226151
0.1486324216
0.7116744496
0.6042695130
0.6417611741
0.6197464977
0.6074716478
0.6254836558
0.6254836558
0.6743162108
0.6783188793
0.6310873916
0.6229486324
0.6392261508
0.6457638426
0.6074716478
0.6156104069
0.6090727151
0.6294863242
0.6034689793
0.6172114743
0.6310873916
0.6523015344
0.6620413609
0.6515010007
0.6465643763
0.6880587058
0.6294863242
0.6213475650
0.6759172782
0.6368245497
0.6326884590
0.6685790527
0.6897931955
0.6751167445
0.6572381588
0.6507004670
0.7060707138
0.7003335557
0.6963308873
0.6921947965
0.6588392262
0.6864576384
0.6751167445
0.6897931955
0.7158105404
0.6963308873
0.6709806538
0.6254836558
0.6189459640
0.6783188793
0.6310873916
0.6481654436
0.6669779853
0.7035356905
0.7044696464
0.6701801201
0.7134089393
0.6685790527
0.6465643763
0.6840560374
0.6987324883
0.7793195464
0.7695797198
0.7475650434
0.7060707138
0.7394262842
0.7215476985
0.7158105404
0.7239492995
0.7271514343
0.7199466311
0.6799199466
0.6310873916
0.5472981988
0.6604402935
0.6717811875
0.6588392262
0.6767178119
0.6563042028
0.6709806538
0.6580386925
0.6921947965
0.6979319546
0.6905937292
0.7076717812
0.6751167445
0.6685790527
0.6270847231
0.6400266845
0.6889926618
0.7003335557
0.6612408272
0.6473649099
0.6531020680
0.6751167445
0.7003335557
0.7296864576
0.6507004670
0.6336224149
0.6368245497
0.6376250834
0.7019346231
0.7491661107
0.7035356905
0.6937958639
0.6963308873
0.7223482322
0.7060707138
0.7182121414
0.7475650434
0.7336891261
0.6937958639
0.6767178119
0.6979319546
0.7019346231
0.6987324883
0.6945963976
0.6531020680
0.6824549700
0.6897931955
0.7142094730
0.7035356905
0.6987324883
0.6963308873
0.6921947965
0.7142094730
0.6963308873
0.7100733823
0.6799199466
0.6921947965
0.7336891261
0.7215476985
0.7158105404
0.7035356905
0.7142094730
0.7394262842
0.7336891261
0.6905937292
0.6727151434
0.7060707138
0.6727151434
0.7134089393
0.7134089393
0.7116744496
0.7174116077
0.7199466311
0.7142094730
0.7076717812
0.7459639760
0.7296864576
0.7296864576
0.7044696464
0.6921947965
0.6864576384
0.6709806538
0.7084723149
0.6840560374
0.7182121414
0.6709806538
0.6473649099
0.6515010007
0.6547031354
0.6880587058
0.6588392262
0.6889926618
0.6709806538
0.6392261508
0.6937958639
0.6880587058
0.6921947965
0.6653769179
0.6767178119
0.6709806538
0.6905937292
0.7142094730
0.6921947965
0.6799199466
0.7003335557
0.6449633089
0.6433622415
0.6254836558
0.6767178119
0.6897931955
0.6945963976
0.6897931955
0.7410273516
0.7142094730
0.6897931955
0.6880587058
0.7100733823
0.7142094730
0.7271514343
0.7451634423
0.7280853903
0.7255503669
0.7142094730
0.6840560374
0.7044696464
0.6897931955
0.6979319546
0.7076717812
0.6709806538
0.7060707138
0.6808539026
0.6937958639
0.6979319546
0.6701801201
0.6979319546
0.7084723149
0.6808539026
0.6905937292
0.7035356905
0.6824549700
0.6563042028
0.6376250834
0.6318879253
0.6701801201
0.6848565710
0.6987324883
0.6987324883
0.6799199466
0.6743162108
0.6588392262
0.6759172782
0.6905937292
0.6864576384
0.6644429620
0.6799199466
0.7011340894
0.6864576384
0.6799199466
0.6588392262
0.6620413609
0.6709806538
0.6588392262
0.6644429620
0.6604402935
0.6392261508
0.6058705804
0.5822548366
0.5627751835
0.5709139426
0.5781187458
0.5521014009
0.5292861908
0.5227484990
0.5252835223
0.5545030020
0.5308872582
0.5227484990
0.5308872582
0.5374249500
0.5227484990
0.5570380254
0.5334222815
0.5211474316
0.5000667111
0.4715143429
0.4503002001
0.4641761174
0.4657771848
0.4796531021
0.4625750500
0.4625750500
0.4796531021
0.4617745163
0.4519012675
0.4242828552
0.4141427618
0.4060040027
0.3863909273
0.4060040027
0.3974649767
0.4088058706
0.4128085390
0.3891927952
0.3847898599
0.4002668446
0.3778519013
0.3738492328
0.3639759840
0.3570380254
0.3460973983
0.3391594396
0.3530353569
0.3224816544
0.1223615744
0.0833622415
0.0791994663
0.0806137425
0.5741160774
0.7352901935
0.7606404270
0.6897931955
0.6864576384
0.7035356905
0.6880587058
0.7336891261
0.7116744496
0.7271514343
0.7255503669
0.7199466311
0.7223482322
0.6963308873
0.7215476985
0.7312875250
0.6963308873
0.7223482322
0.7239492995
0.7076717812
0.7199466311
0.7003335557
0.7312875250
0.7654436291
0.7533022015
0.7743829219
0.7557038025
0.7336891261
0.7271514343
0.7459639760
0.6987324883
0.7557038025
0.7134089393
0.7239492995
0.7394262842
0.7573048699
0.7451634423
0.7418278853
0.7280853903
0.7743829219
0.7743829219
0.7076717812
0.7459639760
0.7435623749
0.7727818546
0.7459639760
0.7549032688
0.7654436291
0.7630420280
0.7695797198
0.7533022015
0.7491661107
0.7963975984
0.8216144096
0.8160106738
0.8102735157
0.7989326217
0.7549032688
0.7671781187
0.8184122748
0.8257505003
0.8118745831
0.8078719146
0.7907938626
0.7923949300
0.7842561708
0.2805870580
0.0847898599
0.0880453636
0.7687791861
0.6376250834
0.6270847231
0.6116077385
0.5683789193
0.6669779853
0.6310873916
0.6384256171
0.6840560374
0.7060707138
0.6612408272
0.6612408272
0.6310873916
0.6685790527
0.6449633089
0.6465643763
0.6709806538
0.6963308873
0.6848565710
0.6669779853
0.6628418946
0.6727151434
0.6987324883
0.7100733823
0.7312875250
0.7280853903
0.7019346231
0.6897931955
0.7199466311
0.6979319546
0.7174116077
0.7223482322
0.7142094730
0.7035356905
0.7158105404
0.7084723149
0.6653769179
0.6604402935
0.6897931955
0.6799199466
0.7116744496
0.7003335557
0.7084723149
0.7410273516
0.7182121414
0.6897931955
0.6701801201
0.7158105404
0.7084723149
0.7320880587
0.7785190127
0.7711807872
0.8029352902
0.7989326217
0.7907938626
0.7557038025
0.7850567045
0.7517011341
0.7451634423
0.7435623749
0.7320880587
0.7606404270
0.7280853903
0.0000000100
0.0000000100
0.0000000100
0.0000000100
0.0000000100
0.0000000100
0.0000000100
0.0000000100
0.0000000100
0.0000000100
0.0000000100
0.0000000100
0.0000000100
0.0000000100
0.0000000100
0.0000000100
0.0000000100
0.0000000100
0.0000000100
0.0000000100
0.0000000100
0.0000000100
0.0000000100
0.0000000100
0.0000000100
0.0000000100
0.0000000100
0.0000000100
0.0000000100
0.0000000100
0.0000000100
0.0000000100
0.0000000100
0.0000000100
0.0000000100
0.0000000100
0.0000000100
0.0000000100
0.0000000100
0.0000000100
0.0000000100
0.0000000100
0.0000000100
0.0000000100
0.0000000100
0.0000000100
0.0000000100
0.0000000100
0.0000000100
0.0000000100
0.0000000100
0.0000000100
0.0000000100
0.0000000100
0.0000000100
0.0000000100
0.0000000100
0.0000000100
0.0000000100
0.0000000100
0.0000000100
0.0000000100
0.0000000100
0.0000000100
0.0000000100
0.0000000100
0.0000000100
0.0000000100
0.0000000100
0.0000000100
0.0000000100
0.0000000100
0.0000000100
0.0000000100
0.0000000100
0.0000000100
0.0000000100
0.0000000100
0.0000000100
0.0000000100
0.0000000100
0.0000000100
0.0000000100
0.0000000100
0.0000000100
0.0000000100
0.0000000100
0.0000000100
0.0000000100
0.0000000100
0.0000000100
0.0000000100
0.0000000100
0.0000000100
0.0000000100
0.0000000100
0.0000000100
0.0000000100
0.0000000100
0.0000000100
0.0000000100
0.0000000100
0.0000000100
0.0000000100
0.0000000100
0.0000000100
0.0000000100
0.0000000100
0.0000000100
0.0000000100
0.0000000100
0.0000000100
0.0000000100
0.0000000100
0.0000000100
0.0000000100
0.0000000100
0.0000000100
0.0000000100
0.0000000100
0.0000000100
0.0000000100
0.0000000100
0.0000000100
0.0000000100
0.0000000100
0.0000000100
0.0000000100
0.0000000100
0.0000000100
0.0000000100
0.0000000100
0.0000000100
0.0000000100
0.0000000100
0.0000000100
0.0000000100
0.0000000100
0.0000000100
0.0000000100
0.0000000100
0.0000000100
0.0000000100
0.0000000100
0.0000000100
0.0000000100
0.0000000100
0.0000000100
0.0000000100
0.0000000100
0.0000000100
0.0000000100
0.0000000100
0.0000000100
0.0000000100
0.0000000100
0.0000000100
0.0000000100
0.0000000100
0.0000000100
0.0000000100
0.0000000100
0.0000000100
0.0000000100
0.0000000100
0.0000000100
0.0000000100
0.0000000100
0.0000000100
0.0000000100
0.0000000100
0.0000000100
0.0000000100
0.0000000100
0.0000000100
0.0000000100
0.0000000100
0.0000000100
0.0000000100
0.0000000100
0.0000000100
0.0000000100
0.0000000100
0.0000000100
0.0000000100
0.0000000100
0.0000000100
0.0000000100
0.0000000100
0.0000000100
0.0000000100
0.0000000100
0.0000000100
0.0000000100
0.0000000100
0.0000000100
0.0000000100
0.0000000100
0.0000000100
0.0000000100
0.0000000100
0.0000000100
0.0000000100
0.0000000100
0.0000000100
0.0000000100
0.0000000100
0.0000000100
0.0000000100
0.0000000100
0.0000000100
0.0000000100
0.0000000100
0.0000000100
0.0000000100
0.0000000100
0.0000000100
0.0000000100
0.0000000100
0.0000000100
0.0000000100
0.0000000100
0.0000000100
0.0000000100
0.0000000100
0.0000000100
0.0000000100
0.0000000100
0.0000000100
0.0000000100
0.0000000100
0.0000000100
0.0000000100
0.0000000100
0.0000000100
0.0000000100
0.0000000100
0.0000000100
0.0000000100
0.0000000100
0.0000000100
0.0000000100
0.0000000100
0.0000000100
0.0000000100
0.0000000100
0.0000000100
0.0000000100
0.0000000100
0.0000000100
0.0000000100
0.0000000100
0.0000000100
0.0000000100
0.0000000100
0.0000000100
0.0000000100
0.0000000100
0.0000000100
0.0000000100
0.0000000100
0.0000000100
0.0000000100
0.0000000100
0.0000000100
0.0000000100
0.0000000100
0.0000000100
0.0000000100
0.0000000100
0.0000000100
0.0000000100
0.0000000100
0.0000000100
0.0000000100
0.0000000100
0.0000000100
0.0000000100
0.0000000100
0.0000000100
0.0000000100
0.0000000100
0.0000000100
0.0000000100
0.0000000100
0.0000000100
0.0000000100
0.0000000100
0.0000000100
0.0000000100
0.0000000100
0.0000000100
0.0000000100
0.0000000100
0.0000000100
0.0000000100
0.0000000100
0.0000000100
0.0000000100
0.0000000100
0.0000000100
0.0000000100
0.0000000100
0.0000000100
0.0000000100
0.0000000100
0.0000000100
0.0000000100
0.0000000100
0.0000000100
0.0000000100
0.0000000100
0.0000000100
0.0000000100
0.0000000100
0.0000000100
0.0000000100
0.0000000100
0.0000000100
0.0000000100
0.0000000100
0.0000000100
0.0000000100
0.0000000100
0.0000000100
0.0000000100
0.0000000100
0.0000000100
0.0000000100
0.0000000100
0.0000000100
0.0000000100
0.0000000100
0.0000000100
0.0000000100
0.0000000100
0.0000000100
0.0000000100
0.0000000100
0.0000000100
0.0000000100
0.0000000100
0.0000000100
0.0000000100
0.0000000100
0.0000000100
0.0000000100
0.0000000100
0.0000000100
0.0000000100
0.0000000100
0.0000000100
0.0000000100
0.0000000100
0.0000000100
0.0000000100
0.0000000100
0.0000000100
0.0000000100
0.0000000100
0.0000000100
0.0000000100
0.0000000100
0.0000000100
0.0000000100
0.0000000100
0.0000000100
0.0000000100
