0.2543096372
0.2564439337
0.2585782302
0.2681004761
0.2740108357
0.2700705960
0.2705631259
0.2700705960
0.2659661796
0.2749958956
0.2991298637
0.2920702676
0.2840256116
0.2905926777
0.2800853719
0.2820554917
0.2920702676
0.2810704318
0.2735183057
0.2676079462
0.2715481858
0.2730257757
0.2725332458
0.2730257757
0.2676079462
0.2715481858
0.2671154162
0.2564439337
0.2571006403
0.2590707601
0.2649811197
0.2730257757
0.2564439337
0.2915777376
0.2615334099
0.2625184699
0.2639960598
0.2735183057
0.2845181415
0.2971597439
0.2966672139
0.2945329174
0.2925627976
0.2850106715
0.2766376621
0.2795928419
0.2705631259
0.2639960598
0.2805779018
0.2805779018
0.2543096372
0.2620259399
0.2600558201
0.2715481858
0.2690855360
0.2725332458
0.2562797570
0.2515186341
0.2562797570
0.2625184699
0.2740108357
0.2810704318
0.2810704318
0.2700705960
0.2891150878
0.2901001478
0.2950254474
0.2956821540
0.3086521097
0.2901001478
0.2795928419
0.2820554917
0.2840256116
0.2830405516
0.2791003119
0.2771301921
0.2500410442
0.2795928419
0.2695780660
0.2564439337
0.2485634543
0.2470858644
0.2781152520
0.2840256116
0.2950254474
0.2991298637
0.3066819898
0.2910852077
0.2720407158
0.2644885897
0.2835330816
0.2705631259
0.2666228862
0.2861599081
0.2840256116
0.2735183057
0.2730257757
0.2654736496
0.2930553275
0.2735183057
0.2595632901
0.2705631259
0.2615334099
0.2525036940
0.2685930061
0.2766376621
0.2805779018
0.2791003119
0.2840256116
0.2840256116
0.2805779018
0.2915777376
0.2649811197
0.2745033656
0.2915777376
0.2901001478
0.2725332458
0.2705631259
0.2700705960
0.2761451322
0.2815629617
0.2754884255
0.2991298637
0.2896076178
0.2590707601
0.2654736496
0.2861599081
0.3152191758
0.3147266459
0.3152191758
0.3196519455
0.3096371696
0.3006074536
0.2920702676
0.2910852077
0.2986373338
0.2925627976
0.2820554917
0.2776227220
0.2695780660
0.2761451322
0.2700705960
0.2676079462
0.2705631259
0.2795928419
0.2676079462
0.2690855360
0.2676079462
0.2639960598
0.2639960598
0.2630109998
0.2644885897
0.2866524380
0.2825480217
0.2735183057
0.2791003119
0.2740108357
0.2766376621
0.3001149237
0.2935478575
0.2920702676
0.2825480217
0.2910852077
0.3030701034
0.2966672139
0.2971597439
0.3030701034
0.3081595797
0.3091446396
0.2901001478
0.2891150878
0.2886225579
0.2871449680
0.2820554917
0.2805779018
0.2810704318
0.2876374979
0.3056969299
0.3045476933
0.2935478575
0.2905926777
0.2861599081
0.2700705960
0.2735183057
0.2766376621
0.2820554917
0.2810704318
0.2815629617
0.2856673781
0.2705631259
0.2625184699
0.2830405516
0.2781152520
0.2905926777
0.2866524380
0.2835330816
0.2715481858
0.2681004761
0.2639960598
0.2649811197
0.2690855360
0.2745033656
0.2891150878
0.2810704318
0.2685930061
0.2635035298
0.2705631259
0.2725332458
0.2881300279
0.2961746840
0.2930553275
0.2935478575
0.2896076178
0.2905926777
0.2810704318
0.2830405516
0.2850106715
0.2866524380
0.2991298637
0.3162042358
0.3096371696
0.3096371696
0.3006074536
0.3020850435
0.2981448038
0.2986373338
0.2950254474
0.2961746840
0.2996223937
0.3001149237
0.2901001478
0.2950254474
0.2910852077
0.2866524380
0.2966672139
0.2956821540
0.3091446396
0.2986373338
0.2986373338
0.3045476933
0.3020850435
0.3030701034
0.2956821540
0.3071745198
0.3101296996
0.3152191758
0.3076670497
0.2966672139
0.2945329174
0.2886225579
0.2935478575
0.3015925135
0.2896076178
0.2810704318
0.2805779018
0.2835330816
0.2881300279
0.2930553275
0.2950254474
0.3191594155
0.3181743556
0.3056969299
0.2896076178
0.2805779018
0.2771301921
0.2735183057
0.2861599081
0.2820554917
0.2740108357
0.2845181415
0.2866524380
0.2825480217
0.2891150878
0.2945329174
0.3096371696
0.2971597439
0.2901001478
0.2845181415
0.2861599081
0.2815629617
0.3030701034
0.3015925135
0.3116072894
0.3076670497
0.3125923494
0.3157117058
0.3081595797
0.3030701034
0.2925627976
0.2920702676
0.2950254474
0.2905926777
0.2910852077
0.2981448038
0.3040551634
0.3010999836
0.2971597439
0.3010999836
0.3010999836
0.2795928419
0.3157117058
0.2935478575
0.2901001478
0.2891150878
0.2871449680
0.2915777376
0.3116072894
0.2930553275
0.3061894599
0.2950254474
0.2981448038
0.2891150878
0.2961746840
0.2950254474
0.2915777376
0.2850106715
0.2850106715
0.2866524380
0.2845181415
0.2666228862
0.2654736496
0.2676079462
0.2786077820
0.2871449680
0.2896076178
0.3045476933
0.3045476933
0.3030701034
0.3111147595
0.2991298637
0.2901001478
0.2901001478
0.2886225579
0.2956821540
0.2910852077
0.2876374979
0.2986373338
0.3211295354
0.3386964374
0.3211295354
0.3071745198
0.2986373338
0.2961746840
0.2991298637
0.3176818256
0.2896076178
0.2896076178
0.3211295354
0.3226071253
0.3135774093
0.3152191758
0.3020850435
0.2950254474
0.2840256116
0.2886225579
0.2940403875
0.3035626334
0.2910852077
0.2820554917
0.2754884255
0.2761451322
0.2761451322
0.2720407158
0.3025775735
0.3135774093
0.2935478575
0.3010999836
0.2835330816
0.2710556559
0.2835330816
0.2700705960
0.2605483500
0.2896076178
0.2901001478
0.2815629617
0.2800853719
0.3235921852
0.3357412576
0.2971597439
0.2845181415
0.2886225579
0.2920702676
0.2776227220
0.2786077820
0.2710556559
0.2745033656
0.2735183057
0.2745033656
0.2815629617
0.2776227220
0.2876374979
0.2866524380
0.2845181415
0.2725332458
0.2676079462
0.2620259399
0.2825480217
0.2850106715
0.2996223937
0.2840256116
0.2945329174
0.2850106715
0.3086521097
0.3091446396
0.3076670497
0.2881300279
0.2886225579
0.2886225579
0.2986373338
0.2920702676
0.2830405516
0.2800853719
0.2749958956
0.2805779018
0.2856673781
0.2815629617
0.2735183057
0.2715481858
0.2639960598
0.2825480217
0.2781152520
0.2659661796
0.2695780660
0.2654736496
0.2690855360
0.2644885897
0.2761451322
0.2745033656
0.2671154162
0.2695780660
0.2554588737
0.2506977508
0.2515186341
0.2745033656
0.2681004761
0.2715481858
0.2850106715
0.2695780660
0.2754884255
0.3045476933
0.3111147595
0.3130848793
0.3091446396
0.2966672139
0.3025775735
0.3030701034
0.2925627976
0.2910852077
0.2925627976
0.2920702676
0.2901001478
0.2901001478
0.2830405516
0.2815629617
0.2840256116
0.2850106715
0.2910852077
0.2905926777
0.2795928419
0.2886225579
0.2930553275
0.2981448038
0.3030701034
0.3015925135
0.3061894599
0.3091446396
0.3061894599
0.3020850435
0.3086521097
0.3101296996
0.3116072894
0.3096371696
0.3081595797
0.3101296996
0.3135774093
0.3061894599
0.3006074536
0.2986373338
0.3096371696
0.2940403875
0.3147266459
0.3152191758
0.3111147595
0.3106222295
0.3272040716
0.3357412576
0.3186668856
0.3125923494
0.3201444755
0.3101296996
0.3111147595
0.3076670497
0.3162042358
0.3272040716
0.3431292070
0.3547857495
0.3272040716
0.3130848793
0.3181743556
0.3171892957
0.3181743556
0.0000000100
0.0000000100
0.0000000100
0.0000000100
0.0000000100
0.0000000100
0.0000000100
0.0000000100
0.0000000100
0.0000000100
0.0000000100
0.0000000100
0.0000000100
0.0000000100
0.0000000100
0.0000000100
0.0000000100
0.0000000100
0.0000000100
0.0000000100
0.0000000100
0.0000000100
0.0000000100
0.0000000100
0.0000000100
0.0000000100
0.0000000100
0.0000000100
0.0000000100
0.0000000100
0.0000000100
0.0000000100
0.0000000100
0.0000000100
0.0000000100
0.0000000100
0.0000000100
0.0000000100
0.0000000100
0.0000000100
0.0000000100
0.0000000100
0.0000000100
0.0000000100
0.0000000100
0.0000000100
0.0000000100
0.0000000100
0.0000000100
0.0000000100
0.0000000100
0.0000000100
0.0000000100
0.0000000100
0.0000000100
0.0000000100
0.0000000100
0.0000000100
0.0000000100
0.0000000100
0.0000000100
0.0000000100
0.0000000100
0.0000000100
0.0000000100
0.0000000100
0.0000000100
0.0000000100
0.0000000100
0.0000000100
0.0000000100
0.0000000100
0.0000000100
0.0000000100
0.0000000100
0.0000000100
0.0000000100
0.0000000100
0.0000000100
0.0000000100
0.0000000100
0.0000000100
0.0000000100
0.0000000100
0.0000000100
0.0000000100
0.0000000100
0.0000000100
0.0000000100
0.0000000100
0.0000000100
0.0000000100
0.0000000100
0.0000000100
0.0000000100
0.0000000100
0.0000000100
0.0000000100
0.0000000100
0.0000000100
0.0000000100
0.0000000100
0.0000000100
0.0000000100
0.0000000100
0.0000000100
0.0000000100
0.0000000100
0.0000000100
0.0000000100
0.0000000100
0.0000000100
0.0000000100
0.0000000100
0.0000000100
0.0000000100
0.0000000100
0.0000000100
0.0000000100
0.0000000100
0.0000000100
0.0000000100
0.0000000100
0.0000000100
0.0000000100
0.0000000100
0.0000000100
0.0000000100
0.0000000100
0.0000000100
0.0000000100
0.0000000100
0.0000000100
0.0000000100
0.0000000100
0.0000000100
0.0000000100
0.0000000100
0.0000000100
0.0000000100
0.0000000100
0.0000000100
0.0000000100
0.0000000100
0.0000000100
0.0000000100
0.0000000100
0.0000000100
0.0000000100
0.0000000100
0.0000000100
0.0000000100
0.0000000100
0.0000000100
0.0000000100
0.0000000100
0.0000000100
0.0000000100
0.0000000100
0.0000000100
0.0000000100
0.0000000100
0.0000000100
0.0000000100
0.0000000100
0.0000000100
0.0000000100
0.0000000100
0.0000000100
0.0000000100
0.0000000100
0.0000000100
0.0000000100
0.0000000100
0.0000000100
0.0000000100
0.0000000100
0.0000000100
0.0000000100
0.0000000100
0.0000000100
0.0000000100
0.0000000100
0.0000000100
0.0000000100
0.0000000100
0.0000000100
0.0000000100
0.0000000100
0.0000000100
0.0000000100
0.0000000100
0.0000000100
0.0000000100
0.0000000100
0.0000000100
0.0000000100
0.0000000100
0.0000000100
0.0000000100
0.0000000100
0.0000000100
0.0000000100
0.0000000100
0.0000000100
0.0000000100
0.0000000100
0.0000000100
0.0000000100
0.0000000100
0.0000000100
0.0000000100
0.0000000100
0.0000000100
0.0000000100
0.0000000100
0.0000000100
0.0000000100
0.0000000100
0.0000000100
0.0000000100
0.0000000100
0.0000000100
0.0000000100
0.0000000100
0.0000000100
0.0000000100
0.0000000100
0.0000000100
0.0000000100
0.0000000100
0.0000000100
0.0000000100
0.0000000100
0.0000000100
0.0000000100
0.0000000100
0.0000000100
0.0000000100
0.0000000100
0.0000000100
0.0000000100
0.0000000100
0.0000000100
0.0000000100
0.0000000100
0.0000000100
0.0000000100
0.0000000100
0.0000000100
0.0000000100
0.0000000100
0.0000000100
0.0000000100
0.0000000100
0.0000000100
0.0000000100
0.0000000100
0.0000000100
0.0000000100
0.0000000100
0.0000000100
0.0000000100
0.0000000100
0.0000000100
0.0000000100
0.0000000100
0.0000000100
0.0000000100
0.0000000100
0.0000000100
0.0000000100
0.0000000100
0.0000000100
0.0000000100
0.0000000100
0.0000000100
0.0000000100
0.0000000100
0.0000000100
0.0000000100
0.0000000100
0.0000000100
0.0000000100
0.0000000100
0.0000000100
0.0000000100
0.0000000100
0.0000000100
0.0000000100
0.0000000100
0.0000000100
0.0000000100
0.0000000100
0.0000000100
0.0000000100
0.0000000100
0.0000000100
0.0000000100
0.0000000100
0.0000000100
0.0000000100
0.0000000100
0.0000000100
0.0000000100
0.0000000100
0.0000000100
0.0000000100
0.0000000100
0.0000000100
0.0000000100
0.0000000100
0.0000000100
0.0000000100
0.0000000100
0.0000000100
0.0000000100
0.0000000100
0.0000000100
0.0000000100
0.0000000100
0.0000000100
0.0000000100
0.0000000100
0.0000000100
0.0000000100
0.0000000100
0.0000000100
0.0000000100
0.0000000100
0.0000000100
0.0000000100
0.0000000100
0.0000000100
0.0000000100
0.0000000100
0.0000000100
0.0000000100
0.0000000100
0.0000000100
0.0000000100
0.0000000100
0.0000000100
0.0000000100
0.0000000100
0.0000000100
0.0000000100
0.0000000100
0.0000000100
0.0000000100
0.0000000100
0.0000000100
0.0000000100
0.0000000100
0.0000000100
0.0000000100
0.0000000100
0.0000000100
0.0000000100
0.0000000100
0.0000000100
0.0000000100
0.0000000100
0.0000000100
0.0000000100
0.0000000100
0.0000000100
0.0000000100
0.0000000100
