0.0825066667
0.0914666667
0.0952000000
0.0885333333
0.0848000000
0.0882133333
0.0844800000
0.0888533333
0.0820266667
0.0870933333
0.0942400000
0.0826666667
0.0859200000
0.0836800000
0.0877333333
0.0804800000
0.0765866667
0.0836800000
0.0844800000
0.0814400000
0.0885333333
0.0849600000
0.0862400000
0.0866133333
0.0854400000
0.0790933333
0.0823466667
0.0877333333
0.0821333333
0.0821333333
0.0775466667
0.0711466667
0.0719466667
0.0777066667
0.0823466667
0.0735466667
0.0677866667
0.0629866667
0.0685866667
0.0678933333
0.0636266667
0.0609600000
0.0606933333
0.0555200000
0.0589333333
0.0493973333
0.0511893333
0.0505386667
0.0469546667
0.0494773333
0.0422346667
0.0437013333
0.0391840000
0.0396746667
0.0379626667
0.0361760000
0.0327946667
0.0324320000
0.0318613333
0.0327573333
0.0288480000
0.0265280000
0.0256373333
0.0200213333
0.0240053333
0.0199360000
0.0215253333
0.0207306667
0.0170880000
0.0166826667
0.0172106667
0.0169066667
0.0144053333
0.0113920000
0.0154826667
0.0122880000
0.0134293333
0.0111893333
0.0137920000
0.0111680000
0.0105813333
0.0098186667
0.0136320000
0.0137760000
0.0117600000
0.0129386667
0.0115360000
0.0129173333
0.0121066667
0.0102346667
0.0109653333
0.0111680000
0.0118026667
0.0099893333
0.0085653333
0.0095200000
0.0094720000
0.0085226667
0.0110080000
0.0075786667
0.0062560000
0.0080160000
0.0084426667
0.0081386667
0.0086986667
0.0090560000
0.0086773333
0.0093173333
0.0061440000
0.0061760000
0.0067840000
0.0070986667
0.0077493333
0.0092053333
0.0080746667
0.0073973333
0.0070400000
0.0060000000
0.0088906667
0.0072106667
0.0081066667
0.0089440000
0.0088693333
0.0092160000
0.0117386667
0.0109440000
0.0108426667
0.0098986667
0.0102826667
0.0098453333
0.0112533333
0.0097226667
0.0124906667
0.0129386667
0.0122880000
0.0123520000
0.0149120000
0.0144853333
0.0152000000
0.0149333333
0.0160533333
0.0154240000
0.0145066667
0.0148746667
0.0135680000
0.0134666667
0.0129600000
0.0171893333
0.0163360000
0.0199360000
0.0220160000
0.0199200000
0.0207306667
0.0221760000
0.0222986667
0.0236000000
0.0203680000
0.0232746667
0.0215253333
0.0253066667
0.0349546667
0.0478506667
0.0475253333
0.0477706667
0.0508640000
0.0556800000
0.0550933333
0.0553600000
0.0620800000
0.0608533333
0.0582933333
0.0610133333
0.0608000000
0.0646933333
0.0663466667
0.0656000000
0.0722666667
0.0679466667
0.0733333333
0.0685333333
0.0730133333
0.0705600000
0.0749333333
0.0817066667
0.0758400000
0.0844800000
0.0782933333
0.0716266667
0.0752533333
0.0718400000
0.0766400000
0.0785066667
0.0735466667
0.0758400000
0.0725333333
0.0775466667
0.0777066667
0.0812266667
0.0869333333
0.0821866667
0.0864000000
0.0811200000
0.0854400000
0.0824533333
0.0807466667
0.0880533333
0.0869333333
0.0922666667
0.0922666667
0.0962133333
0.0919466667
0.0982933333
0.0976533333
0.1017066667
0.0929600000
0.1025600000
0.0966933333
0.0989333333
0.1113066667
0.1108266667
0.1118400000
0.1139200000
0.1126400000
0.1036800000
0.0962133333
0.1451733333
0.2480533333
0.2708266667
0.2627200000
0.2711466667
0.2252800000
0.1205866667
0.0807466667
0.0778133333
0.0728533333
0.0764266667
0.0836800000
0.0777066667
0.0789333333
0.0805866667
0.0725333333
0.0773333333
0.0726933333
0.0744000000
0.0806400000
0.0721600000
0.0750400000
0.0792533333
0.0785066667
0.0787200000
0.0779733333
0.0808000000
0.0752533333
0.0739733333
0.0747733333
0.0780266667
0.0800533333
0.0846400000
0.0811200000
0.0790400000
0.0833066667
0.0814400000
0.0830933333
0.0835200000
0.0796800000
0.0747733333
0.0753600000
0.0755200000
0.0809600000
0.0836800000
0.0783466667
0.0789333333
0.0820266667
0.0821333333
0.0898666667
0.0908266667
0.0821333333
0.0891733333
0.0860800000
0.0955200000
0.0986133333
0.0968533333
0.0905066667
0.1009066667
0.1001066667
0.0984533333
0.1028800000
0.1010666667
0.0921066667
0.1036800000
0.1007466667
0.0966933333
0.0978133333
0.1028800000
0.1025600000
0.1092266667
0.1108266667
0.1158933333
0.1124800000
0.1121600000
0.1106666667
0.1087466667
0.1085866667
0.1162133333
0.1113066667
0.1131200000
0.1114666667
0.1106666667
0.1105066667
0.1078933333
0.1158933333
0.1075733333
0.1033600000
0.1036800000
0.0962133333
0.0952000000
0.0925866667
0.0901866667
0.0922666667
0.0875733333
0.0870933333
0.0774933333
0.0809600000
0.0803200000
0.0707200000
0.0692800000
0.0665066667
0.0640533333
0.0651200000
0.0708266667
0.0626666667
0.0633066667
0.0595733333
0.0596266667
0.0534933333
0.0511893333
0.0476053333
0.0445973333
0.0478506667
0.0456533333
0.0454080000
0.0454080000
0.0415466667
0.0381653333
0.0365386667
0.0344213333
0.0324320000
0.0303946667
0.0303146667
0.0284000000
0.0259200000
0.0247786667
0.0215253333
0.0223786667
0.0189600000
0.0188800000
0.0164800000
0.0191840000
0.0168480000
0.0149760000
0.0142613333
0.0165013333
0.0138346667
0.0135680000
0.0130026667
0.0146506667
0.0146880000
0.0129173333
0.0118826667
0.0143840000
0.0146293333
0.0101920000
0.0127146667
0.0099466667
0.0118400000
0.0109066667
0.0118026667
0.0105813333
0.0121440000
0.0103040000
0.0115946667
0.0107626667
0.0108426667
0.0090240000
0.0109653333
0.0096106667
0.0091946667
0.0082186667
0.0085973333
0.0081066667
0.0091840000
0.0080160000
0.0078453333
0.0083840000
0.0085653333
0.0091253333
0.0066240000
0.0062986667
0.0061866667
0.0007578667
0.0006512000
0.0018261333
0.0027616000
0.0067360000
0.0080373333
0.0079840000
0.0090560000
0.0085546667
0.0052997333
0.0046896000
0.0090240000
0.0060640000
0.0085066667
0.0067146667
0.0062666667
0.0078133333
0.0058773333
0.0088106667
0.0110080000
0.0100106667
0.0070400000
0.0138773333
0.0116373333
0.0113546667
0.0124320000
0.0113333333
0.0108053333
0.0116800000
0.0117813333
0.0132426667
0.0149120000
0.0124906667
0.0158506667
0.0136906667
0.0168853333
0.0172533333
0.0156640000
0.0132266667
0.0155840000
0.0158506667
0.0157493333
0.0170080000
0.0167413333
0.0222560000
0.0213226667
0.0201813333
0.0191626667
0.0209973333
0.0190826667
0.0212800000
0.0231946667
0.0236000000
0.0240906667
0.0289706667
0.0273013333
0.0270613333
0.0268960000
0.0292960000
0.0310080000
0.0338133333
0.0338933333
0.0336106667
0.0331200000
0.0378026667
0.0346293333
0.0339360000
0.0374346667
0.0364586667
0.0361333333
0.0362560000
0.0364160000
0.0361760000
0.0359306667
0.0377173333
0.0347893333
0.0346666667
0.0398346667
0.0349920000
0.0404053333
0.0443520000
0.0371093333
0.0389013333
0.0407306667
0.0482560000
0.0419946667
0.0422346667
0.0415840000
0.0441920000
0.0423200000
0.0428053333
0.0428853333
0.0463893333
0.0433760000
0.0462240000
0.0492373333
0.0442720000
0.0494773333
0.0481760000
0.0482560000
0.0547733333
0.0466293333
0.0480960000
0.0000000100
0.0000000100
0.0000000100
0.0000000100
0.0000000100
0.0000000100
0.0000000100
0.0000000100
0.0000000100
0.0000000100
0.0000000100
0.0000000100
0.0000000100
0.0000000100
0.0000000100
0.0000000100
0.0000000100
0.0000000100
0.0000000100
0.0000000100
0.0000000100
0.0000000100
0.0000000100
0.0000000100
0.0000000100
0.0000000100
0.0000000100
0.0000000100
0.0000000100
0.0000000100
0.0000000100
0.0000000100
0.0000000100
0.0000000100
0.0000000100
0.0000000100
0.0000000100
0.0000000100
0.0000000100
0.0000000100
0.0000000100
0.0000000100
0.0000000100
0.0000000100
0.0000000100
0.0000000100
0.0000000100
0.0000000100
0.0000000100
0.0000000100
0.0000000100
0.0000000100
0.0000000100
0.0000000100
0.0000000100
0.0000000100
0.0000000100
0.0000000100
0.0000000100
0.0000000100
0.0000000100
0.0000000100
0.0000000100
0.0000000100
0.0000000100
0.0000000100
0.0000000100
0.0000000100
0.0000000100
0.0000000100
0.0000000100
0.0000000100
0.0000000100
0.0000000100
0.0000000100
0.0000000100
0.0000000100
0.0000000100
0.0000000100
0.0000000100
0.0000000100
0.0000000100
0.0000000100
0.0000000100
0.0000000100
0.0000000100
0.0000000100
0.0000000100
0.0000000100
0.0000000100
0.0000000100
0.0000000100
0.0000000100
0.0000000100
0.0000000100
0.0000000100
0.0000000100
0.0000000100
0.0000000100
0.0000000100
0.0000000100
0.0000000100
0.0000000100
0.0000000100
0.0000000100
0.0000000100
0.0000000100
0.0000000100
0.0000000100
0.0000000100
0.0000000100
0.0000000100
0.0000000100
0.0000000100
0.0000000100
0.0000000100
0.0000000100
0.0000000100
0.0000000100
0.0000000100
0.0000000100
0.0000000100
0.0000000100
0.0000000100
0.0000000100
0.0000000100
0.0000000100
0.0000000100
0.0000000100
0.0000000100
0.0000000100
0.0000000100
0.0000000100
0.0000000100
0.0000000100
0.0000000100
0.0000000100
0.0000000100
0.0000000100
0.0000000100
0.0000000100
0.0000000100
0.0000000100
0.0000000100
0.0000000100
0.0000000100
0.0000000100
0.0000000100
0.0000000100
0.0000000100
0.0000000100
0.0000000100
0.0000000100
0.0000000100
0.0000000100
0.0000000100
0.0000000100
0.0000000100
0.0000000100
0.0000000100
0.0000000100
0.0000000100
0.0000000100
0.0000000100
0.0000000100
0.0000000100
0.0000000100
0.0000000100
0.0000000100
0.0000000100
0.0000000100
0.0000000100
0.0000000100
0.0000000100
0.0000000100
0.0000000100
0.0000000100
0.0000000100
0.0000000100
0.0000000100
0.0000000100
0.0000000100
0.0000000100
0.0000000100
0.0000000100
0.0000000100
0.0000000100
0.0000000100
0.0000000100
0.0000000100
0.0000000100
0.0000000100
0.0000000100
0.0000000100
0.0000000100
0.0000000100
0.0000000100
0.0000000100
0.0000000100
0.0000000100
0.0000000100
0.0000000100
0.0000000100
0.0000000100
0.0000000100
0.0000000100
0.0000000100
0.0000000100
0.0000000100
0.0000000100
0.0000000100
0.0000000100
0.0000000100
0.0000000100
0.0000000100
0.0000000100
0.0000000100
0.0000000100
0.0000000100
0.0000000100
0.0000000100
0.0000000100
0.0000000100
0.0000000100
0.0000000100
0.0000000100
0.0000000100
0.0000000100
0.0000000100
0.0000000100
0.0000000100
0.0000000100
0.0000000100
0.0000000100
0.0000000100
0.0000000100
0.0000000100
0.0000000100
0.0000000100
0.0000000100
0.0000000100
0.0000000100
0.0000000100
0.0000000100
0.0000000100
0.0000000100
0.0000000100
0.0000000100
0.0000000100
0.0000000100
0.0000000100
0.0000000100
0.0000000100
0.0000000100
0.0000000100
0.0000000100
0.0000000100
0.0000000100
0.0000000100
0.0000000100
0.0000000100
0.0000000100
0.0000000100
0.0000000100
0.0000000100
0.0000000100
0.0000000100
0.0000000100
0.0000000100
0.0000000100
0.0000000100
0.0000000100
0.0000000100
0.0000000100
0.0000000100
0.0000000100
0.0000000100
0.0000000100
0.0000000100
0.0000000100
0.0000000100
0.0000000100
0.0000000100
0.0000000100
0.0000000100
0.0000000100
0.0000000100
0.0000000100
0.0000000100
0.0000000100
0.0000000100
0.0000000100
0.0000000100
0.0000000100
0.0000000100
0.0000000100
0.0000000100
0.0000000100
0.0000000100
0.0000000100
0.0000000100
0.0000000100
0.0000000100
0.0000000100
0.0000000100
0.0000000100
0.0000000100
0.0000000100
0.0000000100
0.0000000100
0.0000000100
0.0000000100
0.0000000100
0.0000000100
0.0000000100
0.0000000100
0.0000000100
0.0000000100
0.0000000100
0.0000000100
0.0000000100
0.0000000100
0.0000000100
0.0000000100
0.0000000100
0.0000000100
0.0000000100
0.0000000100
0.0000000100
0.0000000100
0.0000000100
0.0000000100
0.0000000100
0.0000000100
0.0000000100
0.0000000100
0.0000000100
0.0000000100
0.0000000100
0.0000000100
0.0000000100
0.0000000100
0.0000000100
0.0000000100
0.0000000100
0.0000000100
0.0000000100
0.0000000100
0.0000000100
0.0000000100
0.0000000100
0.0000000100
0.0000000100
0.0000000100
0.0000000100
0.0000000100
0.0000000100
0.0000000100
0.0000000100
0.0000000100
0.0000000100
0.0000000100
0.0000000100
0.0000000100
0.0000000100
0.0000000100
0.0000000100
0.0000000100
