0.9348899266
1.0000000000
0.9902601734
0.9396931288
0.9315543696
0.8843228819
0.9186124083
0.9071380921
0.9218145430
0.9430286858
0.8989993329
0.9234156104
0.8941961308
0.9364909940
0.9380920614
0.8876584390
0.8420280187
0.9561040694
1.0000000000
0.9332888592
0.9120747165
0.9120747165
0.8941961308
0.9006004003
0.8338892595
0.9299533022
0.8469646431
0.8452301534
0.8567044696
0.8957971981
0.8420280187
0.8370913943
0.7890593729
0.7753168779
0.7915943963
0.8388258839
0.7777184790
0.7418278853
0.7809206137
0.6539026017
0.6286857905
0.6441627752
0.6352234823
0.6376250834
0.6286857905
0.6132088059
0.6066711141
0.6026684456
0.6336224149
0.6669779853
0.7199466311
0.7035356905
0.7336891261
0.7223482322
0.7100733823
0.6937958639
0.7100733823
0.7207471648
0.6971314209
0.6693795864
0.6572381588
0.6824549700
0.6132088059
0.6572381588
0.6205470314
0.6417611741
0.5919946631
0.5358238826
0.5032688459
0.5236824550
0.5032688459
0.5187458306
0.4901934623
0.5130086724
0.5114076051
0.5187458306
0.5570380254
0.5749166111
0.1164509673
0.0902868579
0.1877251501
0.8533689126
0.8013342228
0.7817211474
0.7793195464
0.7646430954
0.7727818546
0.8102735157
0.8005336891
0.7410273516
0.6864576384
0.6481654436
0.6743162108
0.6392261508
0.6278852568
0.7084723149
0.6791194129
0.7435623749
0.7679786524
0.8126751167
0.7931954636
0.8184122748
0.8118745831
0.8729819880
0.8176117412
0.8420280187
0.7907938626
0.8029352902
0.8094729820
0.8005336891
0.8045363576
0.8452301534
0.9430286858
0.7743829219
0.7158105404
0.7076717812
0.7549032688
0.7727818546
0.7630420280
0.7630420280
0.7288859239
0.8102735157
0.7378252168
0.8045363576
0.8551034023
0.8632421614
0.8501667779
0.7630420280
0.7719813209
0.8388258839
0.7695797198
0.7769179453
0.7963975984
0.9511674450
0.7394262842
0.7134089393
0.7296864576
0.6759172782
0.6751167445
0.6987324883
0.7207471648
0.8404269513
0.8330887258
0.7825216811
0.8118745831
0.9234156104
0.7435623749
0.7882588392
0.7834556371
0.8029352902
0.7971981321
0.7467645097
0.6799199466
0.6709806538
0.8070713809
0.7288859239
0.7344896598
0.9088725817
0.8436290861
0.7638425617
0.7320880587
0.6864576384
0.7312875250
0.7108739159
0.7215476985
0.6767178119
0.7687791861
0.6921947965
0.7296864576
0.8729819880
0.8370913943
0.7923949300
0.7671781187
0.7858572382
0.8061374249
0.8216144096
0.9315543696
0.7378252168
0.7785190127
0.7743829219
0.7997331554
0.7890593729
0.9787858572
0.9039359573
0.9006004003
0.8892595063
0.9380920614
0.9055370247
0.9478318879
0.9006004003
0.8811207472
0.8045363576
0.7931954636
0.8126751167
0.7882588392
0.8126751167
0.8436290861
0.7662441628
0.8265510340
0.8225483656
0.8200133422
0.8126751167
0.8102735157
0.7955970647
0.8078719146
0.8452301534
0.8144096064
0.8126751167
0.7557038025
0.9088725817
0.9088725817
0.9202134757
0.8973982655
0.8354903269
0.8241494330
0.8314876584
0.8322881921
0.7882588392
0.7743829219
0.7939959973
0.8078719146
0.8053368913
0.7997331554
0.8110740494
0.8021347565
0.8168112075
0.8330887258
0.8070713809
0.8941961308
0.8533689126
0.8420280187
0.8257505003
0.8697798532
0.9234156104
0.9364909940
0.9380920614
0.8517678452
0.7850567045
0.7947965310
0.7435623749
0.7695797198
0.7557038025
0.7817211474
0.7402268179
0.7646430954
0.7817211474
0.7394262842
0.7695797198
0.7695797198
0.7842561708
0.7589059373
0.7719813209
0.7410273516
0.7866577718
0.8745830554
0.8452301534
0.8102735157
0.8533689126
0.7939959973
0.7842561708
0.8436290861
0.7239492995
0.7931954636
0.8029352902
0.7947965310
0.8322881921
0.7907938626
0.8144096064
0.8094729820
0.7923949300
0.8078719146
0.8200133422
0.8225483656
0.8404269513
0.8370913943
0.8160106738
0.7711807872
0.7834556371
0.7727818546
0.8469646431
0.8233488993
0.7793195464
0.8102735157
0.7753168779
0.8037358239
0.7630420280
0.8029352902
0.7963975984
0.7971981321
0.7426284189
0.7654436291
0.8126751167
0.7777184790
0.7598398933
0.7386257505
0.7735823883
0.7939959973
0.7817211474
0.7939959973
0.7638425617
0.7116744496
0.7378252168
0.7842561708
0.7687791861
0.7866577718
0.7866577718
0.7475650434
0.7735823883
0.8168112075
0.8045363576
0.7614409606
0.7215476985
0.7271514343
0.7166110740
0.7076717812
0.7352901935
0.7296864576
0.6987324883
0.7044696464
0.6457638426
0.6473649099
0.6465643763
0.6336224149
0.6507004670
0.5594396264
0.6189459640
0.6832555037
0.6913942628
0.6278852568
0.6172114743
0.6229486324
0.6352234823
0.6197464977
0.7158105404
0.6400266845
0.6286857905
0.5927951968
0.5683789193
0.5610406938
0.5455637091
0.5529019346
0.5691794530
0.5635757171
0.5627751835
0.5781187458
0.5439626418
0.5334222815
0.5496997999
0.4927284857
0.5163442295
0.4641761174
0.4951300867
0.4747164777
0.4901934623
0.4919279520
0.4901934623
0.4853902602
0.4796531021
0.4381587725
0.4308205470
0.4478985991
0.4210807205
0.4282855237
0.4381587725
0.3990660440
0.3476984656
0.1371581054
0.0914076051
0.0902868579
0.0914076051
0.5699799867
0.7630420280
0.8094729820
0.7312875250
0.7362241494
0.7271514343
0.6979319546
0.7654436291
0.7223482322
0.7271514343
0.7263509006
0.7035356905
0.6872581721
0.6872581721
0.7092728486
0.7092728486
0.6963308873
0.7271514343
0.6580386925
0.6254836558
0.6515010007
0.6531020680
0.6824549700
0.7296864576
0.7817211474
0.7638425617
0.7288859239
0.7199466311
0.7108739159
0.7483655771
0.7727818546
0.8436290861
0.8110740494
0.7793195464
0.7662441628
0.8388258839
0.7271514343
0.7166110740
0.7060707138
0.7533022015
0.7842561708
0.6971314209
0.6816544363
0.6987324883
0.7239492995
0.6824549700
0.7027351568
0.7084723149
0.6897931955
0.7239492995
0.6929953302
0.6783188793
0.7223482322
0.7402268179
0.7630420280
0.7483655771
0.7541027352
0.6963308873
0.7027351568
0.7695797198
0.7825216811
0.7735823883
0.7541027352
0.8664442962
0.8281521014
0.7850567045
0.2887258172
0.0944629753
0.0944629753
0.7231487658
0.6245496998
0.6775183456
0.6588392262
0.6449633089
0.7011340894
0.6775183456
0.7549032688
0.6872581721
0.6751167445
0.6490993996
0.6425617078
0.5919946631
0.5887925284
0.5790527018
0.6001334223
0.6498999333
0.6376250834
0.6376250834
0.6108072048
0.6229486324
0.6189459640
0.6433622415
0.6669779853
0.6523015344
0.6735156771
0.6539026017
0.7517011341
0.6799199466
0.6636424283
0.7060707138
0.7223482322
0.7044696464
0.7126084056
0.7533022015
0.7483655771
0.7459639760
0.6945963976
0.7743829219
0.7344896598
0.7296864576
0.7199466311
0.7362241494
0.8061374249
0.7557038025
0.7060707138
0.6727151434
0.7402268179
0.7695797198
0.7971981321
0.8265510340
0.8233488993
0.8388258839
0.8697798532
0.9104736491
0.7753168779
0.8388258839
0.7931954636
0.7874583055
0.7769179453
0.7622414943
0.7997331554
0.7769179453
0.0000000100
0.0000000100
0.0000000100
0.0000000100
0.0000000100
0.0000000100
0.0000000100
0.0000000100
0.0000000100
0.0000000100
0.0000000100
0.0000000100
0.0000000100
0.0000000100
0.0000000100
0.0000000100
0.0000000100
0.0000000100
0.0000000100
0.0000000100
0.0000000100
0.0000000100
0.0000000100
0.0000000100
0.0000000100
0.0000000100
0.0000000100
0.0000000100
0.0000000100
0.0000000100
0.0000000100
0.0000000100
0.0000000100
0.0000000100
0.0000000100
0.0000000100
0.0000000100
0.0000000100
0.0000000100
0.0000000100
0.0000000100
0.0000000100
0.0000000100
0.0000000100
0.0000000100
0.0000000100
0.0000000100
0.0000000100
0.0000000100
0.0000000100
0.0000000100
0.0000000100
0.0000000100
0.0000000100
0.0000000100
0.0000000100
0.0000000100
0.0000000100
0.0000000100
0.0000000100
0.0000000100
0.0000000100
0.0000000100
0.0000000100
0.0000000100
0.0000000100
0.0000000100
0.0000000100
0.0000000100
0.0000000100
0.0000000100
0.0000000100
0.0000000100
0.0000000100
0.0000000100
0.0000000100
0.0000000100
0.0000000100
0.0000000100
0.0000000100
0.0000000100
0.0000000100
0.0000000100
0.0000000100
0.0000000100
0.0000000100
0.0000000100
0.0000000100
0.0000000100
0.0000000100
0.0000000100
0.0000000100
0.0000000100
0.0000000100
0.0000000100
0.0000000100
0.0000000100
0.0000000100
0.0000000100
0.0000000100
0.0000000100
0.0000000100
0.0000000100
0.0000000100
0.0000000100
0.0000000100
0.0000000100
0.0000000100
0.0000000100
0.0000000100
0.0000000100
0.0000000100
0.0000000100
0.0000000100
0.0000000100
0.0000000100
0.0000000100
0.0000000100
0.0000000100
0.0000000100
0.0000000100
0.0000000100
0.0000000100
0.0000000100
0.0000000100
0.0000000100
0.0000000100
0.0000000100
0.0000000100
0.0000000100
0.0000000100
0.0000000100
0.0000000100
0.0000000100
0.0000000100
0.0000000100
0.0000000100
0.0000000100
0.0000000100
0.0000000100
0.0000000100
0.0000000100
0.0000000100
0.0000000100
0.0000000100
0.0000000100
0.0000000100
0.0000000100
0.0000000100
0.0000000100
0.0000000100
0.0000000100
0.0000000100
0.0000000100
0.0000000100
0.0000000100
0.0000000100
0.0000000100
0.0000000100
0.0000000100
0.0000000100
0.0000000100
0.0000000100
0.0000000100
0.0000000100
0.0000000100
0.0000000100
0.0000000100
0.0000000100
0.0000000100
0.0000000100
0.0000000100
0.0000000100
0.0000000100
0.0000000100
0.0000000100
0.0000000100
0.0000000100
0.0000000100
0.0000000100
0.0000000100
0.0000000100
0.0000000100
0.0000000100
0.0000000100
0.0000000100
0.0000000100
0.0000000100
0.0000000100
0.0000000100
0.0000000100
0.0000000100
0.0000000100
0.0000000100
0.0000000100
0.0000000100
0.0000000100
0.0000000100
0.0000000100
0.0000000100
0.0000000100
0.0000000100
0.0000000100
0.0000000100
0.0000000100
0.0000000100
0.0000000100
0.0000000100
0.0000000100
0.0000000100
0.0000000100
0.0000000100
0.0000000100
0.0000000100
0.0000000100
0.0000000100
0.0000000100
0.0000000100
0.0000000100
0.0000000100
0.0000000100
0.0000000100
0.0000000100
0.0000000100
0.0000000100
0.0000000100
0.0000000100
0.0000000100
0.0000000100
0.0000000100
0.0000000100
0.0000000100
0.0000000100
0.0000000100
0.0000000100
0.0000000100
0.0000000100
0.0000000100
0.0000000100
0.0000000100
0.0000000100
0.0000000100
0.0000000100
0.0000000100
0.0000000100
0.0000000100
0.0000000100
0.0000000100
0.0000000100
0.0000000100
0.0000000100
0.0000000100
0.0000000100
0.0000000100
0.0000000100
0.0000000100
0.0000000100
0.0000000100
0.0000000100
0.0000000100
0.0000000100
0.0000000100
0.0000000100
0.0000000100
0.0000000100
0.0000000100
0.0000000100
0.0000000100
0.0000000100
0.0000000100
0.0000000100
0.0000000100
0.0000000100
0.0000000100
0.0000000100
0.0000000100
0.0000000100
0.0000000100
0.0000000100
0.0000000100
0.0000000100
0.0000000100
0.0000000100
0.0000000100
0.0000000100
0.0000000100
0.0000000100
0.0000000100
0.0000000100
0.0000000100
0.0000000100
0.0000000100
0.0000000100
0.0000000100
0.0000000100
0.0000000100
0.0000000100
0.0000000100
0.0000000100
0.0000000100
0.0000000100
0.0000000100
0.0000000100
0.0000000100
0.0000000100
0.0000000100
0.0000000100
0.0000000100
0.0000000100
0.0000000100
0.0000000100
0.0000000100
0.0000000100
0.0000000100
0.0000000100
0.0000000100
0.0000000100
0.0000000100
0.0000000100
0.0000000100
0.0000000100
0.0000000100
0.0000000100
0.0000000100
0.0000000100
0.0000000100
0.0000000100
0.0000000100
0.0000000100
0.0000000100
0.0000000100
0.0000000100
0.0000000100
0.0000000100
0.0000000100
0.0000000100
0.0000000100
0.0000000100
0.0000000100
0.0000000100
0.0000000100
0.0000000100
0.0000000100
0.0000000100
0.0000000100
0.0000000100
0.0000000100
0.0000000100
0.0000000100
0.0000000100
0.0000000100
0.0000000100
0.0000000100
0.0000000100
0.0000000100
0.0000000100
0.0000000100
0.0000000100
0.0000000100
0.0000000100
0.0000000100
0.0000000100
0.0000000100
0.0000000100
0.0000000100
0.0000000100
0.0000000100
0.0000000100
