0.4351104341
0.4364813404
0.3942117289
0.4472201066
0.3918507235
0.5290175171
0.4908606245
0.5150799695
0.4225437928
0.4853008378
0.4472201066
0.5308453922
0.4160700685
0.4695354151
0.4383853770
0.5020563595
0.4150799695
0.4536938309
0.4035034273
0.4634424981
0.4601675552
0.5215536938
0.4508758568
0.5001523229
0.4466869764
0.4806549886
0.4137090632
0.4351104341
0.3862909368
0.4271896420
0.4030464585
0.5094440213
0.4192688500
0.4704493526
0.4057882711
0.4481340442
0.4095201828
0.4462300076
0.4448591013
0.5364051790
0.4643564356
0.4927646611
0.4504188880
0.4927646611
0.4434881950
0.4992383854
0.4360243717
0.4890327494
0.4178979436
0.4797410510
0.4109672506
0.4499619193
0.4044173648
0.4643564356
0.4081492765
0.4722772277
0.3923076923
0.4397562833
0.3769992384
0.4188118812
0.3760853008
0.4402132521
0.4156130998
0.4843869002
0.3741812643
0.4202589490
0.3816450876
0.4160700685
0.3667936024
0.4188118812
0.3867479056
0.4346534653
0.3560548363
0.4035034273
0.3314546839
0.3867479056
0.3560548363
0.4258187357
0.3663366337
0.4276466108
0.3551408987
0.4109672506
0.3533130236
0.3867479056
0.3323686215
0.3876618431
0.3328255903
0.4156130998
0.3393754760
0.3802741813
0.3555978675
0.3918507235
0.3021325209
0.3876618431
0.3421172887
0.4313785225
0.3821020564
0.4415841584
0.3709824829
0.4341964966
0.3686214775
0.4495049505
0.3728103580
0.4392993145
0.3667936024
0.4104341203
0.3709824829
0.4495049505
0.3918507235
0.4434881950
0.3798172125
0.4638994669
0.3895658797
0.4150799695
0.3741812643
0.4216298553
0.3658035034
0.4099771516
0.3825590251
0.4667174410
0.3984006093
0.4327494288
0.3913937548
0.4466869764
0.3840060929
0.4249047982
0.3695354151
0.5261995430
0.4778370145
0.5327494288
0.4843869002
0.4834729627
0.3964965727
0.4555217060
0.4123381569
0.4625285605
0.5215536938
0.5011424219
0.4476770754
0.4527798934
0.4499619193
0.4736481340
0.4676313785
0.4936785986
0.4425742574
0.5067022087
0.4327494288
0.5020563595
0.4727341965
0.5271134806
0.4871287129
0.4908606245
0.4731911653
0.5234577304
0.5699162224
0.5717440975
0.4746382331
0.4955064737
0.4853008378
0.5178217822
0.4411271896
0.4806549886
0.4532368621
0.5169078446
0.4741812643
0.5224676314
0.4815689261
0.6545316070
0.6284843869
0.6033511043
0.5392231531
0.5968773800
0.5597105864
0.6201066260
0.5745620716
0.6368621478
0.5884996192
0.6647372430
0.5717440975
0.6210205636
0.5903274943
0.6322162986
0.6117288652
0.6722010663
0.6405940594
0.6981721249
0.6349581112
0.6433358720
0.5968773800
0.6591774562
0.5754760091
0.6396039604
0.6247524752
0.6340441736
0.6079969535
0.7093678599
0.6498857578
0.6842345773
0.6359482102
0.6684691546
0.6201066260
0.6629093679
0.6229246002
0.6777608530
0.5977913176
0.6470677837
0.5810357959
0.6293983244
0.6359482102
0.6498857578
0.5717440975
0.5773800457
0.5754760091
0.6405940594
0.5931454684
0.7354150800
0.7130997715
0.7047220107
0.6795887281
0.7760853008
0.7223914699
0.7558263519
0.6888804265
0.7381568926
0.6898705255
0.7549124143
0.7075399848
0.7722772277
0.7084539223
0.7520944402
0.6954303123
0.7381568926
0.7158415842
0.7149276466
0.7140137091
0.7093678599
0.6898705255
0.7168316832
0.6898705255
0.7381568926
0.6945163747
0.7511805027
0.6740289414
0.7279512567
0.6266565118
0.6052551409
0.5838537700
0.6006092917
0.5522467631
0.5057882711
0.6145468393
0.6405940594
0.5931454684
0.6108149276
0.5829398324
0.6015232292
0.5447829398
0.5466869764
0.5345773039
0.5875856816
0.5606245240
0.5968773800
0.5540746382
0.5801218583
0.5438690023
0.5820258949
0.5047981721
0.5540746382
0.5364051790
0.5597105864
0.5299314547
0.5643564356
0.5364051790
0.5438690023
0.5085300838
0.5670982483
0.5420411272
0.5717440975
0.5578065499
0.5820258949
0.5513328256
0.5624523991
0.5494287890
0.5364051790
0.5243716679
0.5485148515
0.5578065499
0.5977913176
0.5531607007
0.5513328256
0.5038842346
0.5522467631
0.5150799695
0.5466869764
0.5029702970
0.5597105864
0.5485148515
0.6461538462
0.6154607768
0.6377760853
0.5308453922
0.5466869764
0.4881188119
0.5234577304
0.4788271135
0.5754760091
0.5410510282
0.5690022848
0.4797410510
0.5169078446
0.4709063214
0.5076161462
0.5076161462
0.5178217822
0.5076161462
0.5587204874
0.5122619954
0.5401370906
0.5150799695
0.5597105864
0.4881188119
0.5131759330
0.4550647372
0.4760091394
0.4769230769
0.5178217822
0.4699923839
0.5104341203
0.4629855293
0.4769230769
0.4160700685
0.4355674029
0.4481340442
0.4806549886
0.4402132521
0.4453160701
0.4258187357
0.4806549886
0.4402132521
0.4444021325
0.4076923077
0.4578827113
0.4285605484
0.4406702209
0.3997715156
0.4322924600
0.3904798172
0.4239146992
0.4090632140
0.4560548363
0.3951256664
0.3876618431
0.3723533892
0.4183549124
0.3942117289
0.4583396801
0.4011424219
0.4769230769
0.3895658797
0.4178979436
0.3867479056
0.4053313024
0.3482102056
0.4086062452
0.3904798172
0.4634424981
0.4095201828
0.4192688500
0.3881188119
0.4192688500
0.3900228484
0.3876618431
0.3969535415
0.4281035796
0.3756283321
0.4364813404
0.3746382331
0.4271896420
0.3821020564
0.3844630617
0.3491241432
0.4253617669
0.3765422696
0.4006854532
0.3570449353
0.4090632140
0.3955826352
0.4015993907
0.3834729627
0.4109672506
0.3783701447
0.4137090632
0.3732673267
0.3955826352
0.3858339680
0.4207159177
0.4057882711
0.4244478294
0.3997715156
0.4295506474
0.4118811881
0.4373952780
0.3964965727
0.4146230008
0.3853769992
0.3937547601
0.3607006855
0.4230007616
0.4104341203
0.4086062452
0.3788271135
0.4490479817
0.3891089109
0.4285605484
0.3913937548
0.4425742574
0.3937547601
0.4141660320
0.3927646611
0.4207159177
0.4244478294
0.4518659558
0.3942117289
0.4156130998
0.3974866717
0.4518659558
0.3946686976
0.4945925362
0.4156130998
0.4648895659
0.4067783701
0.4086062452
0.4183549124
0.4918507235
0.4629855293
0.4918507235
0.4550647372
0.4890327494
0.4788271135
0.4722772277
0.4899466870
0.5763899467
0.5438690023
0.6006092917
0.4992383854
0.5029702970
0.4945925362
0.5364051790
0.5197258187
0.5224676314
0.4992383854
0.5336633663
0.5113480579
0.5354912414
0.5215536938
0.5736481340
0.5429550647
0.6015232292
0.5652703732
0.6126428027
0.5606245240
0.6089870526
0.6015232292
0.6117288652
0.5727341965
0.6377760853
0.5987052551
0.6470677837
0.6089870526
0.6117288652
0.6052551409
0.6322162986
0.5959634425
0.6722010663
0.6015232292
0.6191926885
0.5913175933
0.6824067022
0.6582635187
0.6545316070
0.6359482102
0.6629093679
0.6442498096
0.6256664128
0.6136329018
0.6433358720
0.6442498096
0.6647372430
0.6479817212
0.6814927647
0.6572734196
0.6777608530
0.6415079970
0.6731150038
0.6303122620
0.6526275704
0.6479817212
0.6972581874
0.6814927647
0.7242193450
0.6322162986
0.6981721249
0.0000000100
0.0000000100
0.0000000100
0.0000000100
0.0000000100
0.0000000100
0.0000000100
0.0000000100
0.0000000100
0.0000000100
0.0000000100
0.0000000100
0.0000000100
0.0000000100
0.0000000100
0.0000000100
0.0000000100
0.0000000100
0.0000000100
0.0000000100
0.0000000100
0.0000000100
0.0000000100
0.0000000100
0.0000000100
0.0000000100
0.0000000100
0.0000000100
0.0000000100
0.0000000100
0.0000000100
0.0000000100
0.0000000100
0.0000000100
0.0000000100
0.0000000100
0.0000000100
0.0000000100
0.0000000100
0.0000000100
0.0000000100
0.0000000100
0.0000000100
0.0000000100
0.0000000100
0.0000000100
0.0000000100
0.0000000100
0.0000000100
0.0000000100
0.0000000100
0.0000000100
0.0000000100
0.0000000100
0.0000000100
0.0000000100
0.0000000100
0.0000000100
0.0000000100
0.0000000100
0.0000000100
0.0000000100
0.0000000100
0.0000000100
0.0000000100
0.0000000100
0.0000000100
0.0000000100
0.0000000100
0.0000000100
0.0000000100
0.0000000100
0.0000000100
0.0000000100
0.0000000100
0.0000000100
0.0000000100
0.0000000100
0.0000000100
0.0000000100
0.0000000100
0.0000000100
0.0000000100
0.0000000100
0.0000000100
0.0000000100
0.0000000100
0.0000000100
0.0000000100
0.0000000100
0.0000000100
0.0000000100
0.0000000100
0.0000000100
0.0000000100
0.0000000100
0.0000000100
0.0000000100
0.0000000100
0.0000000100
0.0000000100
0.0000000100
0.0000000100
0.0000000100
0.0000000100
0.0000000100
0.0000000100
0.0000000100
0.0000000100
0.0000000100
0.0000000100
0.0000000100
0.0000000100
0.0000000100
0.0000000100
0.0000000100
0.0000000100
0.0000000100
0.0000000100
0.0000000100
0.0000000100
0.0000000100
0.0000000100
0.0000000100
0.0000000100
0.0000000100
0.0000000100
0.0000000100
0.0000000100
0.0000000100
0.0000000100
0.0000000100
0.0000000100
0.0000000100
0.0000000100
0.0000000100
0.0000000100
0.0000000100
0.0000000100
0.0000000100
0.0000000100
0.0000000100
0.0000000100
0.0000000100
0.0000000100
0.0000000100
0.0000000100
0.0000000100
0.0000000100
0.0000000100
0.0000000100
0.0000000100
0.0000000100
0.0000000100
0.0000000100
0.0000000100
0.0000000100
0.0000000100
0.0000000100
0.0000000100
0.0000000100
0.0000000100
0.0000000100
0.0000000100
0.0000000100
0.0000000100
0.0000000100
0.0000000100
0.0000000100
0.0000000100
0.0000000100
0.0000000100
0.0000000100
0.0000000100
0.0000000100
0.0000000100
0.0000000100
0.0000000100
0.0000000100
0.0000000100
0.0000000100
0.0000000100
0.0000000100
0.0000000100
0.0000000100
0.0000000100
0.0000000100
0.0000000100
0.0000000100
0.0000000100
0.0000000100
0.0000000100
0.0000000100
0.0000000100
0.0000000100
0.0000000100
0.0000000100
0.0000000100
0.0000000100
0.0000000100
0.0000000100
0.0000000100
0.0000000100
0.0000000100
0.0000000100
0.0000000100
0.0000000100
0.0000000100
0.0000000100
0.0000000100
0.0000000100
0.0000000100
0.0000000100
0.0000000100
0.0000000100
0.0000000100
0.0000000100
0.0000000100
0.0000000100
0.0000000100
0.0000000100
0.0000000100
0.0000000100
0.0000000100
0.0000000100
0.0000000100
0.0000000100
0.0000000100
0.0000000100
0.0000000100
0.0000000100
0.0000000100
0.0000000100
0.0000000100
0.0000000100
0.0000000100
0.0000000100
0.0000000100
0.0000000100
0.0000000100
0.0000000100
0.0000000100
0.0000000100
0.0000000100
0.0000000100
0.0000000100
0.0000000100
0.0000000100
0.0000000100
0.0000000100
0.0000000100
0.0000000100
0.0000000100
0.0000000100
0.0000000100
0.0000000100
0.0000000100
0.0000000100
0.0000000100
0.0000000100
0.0000000100
0.0000000100
0.0000000100
0.0000000100
0.0000000100
0.0000000100
0.0000000100
0.0000000100
0.0000000100
0.0000000100
0.0000000100
0.0000000100
0.0000000100
0.0000000100
0.0000000100
0.0000000100
0.0000000100
0.0000000100
0.0000000100
0.0000000100
0.0000000100
0.0000000100
0.0000000100
0.0000000100
0.0000000100
0.0000000100
0.0000000100
0.0000000100
0.0000000100
0.0000000100
0.0000000100
0.0000000100
0.0000000100
0.0000000100
0.0000000100
0.0000000100
0.0000000100
0.0000000100
0.0000000100
0.0000000100
0.0000000100
0.0000000100
0.0000000100
0.0000000100
0.0000000100
0.0000000100
0.0000000100
0.0000000100
0.0000000100
0.0000000100
0.0000000100
0.0000000100
0.0000000100
0.0000000100
0.0000000100
0.0000000100
0.0000000100
0.0000000100
0.0000000100
0.0000000100
0.0000000100
0.0000000100
0.0000000100
0.0000000100
0.0000000100
0.0000000100
0.0000000100
0.0000000100
0.0000000100
0.0000000100
0.0000000100
0.0000000100
0.0000000100
0.0000000100
0.0000000100
0.0000000100
0.0000000100
0.0000000100
0.0000000100
0.0000000100
0.0000000100
0.0000000100
0.0000000100
0.0000000100
0.0000000100
0.0000000100
0.0000000100
0.0000000100
0.0000000100
0.0000000100
0.0000000100
0.0000000100
0.0000000100
0.0000000100
0.0000000100
0.0000000100
0.0000000100
0.0000000100
0.0000000100
0.0000000100
0.0000000100
0.0000000100
0.0000000100
0.0000000100
0.0000000100
0.0000000100
0.0000000100
0.0000000100
