0.1396961691
0.1416776750
0.1435270806
0.1354689564
0.1326287979
0.1274108322
0.1293923382
0.1320343461
0.1408850727
0.1439233818
0.1389035667
0.1414795244
0.1372523118
0.1380449141
0.1463672391
0.1318361955
0.1251651255
0.1330250991
0.1280052840
0.1326287979
0.1340158520
0.1251651255
0.1358652576
0.1322324967
0.1270145310
0.1270145310
0.1217305152
0.1303830911
0.1186922061
0.1207397622
0.1217305152
0.1215323646
0.1130779392
0.1303830911
0.1247688243
0.1144649934
0.1118890357
0.1070013210
0.1100396301
0.1149273448
0.1009907530
0.0914795244
0.0847424042
0.0883091149
0.0928005284
0.0891017173
0.0787978864
0.0821664465
0.0791281374
0.0766842801
0.0678996037
0.0589564069
0.0552311757
0.0577476882
0.0562351387
0.0604689564
0.0473183620
0.0510964333
0.0467107001
0.0454029062
0.0417239102
0.0393064729
0.0376420079
0.0353764861
0.0379986790
0.0299801849
0.0313408190
0.0270607662
0.0316446499
0.0226486129
0.0256737120
0.0279656539
0.0214134742
0.0214398943
0.0203302510
0.0203104359
0.0179656539
0.0176618230
0.0191017173
0.0157727873
0.0179656539
0.0147424042
0.0223513871
0.0163804491
0.0212681638
0.0228269485
0.0219484808
0.0201585205
0.0186723910
0.0163804491
0.0174834875
0.0206605020
0.0162747688
0.0172324967
0.0133289300
0.0146631440
0.0137054161
0.0128731836
0.0151188904
0.0106935271
0.0103434610
0.0105812417
0.0092073976
0.0117767503
0.0143857332
0.0150396301
0.0102906209
0.0133817701
0.0084015852
0.0087450462
0.0070409511
0.0123844122
0.0085402906
0.0108124174
0.0106076618
0.0093461030
0.0110964333
0.0079128137
0.0119947160
0.0096763540
0.0123579921
0.0123051519
0.0153434610
0.0132760898
0.0117635403
0.0133817701
0.0158256275
0.0129788639
0.0136789960
0.0170343461
0.0183421400
0.0207133421
0.0177146631
0.0164795244
0.0161492734
0.0179920740
0.0167040951
0.0197291942
0.0194517834
0.0230515192
0.0256737120
0.0224240423
0.0254227213
0.0233289300
0.0242866579
0.0219682959
0.0266578600
0.0281704095
0.0223513871
0.0247159841
0.0309907530
0.0296301189
0.0314927345
0.0327542933
0.0308388375
0.0363342140
0.0336129458
0.0348216645
0.0363804491
0.0358784676
0.0460105680
0.0664464993
0.0658124174
0.0768824306
0.0745046235
0.0738441215
0.0764861295
0.0776750330
0.0855350066
0.0852708058
0.0865918098
0.0801188904
0.0929986790
0.0894980185
0.0941215324
0.0970277411
0.0926023778
0.1138705416
0.1104359313
0.1036327609
0.1044253633
0.1078599736
0.1052179657
0.1086525760
0.1054161162
0.1056142668
0.1110964333
0.1138705416
0.1084544254
0.1048216645
0.1180977543
0.1064068692
0.1184940555
0.1130779392
0.1153236460
0.1136723910
0.1209379128
0.1227873184
0.1175033025
0.1239762219
0.1293923382
0.1184940555
0.1303830911
0.1282034346
0.1350726552
0.1278071334
0.1481505945
0.1385072655
0.1485468956
0.1467635403
0.1435270806
0.1420739762
0.1578599736
0.1620871863
0.1467635403
0.1540290621
0.1479524439
0.1513870542
0.1573976222
0.1622853369
0.1586525760
0.1573976222
0.1614266843
0.1374504624
0.1284015852
0.2257595773
0.4256935271
0.4523117569
0.4620211361
0.4611624835
0.3595772787
0.1594451783
0.1255614267
0.1201453104
0.1088507266
0.1122853369
0.1046235139
0.1120871863
0.1178996037
0.1182959049
0.1134742404
0.1036327609
0.1054161162
0.1076618230
0.1100396301
0.1122853369
0.1096433289
0.1070013210
0.1038309115
0.1128797886
0.1070013210
0.1124834875
0.1064068692
0.1104359313
0.1098414795
0.1149273448
0.1191545575
0.1114927345
0.1178996037
0.1036327609
0.1159180978
0.1165125495
0.1102377807
0.1078599736
0.1114927345
0.1118890357
0.1180977543
0.0965653897
0.1078599736
0.1100396301
0.1074636724
0.1153236460
0.1130779392
0.1088507266
0.1151254954
0.1207397622
0.1118890357
0.1193527081
0.1289960370
0.1245706737
0.1318361955
0.1334214003
0.1344782034
0.1284015852
0.1394980185
0.1380449141
0.1410832232
0.1435270806
0.1348745046
0.1447159841
0.1366578600
0.1282034346
0.1297886394
0.1378467635
0.1477542933
0.1493394980
0.1427344782
0.1495376486
0.1531704095
0.1638705416
0.1573976222
0.1556142668
0.1646631440
0.1594451783
0.1511889036
0.1678996037
0.1467635403
0.1558124174
0.1461690885
0.1451122853
0.1515852048
0.1344782034
0.1358652576
0.1471598415
0.1364597094
0.1301849406
0.1239762219
0.1255614267
0.1368560106
0.1326287979
0.1239762219
0.1146631440
0.1217305152
0.1128797886
0.1025759577
0.0991413474
0.0967635403
0.1104359313
0.1001981506
0.0863936592
0.0950462351
0.0902906209
0.0919418758
0.0984808454
0.0717305152
0.0734478203
0.0635931308
0.0687582563
0.0630911493
0.0677014531
0.0605746367
0.0649075297
0.0633949802
0.0538177015
0.0473712021
0.0468626156
0.0449471598
0.0431373844
0.0425297226
0.0418229855
0.0373910172
0.0376948481
0.0304359313
0.0287252312
0.0284742404
0.0206605020
0.0213672391
0.0198018494
0.0235336856
0.0173844122
0.0131505945
0.0214398943
0.0178665786
0.0157001321
0.0180383091
0.0207859974
0.0173844122
0.0186459709
0.0174372523
0.0198546896
0.0171862616
0.0184940555
0.0177873184
0.0168295905
0.0155680317
0.0158454425
0.0181902246
0.0182166446
0.0167569353
0.0159973580
0.0170079260
0.0149141347
0.0127476882
0.0145904888
0.0122589168
0.0126089828
0.0142866579
0.0112219287
0.0117569353
0.0123844122
0.0115785997
0.0118428005
0.0108982827
0.0113143989
0.0093989432
0.0106076618
0.0091347424
0.0104689564
0.0076816380
0.0010396301
0.0013540291
0.0041638045
0.0068890357
0.0129788639
0.0141347424
0.0123183620
0.0124240423
0.0103302510
0.0096763540
0.0097225892
0.0118692206
0.0123315720
0.0116512550
0.0120211361
0.0112879789
0.0122457067
0.0132298547
0.0158718626
0.0169286658
0.0150660502
0.0147159841
0.0168295905
0.0177608983
0.0155680317
0.0188705416
0.0157463672
0.0200066050
0.0220211361
0.0180911493
0.0233817701
0.0205085865
0.0201849406
0.0199537649
0.0212153236
0.0230052840
0.0223513871
0.0212879789
0.0204821664
0.0228005284
0.0209907530
0.0234081902
0.0245640687
0.0298348745
0.0318494055
0.0300330251
0.0305878468
0.0277675033
0.0322523118
0.0346697490
0.0332100396
0.0320013210
0.0312417437
0.0396103038
0.0407661823
0.0400594452
0.0427344782
0.0395046235
0.0525099075
0.0471664465
0.0468626156
0.0557331572
0.0557331572
0.0509973580
0.0557331572
0.0538177015
0.0477741083
0.0441941876
0.0528137384
0.0541215324
0.0495838838
0.0579524439
0.0532166446
0.0532166446
0.0581505945
0.0573447820
0.0506935271
0.0524108322
0.0558322325
0.0618824306
0.0615785997
0.0573447820
0.0658124174
0.0669088507
0.0687582563
0.0665125495
0.0671070013
0.0618824306
0.0701453104
0.0757595773
0.0630911493
0.0626882431
0.0734478203
0.0630911493
0.0671070013
0.0719286658
0.0669088507
0.0657133421
0.0721928666
0.0718626156
0.0739762219
0.0810435931
0.0819682959
0.0000000100
0.0000000100
0.0000000100
0.0000000100
0.0000000100
0.0000000100
0.0000000100
0.0000000100
0.0000000100
0.0000000100
0.0000000100
0.0000000100
0.0000000100
0.0000000100
0.0000000100
0.0000000100
0.0000000100
0.0000000100
0.0000000100
0.0000000100
0.0000000100
0.0000000100
0.0000000100
0.0000000100
0.0000000100
0.0000000100
0.0000000100
0.0000000100
0.0000000100
0.0000000100
0.0000000100
0.0000000100
0.0000000100
0.0000000100
0.0000000100
0.0000000100
0.0000000100
0.0000000100
0.0000000100
0.0000000100
0.0000000100
0.0000000100
0.0000000100
0.0000000100
0.0000000100
0.0000000100
0.0000000100
0.0000000100
0.0000000100
0.0000000100
0.0000000100
0.0000000100
0.0000000100
0.0000000100
0.0000000100
0.0000000100
0.0000000100
0.0000000100
0.0000000100
0.0000000100
0.0000000100
0.0000000100
0.0000000100
0.0000000100
0.0000000100
0.0000000100
0.0000000100
0.0000000100
0.0000000100
0.0000000100
0.0000000100
0.0000000100
0.0000000100
0.0000000100
0.0000000100
0.0000000100
0.0000000100
0.0000000100
0.0000000100
0.0000000100
0.0000000100
0.0000000100
0.0000000100
0.0000000100
0.0000000100
0.0000000100
0.0000000100
0.0000000100
0.0000000100
0.0000000100
0.0000000100
0.0000000100
0.0000000100
0.0000000100
0.0000000100
0.0000000100
0.0000000100
0.0000000100
0.0000000100
0.0000000100
0.0000000100
0.0000000100
0.0000000100
0.0000000100
0.0000000100
0.0000000100
0.0000000100
0.0000000100
0.0000000100
0.0000000100
0.0000000100
0.0000000100
0.0000000100
0.0000000100
0.0000000100
0.0000000100
0.0000000100
0.0000000100
0.0000000100
0.0000000100
0.0000000100
0.0000000100
0.0000000100
0.0000000100
0.0000000100
0.0000000100
0.0000000100
0.0000000100
0.0000000100
0.0000000100
0.0000000100
0.0000000100
0.0000000100
0.0000000100
0.0000000100
0.0000000100
0.0000000100
0.0000000100
0.0000000100
0.0000000100
0.0000000100
0.0000000100
0.0000000100
0.0000000100
0.0000000100
0.0000000100
0.0000000100
0.0000000100
0.0000000100
0.0000000100
0.0000000100
0.0000000100
0.0000000100
0.0000000100
0.0000000100
0.0000000100
0.0000000100
0.0000000100
0.0000000100
0.0000000100
0.0000000100
0.0000000100
0.0000000100
0.0000000100
0.0000000100
0.0000000100
0.0000000100
0.0000000100
0.0000000100
0.0000000100
0.0000000100
0.0000000100
0.0000000100
0.0000000100
0.0000000100
0.0000000100
0.0000000100
0.0000000100
0.0000000100
0.0000000100
0.0000000100
0.0000000100
0.0000000100
0.0000000100
0.0000000100
0.0000000100
0.0000000100
0.0000000100
0.0000000100
0.0000000100
0.0000000100
0.0000000100
0.0000000100
0.0000000100
0.0000000100
0.0000000100
0.0000000100
0.0000000100
0.0000000100
0.0000000100
0.0000000100
0.0000000100
0.0000000100
0.0000000100
0.0000000100
0.0000000100
0.0000000100
0.0000000100
0.0000000100
0.0000000100
0.0000000100
0.0000000100
0.0000000100
0.0000000100
0.0000000100
0.0000000100
0.0000000100
0.0000000100
0.0000000100
0.0000000100
0.0000000100
0.0000000100
0.0000000100
0.0000000100
0.0000000100
0.0000000100
0.0000000100
0.0000000100
0.0000000100
0.0000000100
0.0000000100
0.0000000100
0.0000000100
0.0000000100
0.0000000100
0.0000000100
0.0000000100
0.0000000100
0.0000000100
0.0000000100
0.0000000100
0.0000000100
0.0000000100
0.0000000100
0.0000000100
0.0000000100
0.0000000100
0.0000000100
0.0000000100
0.0000000100
0.0000000100
0.0000000100
0.0000000100
0.0000000100
0.0000000100
0.0000000100
0.0000000100
0.0000000100
0.0000000100
0.0000000100
0.0000000100
0.0000000100
0.0000000100
0.0000000100
0.0000000100
0.0000000100
0.0000000100
0.0000000100
0.0000000100
0.0000000100
0.0000000100
0.0000000100
0.0000000100
0.0000000100
0.0000000100
0.0000000100
0.0000000100
0.0000000100
0.0000000100
0.0000000100
0.0000000100
0.0000000100
0.0000000100
0.0000000100
0.0000000100
0.0000000100
0.0000000100
0.0000000100
0.0000000100
0.0000000100
0.0000000100
0.0000000100
0.0000000100
0.0000000100
0.0000000100
0.0000000100
0.0000000100
0.0000000100
0.0000000100
0.0000000100
0.0000000100
0.0000000100
0.0000000100
0.0000000100
0.0000000100
0.0000000100
0.0000000100
0.0000000100
0.0000000100
0.0000000100
0.0000000100
0.0000000100
0.0000000100
0.0000000100
0.0000000100
0.0000000100
0.0000000100
0.0000000100
0.0000000100
0.0000000100
0.0000000100
0.0000000100
0.0000000100
0.0000000100
0.0000000100
0.0000000100
0.0000000100
0.0000000100
0.0000000100
0.0000000100
0.0000000100
0.0000000100
0.0000000100
0.0000000100
0.0000000100
0.0000000100
0.0000000100
0.0000000100
0.0000000100
0.0000000100
0.0000000100
0.0000000100
0.0000000100
0.0000000100
0.0000000100
0.0000000100
0.0000000100
0.0000000100
0.0000000100
0.0000000100
0.0000000100
0.0000000100
0.0000000100
0.0000000100
0.0000000100
0.0000000100
0.0000000100
0.0000000100
0.0000000100
0.0000000100
0.0000000100
0.0000000100
0.0000000100
0.0000000100
0.0000000100
0.0000000100
0.0000000100
0.0000000100
