0.7235200000
0.6582400000
0.6153600000
0.5596800000
0.5596800000
0.5635200000
0.6102400000
0.6464000000
0.6240000000
0.6348800000
0.6316800000
0.6054400000
0.6387200000
0.6278400000
0.6368000000
0.6444800000
0.6620800000
0.6563200000
0.6816000000
0.6649600000
0.6649600000
0.6787200000
0.6944000000
0.6563200000
0.6844800000
0.6729600000
0.6816000000
0.6700800000
0.6700800000
0.6659200000
0.6729600000
0.6835200000
0.6739200000
0.6934400000
0.6729600000
0.6611200000
0.6668800000
0.6368000000
0.6464000000
0.6268800000
0.6230400000
0.6102400000
0.6121600000
0.5840000000
0.5683200000
0.5635200000
0.5369600000
0.5264000000
0.5536000000
0.5440000000
0.5244800000
0.5097600000
0.4956800000
0.4921600000
0.4732800000
0.4588800000
0.4569600000
0.4588800000
0.4515200000
0.4521600000
0.5126400000
0.4697600000
0.4896000000
0.4432000000
0.4550400000
0.4560000000
0.4825600000
0.4595200000
0.4204800000
0.4374400000
0.4288000000
0.4249600000
0.4614400000
0.4291200000
0.4121600000
0.4185600000
0.4214400000
0.4195200000
0.4403200000
0.4204800000
0.4268800000
0.4249600000
0.4268800000
0.4038400000
0.4438400000
0.4134400000
0.3936000000
0.3872000000
0.3814400000
0.3763200000
0.4019200000
0.4009600000
0.4102400000
0.4166400000
0.4112000000
0.4019200000
0.4329600000
0.4371200000
0.4198400000
0.4380800000
0.4236800000
0.4217600000
0.4204800000
0.4227200000
0.4038400000
0.4156800000
0.4227200000
0.4076800000
0.4467200000
0.4236800000
0.3929600000
0.4032000000
0.3974400000
0.3900800000
0.4169600000
0.3881600000
0.3897600000
0.4105600000
0.4150400000
0.4134400000
0.4320000000
0.4195200000
0.4160000000
0.3872000000
0.4393600000
0.3916800000
0.4352000000
0.4732800000
0.4902400000
0.4947200000
0.4652800000
0.4524800000
0.4438400000
0.4390400000
0.4345600000
0.4243200000
0.4537600000
0.4540800000
0.4700800000
0.4691200000
0.4854400000
0.5849600000
0.6220800000
0.5958400000
0.5078400000
0.4928000000
0.4643200000
0.4886400000
0.4966400000
0.4921600000
0.5107200000
0.4988800000
0.5078400000
0.5107200000
0.5049600000
0.5184000000
0.5801600000
0.5664000000
0.5587200000
0.5625600000
0.5654400000
0.5907200000
0.6444800000
0.6064000000
0.5731200000
0.5996800000
0.6220800000
0.6464000000
0.7158400000
0.6678400000
0.6620800000
0.6592000000
0.6806400000
0.6620800000
0.7011200000
0.6825600000
0.7129600000
0.7462400000
0.7548800000
0.7049600000
0.7948800000
0.7353600000
0.7110400000
0.7334400000
0.7110400000
0.7091200000
0.7120000000
0.7305600000
0.7158400000
0.7382400000
0.6972800000
0.6915200000
0.7324800000
0.7129600000
0.7363200000
0.7168000000
0.7225600000
0.7177600000
0.7411200000
0.7334400000
0.7168000000
0.7372800000
0.6953600000
0.6982400000
0.7491200000
0.7206400000
0.7267200000
0.7235200000
0.7568000000
0.7744000000
0.7948800000
0.8124800000
0.7968000000
0.8038400000
0.8134400000
0.7753600000
0.8016000000
0.7811200000
0.7676800000
0.7833600000
0.7948800000
0.7881600000
0.8016000000
0.7872000000
0.8028800000
0.7862400000
0.7744000000
0.7587200000
0.7900800000
0.7782400000
0.7792000000
0.7686400000
0.7500800000
0.7430400000
0.7510400000
0.7472000000
0.7296000000
0.7324800000
0.7587200000
0.7382400000
0.7968000000
0.7968000000
0.7763200000
0.7734400000
0.7862400000
0.7587200000
0.8476800000
0.7820800000
0.7648000000
0.8038400000
0.7568000000
0.7648000000
0.8281600000
0.8368000000
0.8604800000
0.8582400000
0.9424000000
0.9395200000
0.9248000000
0.8985600000
0.9462400000
0.9052800000
0.8867200000
0.8534400000
0.9180800000
0.8505600000
0.8515200000
0.8476800000
0.8976000000
0.8604800000
0.9324800000
0.8163200000
0.8496000000
0.8800000000
0.8681600000
0.7910400000
0.7686400000
0.7244800000
0.7120000000
0.7059200000
0.7267200000
0.7420800000
0.7500800000
0.7068800000
0.6883200000
0.7100800000
0.6953600000
0.6915200000
0.7548800000
0.7500800000
0.7315200000
0.7334400000
0.7305600000
0.7529600000
0.7724800000
0.7577600000
0.8038400000
0.7734400000
0.7392000000
0.7120000000
0.7596800000
0.7539200000
0.7420800000
0.7625600000
0.7558400000
0.7372800000
0.7772800000
0.7500800000
0.7216000000
0.7577600000
0.7811200000
0.7696000000
0.8134400000
0.8105600000
0.8243200000
0.7606400000
0.7753600000
0.7648000000
0.6796800000
0.6710400000
0.6544000000
0.6678400000
0.6620800000
0.6483200000
0.7753600000
0.7225600000
0.7286400000
0.7440000000
0.7500800000
0.7676800000
0.7510400000
0.6972800000
0.6924800000
0.6758400000
0.6678400000
0.6396800000
0.6553600000
0.6092800000
0.6192000000
0.6083200000
0.6025600000
0.5968000000
0.6134400000
0.5683200000
0.5968000000
0.5840000000
0.5750400000
0.5868800000
0.5196800000
0.5078400000
0.5078400000
0.4928000000
0.4928000000
0.4633600000
0.5116800000
0.4825600000
0.4716800000
0.4940800000
0.4726400000
0.4672000000
0.5011200000
0.4652800000
0.5126400000
0.5059200000
0.5097600000
0.4633600000
0.4844800000
0.4672000000
0.4361600000
0.5049600000
0.5174400000
0.5155200000
0.4998400000
0.4688000000
0.4310400000
0.4595200000
0.4419200000
0.4614400000
0.4652800000
0.4390400000
0.4179200000
0.4278400000
0.4502400000
0.4515200000
0.4752000000
0.4249600000
0.4649600000
0.4361600000
0.4272000000
0.4307200000
0.4464000000
0.4243200000
0.4400000000
0.4633600000
0.5030400000
0.4947200000
0.4985600000
0.4864000000
0.4614400000
0.4556800000
0.4752000000
0.4784000000
0.4774400000
0.4486400000
0.4374400000
0.4569600000
0.4576000000
0.4361600000
0.4844800000
0.4400000000
0.4236800000
0.4278400000
0.4329600000
0.4326400000
0.4457600000
0.4320000000
0.4316800000
0.4019200000
0.4454400000
0.4400000000
0.4160000000
0.4150400000
0.4390400000
0.4624000000
0.4361600000
0.4537600000
0.4585600000
0.4873600000
0.5254400000
0.5283200000
0.5350400000
0.5468800000
0.5654400000
0.5321600000
0.5174400000
0.5283200000
0.5321600000
0.5283200000
0.5878400000
0.5577600000
0.6035200000
0.6515200000
0.6611200000
0.6249600000
0.6396800000
0.6102400000
0.6083200000
0.5763200000
0.6102400000
0.6192000000
0.6339200000
0.6348800000
0.6534400000
0.6972800000
0.6601600000
0.6572800000
0.6710400000
0.6854400000
0.6544000000
0.6758400000
0.6806400000
0.6806400000
0.7344000000
0.7196800000
0.7568000000
0.7587200000
0.7577600000
0.7510400000
0.7811200000
0.7900800000
0.7920000000
0.7891200000
0.7948800000
0.7772800000
0.7852800000
0.8163200000
0.8006400000
0.8006400000
0.8524800000
0.8419200000
0.8915200000
0.8595200000
0.8524800000
0.8662400000
0.8643200000
0.8339200000
0.8780800000
0.8924800000
0.8819200000
0.9014400000
0.8710400000
0.8915200000
0.9491200000
0.8976000000
0.8624000000
0.8604800000
0.9004800000
0.8700800000
0.8953600000
0.8838400000
0.8780800000
0.8828800000
0.0000000100
0.0000000100
0.0000000100
0.0000000100
0.0000000100
0.0000000100
0.0000000100
0.0000000100
0.0000000100
0.0000000100
0.0000000100
0.0000000100
0.0000000100
0.0000000100
0.0000000100
0.0000000100
0.0000000100
0.0000000100
0.0000000100
0.0000000100
0.0000000100
0.0000000100
0.0000000100
0.0000000100
0.0000000100
0.0000000100
0.0000000100
0.0000000100
0.0000000100
0.0000000100
0.0000000100
0.0000000100
0.0000000100
0.0000000100
0.0000000100
0.0000000100
0.0000000100
0.0000000100
0.0000000100
0.0000000100
0.0000000100
0.0000000100
0.0000000100
0.0000000100
0.0000000100
0.0000000100
0.0000000100
0.0000000100
0.0000000100
0.0000000100
0.0000000100
0.0000000100
0.0000000100
0.0000000100
0.0000000100
0.0000000100
0.0000000100
0.0000000100
0.0000000100
0.0000000100
0.0000000100
0.0000000100
0.0000000100
0.0000000100
0.0000000100
0.0000000100
0.0000000100
0.0000000100
0.0000000100
0.0000000100
0.0000000100
0.0000000100
0.0000000100
0.0000000100
0.0000000100
0.0000000100
0.0000000100
0.0000000100
0.0000000100
0.0000000100
0.0000000100
0.0000000100
0.0000000100
0.0000000100
0.0000000100
0.0000000100
0.0000000100
0.0000000100
0.0000000100
0.0000000100
0.0000000100
0.0000000100
0.0000000100
0.0000000100
0.0000000100
0.0000000100
0.0000000100
0.0000000100
0.0000000100
0.0000000100
0.0000000100
0.0000000100
0.0000000100
0.0000000100
0.0000000100
0.0000000100
0.0000000100
0.0000000100
0.0000000100
0.0000000100
0.0000000100
0.0000000100
0.0000000100
0.0000000100
0.0000000100
0.0000000100
0.0000000100
0.0000000100
0.0000000100
0.0000000100
0.0000000100
0.0000000100
0.0000000100
0.0000000100
0.0000000100
0.0000000100
0.0000000100
0.0000000100
0.0000000100
0.0000000100
0.0000000100
0.0000000100
0.0000000100
0.0000000100
0.0000000100
0.0000000100
0.0000000100
0.0000000100
0.0000000100
0.0000000100
0.0000000100
0.0000000100
0.0000000100
0.0000000100
0.0000000100
0.0000000100
0.0000000100
0.0000000100
0.0000000100
0.0000000100
0.0000000100
0.0000000100
0.0000000100
0.0000000100
0.0000000100
0.0000000100
0.0000000100
0.0000000100
0.0000000100
0.0000000100
0.0000000100
0.0000000100
0.0000000100
0.0000000100
0.0000000100
0.0000000100
0.0000000100
0.0000000100
0.0000000100
0.0000000100
0.0000000100
0.0000000100
0.0000000100
0.0000000100
0.0000000100
0.0000000100
0.0000000100
0.0000000100
0.0000000100
0.0000000100
0.0000000100
0.0000000100
0.0000000100
0.0000000100
0.0000000100
0.0000000100
0.0000000100
0.0000000100
0.0000000100
0.0000000100
0.0000000100
0.0000000100
0.0000000100
0.0000000100
0.0000000100
0.0000000100
0.0000000100
0.0000000100
0.0000000100
0.0000000100
0.0000000100
0.0000000100
0.0000000100
0.0000000100
0.0000000100
0.0000000100
0.0000000100
0.0000000100
0.0000000100
0.0000000100
0.0000000100
0.0000000100
0.0000000100
0.0000000100
0.0000000100
0.0000000100
0.0000000100
0.0000000100
0.0000000100
0.0000000100
0.0000000100
0.0000000100
0.0000000100
0.0000000100
0.0000000100
0.0000000100
0.0000000100
0.0000000100
0.0000000100
0.0000000100
0.0000000100
0.0000000100
0.0000000100
0.0000000100
0.0000000100
0.0000000100
0.0000000100
0.0000000100
0.0000000100
0.0000000100
0.0000000100
0.0000000100
0.0000000100
0.0000000100
0.0000000100
0.0000000100
0.0000000100
0.0000000100
0.0000000100
0.0000000100
0.0000000100
0.0000000100
0.0000000100
0.0000000100
0.0000000100
0.0000000100
0.0000000100
0.0000000100
0.0000000100
0.0000000100
0.0000000100
0.0000000100
0.0000000100
0.0000000100
0.0000000100
0.0000000100
0.0000000100
0.0000000100
0.0000000100
0.0000000100
0.0000000100
0.0000000100
0.0000000100
0.0000000100
0.0000000100
0.0000000100
0.0000000100
0.0000000100
0.0000000100
0.0000000100
0.0000000100
0.0000000100
0.0000000100
0.0000000100
0.0000000100
0.0000000100
0.0000000100
0.0000000100
0.0000000100
0.0000000100
0.0000000100
0.0000000100
0.0000000100
0.0000000100
0.0000000100
0.0000000100
0.0000000100
0.0000000100
0.0000000100
0.0000000100
0.0000000100
0.0000000100
0.0000000100
0.0000000100
0.0000000100
0.0000000100
0.0000000100
0.0000000100
0.0000000100
0.0000000100
0.0000000100
0.0000000100
0.0000000100
0.0000000100
0.0000000100
0.0000000100
0.0000000100
0.0000000100
0.0000000100
0.0000000100
0.0000000100
0.0000000100
0.0000000100
0.0000000100
0.0000000100
0.0000000100
0.0000000100
0.0000000100
0.0000000100
0.0000000100
0.0000000100
0.0000000100
0.0000000100
0.0000000100
0.0000000100
0.0000000100
0.0000000100
0.0000000100
0.0000000100
0.0000000100
0.0000000100
0.0000000100
0.0000000100
0.0000000100
0.0000000100
0.0000000100
0.0000000100
0.0000000100
0.0000000100
0.0000000100
0.0000000100
0.0000000100
0.0000000100
0.0000000100
0.0000000100
0.0000000100
0.0000000100
0.0000000100
0.0000000100
0.0000000100
0.0000000100
0.0000000100
0.0000000100
0.0000000100
0.0000000100
0.0000000100
0.0000000100
0.0000000100
