0.1346763540
0.1439233818
0.1459048877
0.1287978864
0.1423381770
0.1308454425
0.1366578600
0.1340158520
0.1394980185
0.1433289300
0.1552179657
0.1427344782
0.1473579921
0.1420739762
0.1427344782
0.1483487450
0.1255614267
0.1398943197
0.1356671070
0.1389035667
0.1332232497
0.1263540291
0.1303830911
0.1383091149
0.1328269485
0.1272126816
0.1245706737
0.1332232497
0.1219286658
0.1334214003
0.1211360634
0.1193527081
0.1177014531
0.1249669749
0.1326287979
0.1163143989
0.1112945839
0.1151254954
0.1031043593
0.1144649934
0.1088507266
0.0982826948
0.0929326288
0.0950462351
0.0844782034
0.0869881110
0.0814398943
0.0898943197
0.0733817701
0.0713342140
0.0672391017
0.0689564069
0.0610766182
0.0580515192
0.0612747688
0.0569418758
0.0503434610
0.0529128137
0.0493328930
0.0458586526
0.0426816380
0.0378467635
0.0363342140
0.0359313078
0.0362351387
0.0324042272
0.0325561427
0.0279656539
0.0322523118
0.0252972259
0.0251981506
0.0257001321
0.0217701453
0.0191215324
0.0245640687
0.0190752972
0.0153963012
0.0215918098
0.0169088507
0.0175891678
0.0163540291
0.0156208719
0.0205614267
0.0175891678
0.0189696169
0.0219220608
0.0202311757
0.0193989432
0.0229524439
0.0167833554
0.0188441215
0.0186988111
0.0175099075
0.0144385733
0.0118692206
0.0142338177
0.0160766182
0.0131241744
0.0140092470
0.0130250991
0.0135535007
0.0113276090
0.0092206077
0.0103830911
0.0139828269
0.0139101717
0.0116776750
0.0123183620
0.0102179657
0.0098282695
0.0055871863
0.0079392338
0.0101915456
0.0088837517
0.0084544254
0.0124438573
0.0104953765
0.0080911493
0.0115389696
0.0104425363
0.0111624835
0.0116908851
0.0139828269
0.0137582563
0.0122853369
0.0157463672
0.0179656539
0.0124438573
0.0153170410
0.0153170410
0.0171862616
0.0186988111
0.0189960370
0.0179656539
0.0165785997
0.0209379128
0.0170805812
0.0199537649
0.0239365918
0.0207133421
0.0235601057
0.0243923382
0.0217965654
0.0255482166
0.0206340819
0.0183421400
0.0232298547
0.0266578600
0.0245904888
0.0274108322
0.0295310436
0.0290290621
0.0353764861
0.0301321004
0.0324504624
0.0364332893
0.0340158520
0.0334610304
0.0318494055
0.0404623514
0.0504425363
0.0667107001
0.0657133421
0.0674372523
0.0750990753
0.0770145310
0.0791281374
0.0772787318
0.0872523118
0.0795904888
0.0854689564
0.0879128137
0.0945178336
0.0902906209
0.0885733157
0.0954425363
0.0979524439
0.1056142668
0.1090488771
0.1011889036
0.1056142668
0.1056142668
0.1025099075
0.1128797886
0.1086525760
0.1042272127
0.1132760898
0.1090488771
0.1161162483
0.1144649934
0.1058124174
0.1118890357
0.1114927345
0.1146631440
0.1066050198
0.1144649934
0.1247688243
0.1221268164
0.1203434610
0.1261558785
0.1289960370
0.1259577279
0.1316380449
0.1282034346
0.1241743725
0.1225231176
0.1408850727
0.1463672391
0.1356671070
0.1410832232
0.1404887715
0.1385072655
0.1423381770
0.1550198151
0.1410832232
0.1562087186
0.1473579921
0.1529722589
0.1575957728
0.1477542933
0.1461690885
0.1513870542
0.1616908851
0.1328269485
0.1235799207
0.2297886394
0.4083883752
0.4515191546
0.4700792602
0.4458388375
0.3482826948
0.1618890357
0.1225231176
0.1186922061
0.1066050198
0.1138705416
0.1096433289
0.1191545575
0.1136723910
0.1211360634
0.1104359313
0.1058124174
0.1031704095
0.1066050198
0.1116908851
0.1128797886
0.1197490092
0.1104359313
0.1144649934
0.1114927345
0.1108322325
0.1130779392
0.1116908851
0.1040290621
0.1134742404
0.1173051519
0.1193527081
0.1149273448
0.1195508587
0.1084544254
0.1112945839
0.1199471598
0.1159180978
0.1157199472
0.1140686922
0.1142668428
0.1153236460
0.1019154557
0.1042272127
0.1076618230
0.1060105680
0.1126816380
0.1149273448
0.1034346103
0.1207397622
0.1231836196
0.1146631440
0.1140686922
0.1259577279
0.1278071334
0.1308454425
0.1308454425
0.1276089828
0.1346763540
0.1408850727
0.1402906209
0.1410832232
0.1418758256
0.1394980185
0.1354689564
0.1427344782
0.1227873184
0.1364597094
0.1423381770
0.1441215324
0.1451122853
0.1457067371
0.1604359313
0.1636723910
0.1505944518
0.1608322325
0.1495376486
0.1483487450
0.1648612946
0.1558124174
0.1575957728
0.1608322325
0.1463672391
0.1573976222
0.1437252312
0.1588507266
0.1451122853
0.1380449141
0.1453104359
0.1389035667
0.1219286658
0.1184940555
0.1201453104
0.1221268164
0.1239762219
0.1272126816
0.1068031704
0.1132760898
0.1046235139
0.1062087186
0.0964332893
0.0989431968
0.1082562748
0.1124834875
0.0855350066
0.0906869221
0.0855350066
0.0833553501
0.0806472919
0.0787978864
0.0688243065
0.0654095112
0.0678335535
0.0617833554
0.0612747688
0.0603698811
0.0612747688
0.0573447820
0.0530118890
0.0474702774
0.0463606341
0.0413210040
0.0365852048
0.0409709379
0.0371400264
0.0369352708
0.0377410832
0.0286723910
0.0304887715
0.0256737120
0.0228269485
0.0229260238
0.0236856011
0.0223249670
0.0175363276
0.0168031704
0.0173381770
0.0186988111
0.0172324967
0.0165521797
0.0223513871
0.0202047556
0.0216710700
0.0176618230
0.0167833554
0.0188705416
0.0171070013
0.0166050198
0.0150198151
0.0157463672
0.0188441215
0.0139365918
0.0199537649
0.0165521797
0.0128599736
0.0175099075
0.0148877147
0.0139828269
0.0150198151
0.0116512550
0.0135072655
0.0115257596
0.0116512550
0.0097159841
0.0100660502
0.0119022457
0.0130779392
0.0103170410
0.0098546896
0.0107463672
0.0117767503
0.0089828269
0.0110105680
0.0107992074
0.0009009247
0.0012912814
0.0036974901
0.0064062087
0.0107067371
0.0119550859
0.0112615588
0.0119550859
0.0105350066
0.0115653897
0.0088177015
0.0098546896
0.0103698811
0.0101056803
0.0129788639
0.0137054161
0.0119550859
0.0119550859
0.0122589168
0.0192998679
0.0159511229
0.0125099075
0.0191743725
0.0174636724
0.0133817701
0.0157463672
0.0178863937
0.0147424042
0.0194782034
0.0200792602
0.0192734478
0.0180647292
0.0172853369
0.0211162483
0.0220211361
0.0210369881
0.0288771466
0.0183949802
0.0217173052
0.0206340819
0.0256737120
0.0273645971
0.0242668428
0.0321003963
0.0322523118
0.0329590489
0.0312945839
0.0296829590
0.0286195509
0.0293262880
0.0364861295
0.0341677675
0.0318494055
0.0345178336
0.0379458388
0.0434412153
0.0407199472
0.0461624835
0.0464134742
0.0435865258
0.0432364597
0.0538177015
0.0525099075
0.0530118890
0.0554293263
0.0517040951
0.0525099075
0.0482232497
0.0576486129
0.0579524439
0.0517040951
0.0564398943
0.0564398943
0.0577476882
0.0535138705
0.0564398943
0.0505416116
0.0560369881
0.0533157199
0.0614795244
0.0603698811
0.0572457067
0.0599669749
0.0687582563
0.0674372523
0.0584544254
0.0610766182
0.0660171731
0.0626882431
0.0669088507
0.0642998679
0.0608718626
0.0688243065
0.0687582563
0.0701453104
0.0726552180
0.0660171731
0.0657133421
0.0713342140
0.0727873184
0.0770145310
0.0731836196
0.0758916777
0.0000000100
0.0000000100
0.0000000100
0.0000000100
0.0000000100
0.0000000100
0.0000000100
0.0000000100
0.0000000100
0.0000000100
0.0000000100
0.0000000100
0.0000000100
0.0000000100
0.0000000100
0.0000000100
0.0000000100
0.0000000100
0.0000000100
0.0000000100
0.0000000100
0.0000000100
0.0000000100
0.0000000100
0.0000000100
0.0000000100
0.0000000100
0.0000000100
0.0000000100
0.0000000100
0.0000000100
0.0000000100
0.0000000100
0.0000000100
0.0000000100
0.0000000100
0.0000000100
0.0000000100
0.0000000100
0.0000000100
0.0000000100
0.0000000100
0.0000000100
0.0000000100
0.0000000100
0.0000000100
0.0000000100
0.0000000100
0.0000000100
0.0000000100
0.0000000100
0.0000000100
0.0000000100
0.0000000100
0.0000000100
0.0000000100
0.0000000100
0.0000000100
0.0000000100
0.0000000100
0.0000000100
0.0000000100
0.0000000100
0.0000000100
0.0000000100
0.0000000100
0.0000000100
0.0000000100
0.0000000100
0.0000000100
0.0000000100
0.0000000100
0.0000000100
0.0000000100
0.0000000100
0.0000000100
0.0000000100
0.0000000100
0.0000000100
0.0000000100
0.0000000100
0.0000000100
0.0000000100
0.0000000100
0.0000000100
0.0000000100
0.0000000100
0.0000000100
0.0000000100
0.0000000100
0.0000000100
0.0000000100
0.0000000100
0.0000000100
0.0000000100
0.0000000100
0.0000000100
0.0000000100
0.0000000100
0.0000000100
0.0000000100
0.0000000100
0.0000000100
0.0000000100
0.0000000100
0.0000000100
0.0000000100
0.0000000100
0.0000000100
0.0000000100
0.0000000100
0.0000000100
0.0000000100
0.0000000100
0.0000000100
0.0000000100
0.0000000100
0.0000000100
0.0000000100
0.0000000100
0.0000000100
0.0000000100
0.0000000100
0.0000000100
0.0000000100
0.0000000100
0.0000000100
0.0000000100
0.0000000100
0.0000000100
0.0000000100
0.0000000100
0.0000000100
0.0000000100
0.0000000100
0.0000000100
0.0000000100
0.0000000100
0.0000000100
0.0000000100
0.0000000100
0.0000000100
0.0000000100
0.0000000100
0.0000000100
0.0000000100
0.0000000100
0.0000000100
0.0000000100
0.0000000100
0.0000000100
0.0000000100
0.0000000100
0.0000000100
0.0000000100
0.0000000100
0.0000000100
0.0000000100
0.0000000100
0.0000000100
0.0000000100
0.0000000100
0.0000000100
0.0000000100
0.0000000100
0.0000000100
0.0000000100
0.0000000100
0.0000000100
0.0000000100
0.0000000100
0.0000000100
0.0000000100
0.0000000100
0.0000000100
0.0000000100
0.0000000100
0.0000000100
0.0000000100
0.0000000100
0.0000000100
0.0000000100
0.0000000100
0.0000000100
0.0000000100
0.0000000100
0.0000000100
0.0000000100
0.0000000100
0.0000000100
0.0000000100
0.0000000100
0.0000000100
0.0000000100
0.0000000100
0.0000000100
0.0000000100
0.0000000100
0.0000000100
0.0000000100
0.0000000100
0.0000000100
0.0000000100
0.0000000100
0.0000000100
0.0000000100
0.0000000100
0.0000000100
0.0000000100
0.0000000100
0.0000000100
0.0000000100
0.0000000100
0.0000000100
0.0000000100
0.0000000100
0.0000000100
0.0000000100
0.0000000100
0.0000000100
0.0000000100
0.0000000100
0.0000000100
0.0000000100
0.0000000100
0.0000000100
0.0000000100
0.0000000100
0.0000000100
0.0000000100
0.0000000100
0.0000000100
0.0000000100
0.0000000100
0.0000000100
0.0000000100
0.0000000100
0.0000000100
0.0000000100
0.0000000100
0.0000000100
0.0000000100
0.0000000100
0.0000000100
0.0000000100
0.0000000100
0.0000000100
0.0000000100
0.0000000100
0.0000000100
0.0000000100
0.0000000100
0.0000000100
0.0000000100
0.0000000100
0.0000000100
0.0000000100
0.0000000100
0.0000000100
0.0000000100
0.0000000100
0.0000000100
0.0000000100
0.0000000100
0.0000000100
0.0000000100
0.0000000100
0.0000000100
0.0000000100
0.0000000100
0.0000000100
0.0000000100
0.0000000100
0.0000000100
0.0000000100
0.0000000100
0.0000000100
0.0000000100
0.0000000100
0.0000000100
0.0000000100
0.0000000100
0.0000000100
0.0000000100
0.0000000100
0.0000000100
0.0000000100
0.0000000100
0.0000000100
0.0000000100
0.0000000100
0.0000000100
0.0000000100
0.0000000100
0.0000000100
0.0000000100
0.0000000100
0.0000000100
0.0000000100
0.0000000100
0.0000000100
0.0000000100
0.0000000100
0.0000000100
0.0000000100
0.0000000100
0.0000000100
0.0000000100
0.0000000100
0.0000000100
0.0000000100
0.0000000100
0.0000000100
0.0000000100
0.0000000100
0.0000000100
0.0000000100
0.0000000100
0.0000000100
0.0000000100
0.0000000100
0.0000000100
0.0000000100
0.0000000100
0.0000000100
0.0000000100
0.0000000100
0.0000000100
0.0000000100
0.0000000100
0.0000000100
0.0000000100
0.0000000100
0.0000000100
0.0000000100
0.0000000100
0.0000000100
0.0000000100
0.0000000100
0.0000000100
0.0000000100
0.0000000100
0.0000000100
0.0000000100
0.0000000100
0.0000000100
0.0000000100
0.0000000100
0.0000000100
0.0000000100
0.0000000100
0.0000000100
0.0000000100
0.0000000100
0.0000000100
0.0000000100
0.0000000100
0.0000000100
0.0000000100
0.0000000100
0.0000000100
0.0000000100
0.0000000100
0.0000000100
0.0000000100
0.0000000100
0.0000000100
0.0000000100
