0.3388800000
0.3579200000
0.3369600000
0.3715200000
0.3769600000
0.3793600000
0.3700800000
0.3648000000
0.3579200000
0.3774400000
0.3993600000
0.3974400000
0.3886400000
0.3955200000
0.3803200000
0.3750400000
0.3862400000
0.3833600000
0.3579200000
0.3534400000
0.3662400000
0.3828800000
0.3622400000
0.3686400000
0.3608000000
0.3588800000
0.3622400000
0.3608000000
0.3648000000
0.3652800000
0.3476800000
0.3672000000
0.3608000000
0.4043200000
0.3545600000
0.3598400000
0.3496000000
0.3476800000
0.3672000000
0.3921600000
0.3900800000
0.3720000000
0.3588800000
0.3657600000
0.3364800000
0.3364800000
0.3251200000
0.3148800000
0.3472000000
0.3408000000
0.3144000000
0.3227200000
0.3139200000
0.3272000000
0.3153600000
0.3086400000
0.2944000000
0.2948800000
0.2948800000
0.3105600000
0.3262400000
0.3267200000
0.3350400000
0.3036800000
0.2886400000
0.2846400000
0.2827200000
0.2910400000
0.2939200000
0.2886400000
0.2748800000
0.2763200000
0.2710400000
0.2748800000
0.2656000000
0.2665600000
0.2665600000
0.2924800000
0.2739200000
0.2675200000
0.2646400000
0.2582400000
0.2865600000
0.2832000000
0.2896000000
0.2900800000
0.2808000000
0.2691200000
0.2409600000
0.2366400000
0.2484800000
0.2336000000
0.2248000000
0.2510400000
0.2331200000
0.2256000000
0.2315200000
0.2196800000
0.2339200000
0.2222400000
0.2160000000
0.2121600000
0.2124800000
0.2084800000
0.2177600000
0.2248000000
0.2304000000
0.2344000000
0.2080000000
0.2056000000
0.2056000000
0.1969600000
0.1846400000
0.1841600000
0.2192000000
0.2113600000
0.1990400000
0.1928000000
0.1948800000
0.2102400000
0.2211200000
0.2099200000
0.2336000000
0.2075200000
0.2048000000
0.2104000000
0.2283200000
0.2608000000
0.2768000000
0.2808000000
0.2841600000
0.2784000000
0.2715200000
0.2577600000
0.2680000000
0.2627200000
0.2627200000
0.2636800000
0.2617600000
0.2636800000
0.2984000000
0.2777600000
0.2622400000
0.2656000000
0.2710400000
0.2768000000
0.2768000000
0.2836800000
0.2817600000
0.2748800000
0.3032000000
0.3041600000
0.3300800000
0.3388800000
0.3569600000
0.3569600000
0.3344000000
0.3448000000
0.3696000000
0.3803200000
0.3745600000
0.3672000000
0.3931200000
0.4107200000
0.4057600000
0.4057600000
0.4224000000
0.4457600000
0.4569600000
0.4297600000
0.4316800000
0.4364800000
0.4595200000
0.4419200000
0.4355200000
0.4360000000
0.4350400000
0.4604800000
0.4580800000
0.4321600000
0.4355200000
0.4452800000
0.4243200000
0.4209600000
0.4257600000
0.4316800000
0.4336000000
0.4312000000
0.4355200000
0.4483200000
0.4755200000
0.4833600000
0.4492800000
0.4721600000
0.4678400000
0.4516800000
0.4585600000
0.4633600000
0.4604800000
0.4692800000
0.4643200000
0.4902400000
0.5028800000
0.4921600000
0.4472000000
0.4467200000
0.4574400000
0.4662400000
0.4921600000
0.5000000000
0.4956800000
0.4776000000
0.4852800000
0.4766400000
0.4467200000
0.4600000000
0.4590400000
0.4736000000
0.5068800000
0.5342400000
0.5283200000
0.5312000000
0.5283200000
0.5195200000
0.5147200000
0.5283200000
0.5156800000
0.4878400000
0.4857600000
0.4883200000
0.4931200000
0.4864000000
0.4873600000
0.4892800000
0.4804800000
0.5233600000
0.5419200000
0.5204800000
0.5273600000
0.5195200000
0.5107200000
0.5078400000
0.5059200000
0.5244800000
0.5214400000
0.5321600000
0.5459200000
0.5116800000
0.4824000000
0.4824000000
0.5088000000
0.5107200000
0.4662400000
0.4585600000
0.4512000000
0.4448000000
0.4628800000
0.4688000000
0.4697600000
0.5352000000
0.5136000000
0.5166400000
0.4868800000
0.4697600000
0.4726400000
0.4585600000
0.4740800000
0.4776000000
0.4488000000
0.4512000000
0.4638400000
0.4564800000
0.4443200000
0.4574400000
0.4800000000
0.4595200000
0.4355200000
0.4326400000
0.4512000000
0.4336000000
0.4590400000
0.4374400000
0.4512000000
0.4483200000
0.4438400000
0.4267200000
0.4457600000
0.4438400000
0.4433600000
0.4414400000
0.4574400000
0.4297600000
0.4374400000
0.4443200000
0.4545600000
0.4683200000
0.4433600000
0.4560000000
0.4531200000
0.4340800000
0.4467200000
0.4545600000
0.4512000000
0.4409600000
0.4483200000
0.4595200000
0.4502400000
0.4662400000
0.4443200000
0.4409600000
0.4384000000
0.4200000000
0.4248000000
0.4091200000
0.4188800000
0.4184000000
0.4048000000
0.4150400000
0.4100800000
0.3867200000
0.3798400000
0.3886400000
0.4228800000
0.4076800000
0.4072000000
0.3910400000
0.3910400000
0.3857600000
0.3974400000
0.3910400000
0.3638400000
0.3691200000
0.3593600000
0.3584000000
0.3417600000
0.3369600000
0.3500800000
0.3843200000
0.3998400000
0.3667200000
0.3579200000
0.3350400000
0.3262400000
0.3188800000
0.3276800000
0.3232000000
0.3027200000
0.3520000000
0.3550400000
0.3388800000
0.3520000000
0.3472000000
0.3350400000
0.3188800000
0.3067200000
0.3124800000
0.3164800000
0.2974400000
0.2896000000
0.2788800000
0.2841600000
0.2808000000
0.2763200000
0.2979200000
0.2920000000
0.2953600000
0.2974400000
0.2832000000
0.2510400000
0.2515200000
0.2529600000
0.2510400000
0.2603200000
0.2598400000
0.2324800000
0.2324800000
0.2308800000
0.2910400000
0.2534400000
0.2312000000
0.2489600000
0.2382400000
0.2270400000
0.2236800000
0.2112000000
0.2224000000
0.2308800000
0.2232000000
0.2251200000
0.2192000000
0.2297600000
0.2260800000
0.2134400000
0.2052800000
0.2046400000
0.2041600000
0.1977600000
0.2283200000
0.2289600000
0.2107200000
0.2160000000
0.2092800000
0.2224000000
0.2278400000
0.2238400000
0.2206400000
0.2171200000
0.2262400000
0.2260800000
0.2060800000
0.2025600000
0.2228800000
0.2464000000
0.2158400000
0.2020800000
0.2028800000
0.2129600000
0.2176000000
0.2280000000
0.2316800000
0.2729600000
0.2860800000
0.2715200000
0.2608000000
0.2665600000
0.2478400000
0.2499200000
0.2856000000
0.2963200000
0.2881600000
0.2715200000
0.2710400000
0.3067200000
0.3169600000
0.3262400000
0.3262400000
0.3129600000
0.3096000000
0.3212800000
0.3286400000
0.3617600000
0.3760000000
0.3876800000
0.3984000000
0.3926400000
0.3900800000
0.3833600000
0.3574400000
0.3579200000
0.3764800000
0.3793600000
0.4072000000
0.4145600000
0.3905600000
0.3979200000
0.3945600000
0.4179200000
0.4476800000
0.4400000000
0.4345600000
0.4200000000
0.4462400000
0.4540800000
0.4462400000
0.4400000000
0.4467200000
0.4409600000
0.4448000000
0.4307200000
0.4497600000
0.4467200000
0.4776000000
0.4755200000
0.4648000000
0.4771200000
0.4585600000
0.4540800000
0.4395200000
0.4721600000
0.4648000000
0.4433600000
0.4580800000
0.3139200000
0.3110400000
0.3740800000
0.4164800000
0.4302400000
0.4550400000
0.3740800000
0.3384000000
0.3560000000
0.3476800000
0.3153600000
0.2361600000
0.2798400000
0.3529600000
0.3715200000
0.3724800000
0.3643200000
0.3500800000
0.3491200000
0.4086400000
0.0000000100
0.0000000100
0.0000000100
0.0000000100
0.0000000100
0.0000000100
0.0000000100
0.0000000100
0.0000000100
0.0000000100
0.0000000100
0.0000000100
0.0000000100
0.0000000100
0.0000000100
0.0000000100
0.0000000100
0.0000000100
0.0000000100
0.0000000100
0.0000000100
0.0000000100
0.0000000100
0.0000000100
0.0000000100
0.0000000100
0.0000000100
0.0000000100
0.0000000100
0.0000000100
0.0000000100
0.0000000100
0.0000000100
0.0000000100
0.0000000100
0.0000000100
0.0000000100
0.0000000100
0.0000000100
0.0000000100
0.0000000100
0.0000000100
0.0000000100
0.0000000100
0.0000000100
0.0000000100
0.0000000100
0.0000000100
0.0000000100
0.0000000100
0.0000000100
0.0000000100
0.0000000100
0.0000000100
0.0000000100
0.0000000100
0.0000000100
0.0000000100
0.0000000100
0.0000000100
0.0000000100
0.0000000100
0.0000000100
0.0000000100
0.0000000100
0.0000000100
0.0000000100
0.0000000100
0.0000000100
0.0000000100
0.0000000100
0.0000000100
0.0000000100
0.0000000100
0.0000000100
0.0000000100
0.0000000100
0.0000000100
0.0000000100
0.0000000100
0.0000000100
0.0000000100
0.0000000100
0.0000000100
0.0000000100
0.0000000100
0.0000000100
0.0000000100
0.0000000100
0.0000000100
0.0000000100
0.0000000100
0.0000000100
0.0000000100
0.0000000100
0.0000000100
0.0000000100
0.0000000100
0.0000000100
0.0000000100
0.0000000100
0.0000000100
0.0000000100
0.0000000100
0.0000000100
0.0000000100
0.0000000100
0.0000000100
0.0000000100
0.0000000100
0.0000000100
0.0000000100
0.0000000100
0.0000000100
0.0000000100
0.0000000100
0.0000000100
0.0000000100
0.0000000100
0.0000000100
0.0000000100
0.0000000100
0.0000000100
0.0000000100
0.0000000100
0.0000000100
0.0000000100
0.0000000100
0.0000000100
0.0000000100
0.0000000100
0.0000000100
0.0000000100
0.0000000100
0.0000000100
0.0000000100
0.0000000100
0.0000000100
0.0000000100
0.0000000100
0.0000000100
0.0000000100
0.0000000100
0.0000000100
0.0000000100
0.0000000100
0.0000000100
0.0000000100
0.0000000100
0.0000000100
0.0000000100
0.0000000100
0.0000000100
0.0000000100
0.0000000100
0.0000000100
0.0000000100
0.0000000100
0.0000000100
0.0000000100
0.0000000100
0.0000000100
0.0000000100
0.0000000100
0.0000000100
0.0000000100
0.0000000100
0.0000000100
0.0000000100
0.0000000100
0.0000000100
0.0000000100
0.0000000100
0.0000000100
0.0000000100
0.0000000100
0.0000000100
0.0000000100
0.0000000100
0.0000000100
0.0000000100
0.0000000100
0.0000000100
0.0000000100
0.0000000100
0.0000000100
0.0000000100
0.0000000100
0.0000000100
0.0000000100
0.0000000100
0.0000000100
0.0000000100
0.0000000100
0.0000000100
0.0000000100
0.0000000100
0.0000000100
0.0000000100
0.0000000100
0.0000000100
0.0000000100
0.0000000100
0.0000000100
0.0000000100
0.0000000100
0.0000000100
0.0000000100
0.0000000100
0.0000000100
0.0000000100
0.0000000100
0.0000000100
0.0000000100
0.0000000100
0.0000000100
0.0000000100
0.0000000100
0.0000000100
0.0000000100
0.0000000100
0.0000000100
0.0000000100
0.0000000100
0.0000000100
0.0000000100
0.0000000100
0.0000000100
0.0000000100
0.0000000100
0.0000000100
0.0000000100
0.0000000100
0.0000000100
0.0000000100
0.0000000100
0.0000000100
0.0000000100
0.0000000100
0.0000000100
0.0000000100
0.0000000100
0.0000000100
0.0000000100
0.0000000100
0.0000000100
0.0000000100
0.0000000100
0.0000000100
0.0000000100
0.0000000100
0.0000000100
0.0000000100
0.0000000100
0.0000000100
0.0000000100
0.0000000100
0.0000000100
0.0000000100
0.0000000100
0.0000000100
0.0000000100
0.0000000100
0.0000000100
0.0000000100
0.0000000100
0.0000000100
0.0000000100
0.0000000100
0.0000000100
0.0000000100
0.0000000100
0.0000000100
0.0000000100
0.0000000100
0.0000000100
0.0000000100
0.0000000100
0.0000000100
0.0000000100
0.0000000100
0.0000000100
0.0000000100
0.0000000100
0.0000000100
0.0000000100
0.0000000100
0.0000000100
0.0000000100
0.0000000100
0.0000000100
0.0000000100
0.0000000100
0.0000000100
0.0000000100
0.0000000100
0.0000000100
0.0000000100
0.0000000100
0.0000000100
0.0000000100
0.0000000100
0.0000000100
0.0000000100
0.0000000100
0.0000000100
0.0000000100
0.0000000100
0.0000000100
0.0000000100
0.0000000100
0.0000000100
0.0000000100
0.0000000100
0.0000000100
0.0000000100
0.0000000100
0.0000000100
0.0000000100
0.0000000100
0.0000000100
0.0000000100
0.0000000100
0.0000000100
0.0000000100
0.0000000100
0.0000000100
0.0000000100
0.0000000100
0.0000000100
0.0000000100
0.0000000100
0.0000000100
0.0000000100
0.0000000100
0.0000000100
0.0000000100
0.0000000100
0.0000000100
0.0000000100
0.0000000100
0.0000000100
0.0000000100
0.0000000100
0.0000000100
0.0000000100
0.0000000100
0.0000000100
0.0000000100
0.0000000100
0.0000000100
0.0000000100
0.0000000100
0.0000000100
0.0000000100
0.0000000100
0.0000000100
0.0000000100
0.0000000100
0.0000000100
0.0000000100
0.0000000100
0.0000000100
0.0000000100
0.0000000100
0.0000000100
0.0000000100
0.0000000100
