0.3379200000
0.3276800000
0.3334400000
0.3398400000
0.3441600000
0.3838400000
0.3764800000
0.3486400000
0.3374400000
0.3540800000
0.3598400000
0.3540800000
0.3510400000
0.3272000000
0.3262400000
0.3246400000
0.3360000000
0.3305600000
0.3315200000
0.3334400000
0.3398400000
0.3403200000
0.3320000000
0.3364800000
0.3388800000
0.3452800000
0.3598400000
0.3598400000
0.3496000000
0.3441600000
0.3412800000
0.3422400000
0.3324800000
0.3320000000
0.3246400000
0.3310400000
0.3222400000
0.3251200000
0.3324800000
0.3272000000
0.3520000000
0.3315200000
0.3360000000
0.3257600000
0.3305600000
0.3203200000
0.2984000000
0.2875200000
0.2875200000
0.2793600000
0.2700800000
0.2851200000
0.2636800000
0.2465600000
0.2438400000
0.2428800000
0.2510400000
0.2748800000
0.2856000000
0.2798400000
0.2856000000
0.2748800000
0.2827200000
0.2793600000
0.2680000000
0.2617600000
0.2563200000
0.2582400000
0.2548800000
0.2478400000
0.2646400000
0.2428800000
0.2368000000
0.1995200000
0.1985600000
0.2052800000
0.1992000000
0.1987200000
0.1907200000
0.1894400000
0.1977600000
0.2065600000
0.2080000000
0.2094400000
0.2070400000
0.2020800000
0.2139200000
0.2116800000
0.1985600000
0.1968000000
0.1892800000
0.1830400000
0.1841600000
0.1742400000
0.1736000000
0.1702400000
0.1833600000
0.1902400000
0.1712000000
0.1806400000
0.1974400000
0.1892800000
0.1768000000
0.1723200000
0.1755200000
0.1628800000
0.1787200000
0.1736000000
0.1708800000
0.1768000000
0.1824000000
0.1768000000
0.1768000000
0.1726400000
0.1745600000
0.1569760000
0.1572320000
0.1589280000
0.1560000000
0.1560000000
0.1633600000
0.1601600000
0.1657600000
0.1660800000
0.1686400000
0.1644800000
0.1792000000
0.1828800000
0.1843200000
0.1926400000
0.2033600000
0.1996800000
0.2080000000
0.2099200000
0.2089600000
0.2011200000
0.2185600000
0.2304000000
0.2548800000
0.2368000000
0.2401600000
0.2361600000
0.2280000000
0.2409600000
0.2696000000
0.2515200000
0.2577600000
0.2641600000
0.2784000000
0.2680000000
0.2598400000
0.2582400000
0.2812800000
0.2768000000
0.2886400000
0.3003200000
0.2984000000
0.3036800000
0.3139200000
0.3105600000
0.3251200000
0.3467200000
0.3520000000
0.3486400000
0.3417600000
0.3379200000
0.3403200000
0.3848000000
0.4116800000
0.3828800000
0.3705600000
0.3769600000
0.3872000000
0.3916800000
0.4008000000
0.4019200000
0.4091200000
0.4038400000
0.3872000000
0.3886400000
0.3891200000
0.3833600000
0.3745600000
0.3774400000
0.3824000000
0.3769600000
0.3824000000
0.3872000000
0.3896000000
0.3857600000
0.3931200000
0.3817600000
0.3867200000
0.3921600000
0.3974400000
0.3896000000
0.3921600000
0.3931200000
0.3900800000
0.3921600000
0.3867200000
0.3886400000
0.4038400000
0.4121600000
0.3984000000
0.3881600000
0.4003200000
0.4067200000
0.4057600000
0.4014400000
0.4112000000
0.4033600000
0.3964800000
0.4072000000
0.4038400000
0.4003200000
0.4062400000
0.4116800000
0.4364800000
0.4360000000
0.4355200000
0.4355200000
0.4390400000
0.4188800000
0.4243200000
0.4262400000
0.4248000000
0.4316800000
0.4252800000
0.4169600000
0.4204800000
0.4150400000
0.4038400000
0.4019200000
0.4024000000
0.4160000000
0.4174400000
0.4145600000
0.4145600000
0.4145600000
0.4100800000
0.4179200000
0.4200000000
0.4155200000
0.4174400000
0.4214400000
0.4502400000
0.4281600000
0.4355200000
0.4326400000
0.4390400000
0.4540800000
0.4169600000
0.4112000000
0.4150400000
0.4116800000
0.4307200000
0.4204800000
0.4228800000
0.4252800000
0.4193600000
0.4184000000
0.4307200000
0.4184000000
0.4140800000
0.4112000000
0.4057600000
0.4086400000
0.4028800000
0.4081600000
0.4091200000
0.4028800000
0.4150400000
0.4008000000
0.3969600000
0.3900800000
0.3940800000
0.3891200000
0.3945600000
0.3848000000
0.3931200000
0.4028800000
0.3931200000
0.3881600000
0.4076800000
0.4136000000
0.4081600000
0.4028800000
0.3964800000
0.4062400000
0.4345600000
0.3984000000
0.4024000000
0.4014400000
0.4019200000
0.4057600000
0.3936000000
0.3979200000
0.4057600000
0.3950400000
0.3993600000
0.4052800000
0.4008000000
0.4184000000
0.4052800000
0.3960000000
0.4028800000
0.4169600000
0.3988800000
0.4067200000
0.4086400000
0.3936000000
0.4014400000
0.3998400000
0.3998400000
0.4008000000
0.4028800000
0.3979200000
0.3710400000
0.3545600000
0.3432000000
0.3417600000
0.3500800000
0.3432000000
0.3393600000
0.3339200000
0.3344000000
0.3324800000
0.3227200000
0.3217600000
0.3388800000
0.3232000000
0.3267200000
0.3246400000
0.3169600000
0.3041600000
0.3036800000
0.2988800000
0.3003200000
0.2929600000
0.2910400000
0.2924800000
0.2891200000
0.2870400000
0.2891200000
0.2920000000
0.2822400000
0.2910400000
0.2808000000
0.2784000000
0.2788800000
0.2763200000
0.2700800000
0.2651200000
0.2520000000
0.2497600000
0.2454400000
0.2320000000
0.2246400000
0.2177600000
0.2155200000
0.2158400000
0.2131200000
0.2088000000
0.2148800000
0.2099200000
0.2118400000
0.2171200000
0.2118400000
0.2104000000
0.2046400000
0.2000000000
0.2072000000
0.2088000000
0.2139200000
0.2062400000
0.2187200000
0.2164800000
0.2168000000
0.2038400000
0.2134400000
0.2204800000
0.1969600000
0.1948800000
0.1945600000
0.1852800000
0.2033600000
0.2011200000
0.1969600000
0.1936000000
0.1940800000
0.1860800000
0.1787200000
0.1737600000
0.1772800000
0.1763200000
0.1745600000
0.1888000000
0.1872000000
0.1731200000
0.1740800000
0.1764800000
0.1852800000
0.1852800000
0.1899200000
0.1843200000
0.1848000000
0.1804800000
0.1760000000
0.1696000000
0.1708800000
0.1881600000
0.1972800000
0.2094400000
0.2382400000
0.2468800000
0.2307200000
0.1880000000
0.1788800000
0.1828800000
0.1945600000
0.1972800000
0.1948800000
0.2070400000
0.2222400000
0.2224000000
0.2200000000
0.2270400000
0.2278400000
0.2302400000
0.2355200000
0.2331200000
0.2422400000
0.2489600000
0.2612800000
0.2636800000
0.2753600000
0.2803200000
0.2924800000
0.2870400000
0.2836800000
0.2870400000
0.3067200000
0.3100800000
0.3096000000
0.3100800000
0.3276800000
0.3529600000
0.3633600000
0.3188800000
0.3324800000
0.3417600000
0.3510400000
0.3491200000
0.3476800000
0.3448000000
0.3617600000
0.3612800000
0.3696000000
0.3691200000
0.3691200000
0.3731200000
0.3760000000
0.3760000000
0.3848000000
0.3652800000
0.3505600000
0.3638400000
0.3388800000
0.3384000000
0.3448000000
0.3510400000
0.3564800000
0.3876800000
0.4136000000
0.4024000000
0.4076800000
0.4072000000
0.4028800000
0.3936000000
0.3905600000
0.4043200000
0.3988800000
0.3926400000
0.3769600000
0.4476800000
0.4945600000
0.4472000000
0.4467200000
0.4193600000
0.3969600000
0.4019200000
0.4091200000
0.4112000000
0.4238400000
0.3998400000
0.4136000000
0.4321600000
0.4379200000
0.4131200000
0.3988800000
0.4057600000
0.0000000100
0.0000000100
0.0000000100
0.0000000100
0.0000000100
0.0000000100
0.0000000100
0.0000000100
0.0000000100
0.0000000100
0.0000000100
0.0000000100
0.0000000100
0.0000000100
0.0000000100
0.0000000100
0.0000000100
0.0000000100
0.0000000100
0.0000000100
0.0000000100
0.0000000100
0.0000000100
0.0000000100
0.0000000100
0.0000000100
0.0000000100
0.0000000100
0.0000000100
0.0000000100
0.0000000100
0.0000000100
0.0000000100
0.0000000100
0.0000000100
0.0000000100
0.0000000100
0.0000000100
0.0000000100
0.0000000100
0.0000000100
0.0000000100
0.0000000100
0.0000000100
0.0000000100
0.0000000100
0.0000000100
0.0000000100
0.0000000100
0.0000000100
0.0000000100
0.0000000100
0.0000000100
0.0000000100
0.0000000100
0.0000000100
0.0000000100
0.0000000100
0.0000000100
0.0000000100
0.0000000100
0.0000000100
0.0000000100
0.0000000100
0.0000000100
0.0000000100
0.0000000100
0.0000000100
0.0000000100
0.0000000100
0.0000000100
0.0000000100
0.0000000100
0.0000000100
0.0000000100
0.0000000100
0.0000000100
0.0000000100
0.0000000100
0.0000000100
0.0000000100
0.0000000100
0.0000000100
0.0000000100
0.0000000100
0.0000000100
0.0000000100
0.0000000100
0.0000000100
0.0000000100
0.0000000100
0.0000000100
0.0000000100
0.0000000100
0.0000000100
0.0000000100
0.0000000100
0.0000000100
0.0000000100
0.0000000100
0.0000000100
0.0000000100
0.0000000100
0.0000000100
0.0000000100
0.0000000100
0.0000000100
0.0000000100
0.0000000100
0.0000000100
0.0000000100
0.0000000100
0.0000000100
0.0000000100
0.0000000100
0.0000000100
0.0000000100
0.0000000100
0.0000000100
0.0000000100
0.0000000100
0.0000000100
0.0000000100
0.0000000100
0.0000000100
0.0000000100
0.0000000100
0.0000000100
0.0000000100
0.0000000100
0.0000000100
0.0000000100
0.0000000100
0.0000000100
0.0000000100
0.0000000100
0.0000000100
0.0000000100
0.0000000100
0.0000000100
0.0000000100
0.0000000100
0.0000000100
0.0000000100
0.0000000100
0.0000000100
0.0000000100
0.0000000100
0.0000000100
0.0000000100
0.0000000100
0.0000000100
0.0000000100
0.0000000100
0.0000000100
0.0000000100
0.0000000100
0.0000000100
0.0000000100
0.0000000100
0.0000000100
0.0000000100
0.0000000100
0.0000000100
0.0000000100
0.0000000100
0.0000000100
0.0000000100
0.0000000100
0.0000000100
0.0000000100
0.0000000100
0.0000000100
0.0000000100
0.0000000100
0.0000000100
0.0000000100
0.0000000100
0.0000000100
0.0000000100
0.0000000100
0.0000000100
0.0000000100
0.0000000100
0.0000000100
0.0000000100
0.0000000100
0.0000000100
0.0000000100
0.0000000100
0.0000000100
0.0000000100
0.0000000100
0.0000000100
0.0000000100
0.0000000100
0.0000000100
0.0000000100
0.0000000100
0.0000000100
0.0000000100
0.0000000100
0.0000000100
0.0000000100
0.0000000100
0.0000000100
0.0000000100
0.0000000100
0.0000000100
0.0000000100
0.0000000100
0.0000000100
0.0000000100
0.0000000100
0.0000000100
0.0000000100
0.0000000100
0.0000000100
0.0000000100
0.0000000100
0.0000000100
0.0000000100
0.0000000100
0.0000000100
0.0000000100
0.0000000100
0.0000000100
0.0000000100
0.0000000100
0.0000000100
0.0000000100
0.0000000100
0.0000000100
0.0000000100
0.0000000100
0.0000000100
0.0000000100
0.0000000100
0.0000000100
0.0000000100
0.0000000100
0.0000000100
0.0000000100
0.0000000100
0.0000000100
0.0000000100
0.0000000100
0.0000000100
0.0000000100
0.0000000100
0.0000000100
0.0000000100
0.0000000100
0.0000000100
0.0000000100
0.0000000100
0.0000000100
0.0000000100
0.0000000100
0.0000000100
0.0000000100
0.0000000100
0.0000000100
0.0000000100
0.0000000100
0.0000000100
0.0000000100
0.0000000100
0.0000000100
0.0000000100
0.0000000100
0.0000000100
0.0000000100
0.0000000100
0.0000000100
0.0000000100
0.0000000100
0.0000000100
0.0000000100
0.0000000100
0.0000000100
0.0000000100
0.0000000100
0.0000000100
0.0000000100
0.0000000100
0.0000000100
0.0000000100
0.0000000100
0.0000000100
0.0000000100
0.0000000100
0.0000000100
0.0000000100
0.0000000100
0.0000000100
0.0000000100
0.0000000100
0.0000000100
0.0000000100
0.0000000100
0.0000000100
0.0000000100
0.0000000100
0.0000000100
0.0000000100
0.0000000100
0.0000000100
0.0000000100
0.0000000100
0.0000000100
0.0000000100
0.0000000100
0.0000000100
0.0000000100
0.0000000100
0.0000000100
0.0000000100
0.0000000100
0.0000000100
0.0000000100
0.0000000100
0.0000000100
0.0000000100
0.0000000100
0.0000000100
0.0000000100
0.0000000100
0.0000000100
0.0000000100
0.0000000100
0.0000000100
0.0000000100
0.0000000100
0.0000000100
0.0000000100
0.0000000100
0.0000000100
0.0000000100
0.0000000100
0.0000000100
0.0000000100
0.0000000100
0.0000000100
0.0000000100
0.0000000100
0.0000000100
0.0000000100
0.0000000100
0.0000000100
0.0000000100
0.0000000100
0.0000000100
0.0000000100
0.0000000100
0.0000000100
0.0000000100
0.0000000100
0.0000000100
0.0000000100
0.0000000100
0.0000000100
0.0000000100
0.0000000100
0.0000000100
0.0000000100
0.0000000100
0.0000000100
