0.2204288939
0.1904627540
0.2076749436
0.2053047404
0.1770316027
0.1603273138
0.1811512415
0.1856659142
0.1784424379
0.1672121896
0.1694695260
0.1346501129
0.1422686230
0.1477426637
0.1553611738
0.1491534989
0.1296839729
0.1090293454
0.1181715576
0.1043453725
0.1224604966
0.1005643341
0.1267494357
0.1327878104
0.1406884876
0.1536117381
0.1667042889
0.1744356659
0.1598194131
0.1313769752
0.1500000000
0.1656884876
0.2256207675
0.3533860045
0.3809255079
0.4312641084
0.3816591422
0.4573927765
0.4091986456
0.4401805869
0.4677765237
0.4319413093
0.4643340858
0.4188487585
0.3788939052
0.3830135440
0.3995485327
0.3905756208
0.4091986456
0.4181715576
0.4147291196
0.3926636569
0.4167607223
0.3933408578
0.4036681716
0.4291760722
0.3933408578
0.4050790068
0.4401805869
0.4636004515
0.4953160271
0.3482505643
0.4822234763
0.4884311512
0.4684537246
0.4525959368
0.4264108352
0.4443566591
0.4505079007
0.3913092551
0.4057562077
0.3947516930
0.3905756208
0.3967832957
0.3961060948
0.2886568849
0.5483634312
0.4388261851
0.4085214447
0.3630361174
0.3823363431
0.3802483070
0.3671557562
0.3774830700
0.2194130926
0.3630361174
0.3513544018
0.3014108352
0.4236455982
0.4436230248
0.4305304740
0.3954288939
0.4009029345
0.3864559819
0.3602708804
0.3637133183
0.3782167043
0.3871331828
0.3747742664
0.3740406321
0.3595936795
0.3947516930
0.3685665914
0.3589164786
0.3506207675
0.3981941309
0.4050790068
0.3671557562
0.3768058691
0.3516930023
0.3898984199
0.3788939052
0.3527088036
0.3795711061
0.4126410835
0.4154063205
0.4270880361
0.4284988713
0.4195259594
0.4023137698
0.4347065463
0.4588036117
0.3940180587
0.4312641084
0.4622460497
0.4512415350
0.5015237020
0.4546839729
0.4581264108
0.4270880361
0.3768058691
0.4064334086
0.3788939052
0.4491534989
0.3433972912
0.3699209932
0.3754514673
0.3933408578
0.3878668172
0.3547968397
0.3479119639
0.3427200903
0.3417042889
0.3286117381
0.3651241535
0.3306433409
0.3651241535
0.3823363431
0.3320541761
0.3337471783
0.3334085779
0.2821106095
0.3134311512
0.3303047404
0.3317155756
0.3237584650
0.3540632054
0.3496049661
0.3823363431
0.3240970655
0.3299661400
0.2775959368
0.2955417607
0.3296275395
0.3547968397
0.3361738149
0.3031038375
0.3823363431
0.3754514673
0.3010158014
0.2727990971
0.2838036117
0.3768058691
0.3485891648
0.3427200903
0.3754514673
0.3913092551
0.3988713318
0.4167607223
0.4477990971
0.4119638826
0.4112866817
0.3933408578
0.3851015801
0.4091986456
0.4298532731
0.3823363431
0.4339729120
0.4050790068
0.3940180587
0.4147291196
0.4222911964
0.4319413093
0.4546839729
0.4126410835
0.4381489842
0.4154063205
0.4374153499
0.4415914221
0.4408577878
0.4801354402
0.4856659142
0.4884311512
0.4781038375
0.4422686230
0.4250564334
0.4539503386
0.4188487585
0.4257336343
0.4381489842
0.4347065463
0.5132054176
0.5125282167
0.4546839729
0.5256207675
0.4532731377
0.5049661400
0.4222911964
0.4573927765
0.4766930023
0.4718961625
0.4615688488
0.4064334086
0.4339729120
0.3898984199
0.4298532731
0.4395033860
0.4270880361
0.4284988713
0.4670428894
0.4443566591
0.4560383747
0.4615688488
0.4670428894
0.4863431151
0.4718961625
0.4891083521
0.4539503386
0.4656884876
0.4401805869
0.4332957111
0.4312641084
0.4036681716
0.4119638826
0.4415914221
0.4071106095
0.4236455982
0.3919864560
0.2707110609
0.3637133183
0.3602708804
0.3726862302
0.3630361174
0.3981941309
0.4167607223
0.3878668172
0.3726862302
0.3630361174
0.4684537246
0.3857787810
0.3713318284
0.3595936795
0.3561512415
0.3471783296
0.4029909707
0.3444695260
0.3754514673
0.3864559819
0.3754514673
0.3857787810
0.3961060948
0.4133182844
0.3802483070
0.4229683973
0.3506207675
0.3754514673
0.3492663657
0.3392776524
0.3351580135
0.3637133183
0.3705981941
0.3713318284
0.3844243792
0.3533860045
0.3568284424
0.3533860045
0.3575056433
0.3540632054
0.3506207675
0.4044018059
0.3974604966
0.3988713318
0.4002257336
0.3540632054
0.3774830700
0.3974604966
0.3981941309
0.4202031603
0.4147291196
0.3616817156
0.3609480813
0.4002257336
0.3658013544
0.3651241535
0.3947516930
0.3933408578
0.3761286682
0.3323927765
0.3303047404
0.3685665914
0.3878668172
0.3582392777
0.3209932280
0.2996613995
0.2786681716
0.3265237020
0.3209932280
0.2827878104
0.2772573363
0.2204288939
0.2576185102
0.2800225734
0.3037810384
0.2538374718
0.2696952596
0.2858916479
0.2566027088
0.2631489842
0.2769187359
0.2655756208
0.3113995485
0.2865688488
0.2528216704
0.2373024831
0.2366252822
0.3582392777
0.3468397291
0.3685665914
0.4243792325
0.3034424379
0.2824492099
0.3151805869
0.3623589165
0.3227426637
0.2741534989
0.2900112867
0.2531602709
0.3334085779
0.3265237020
0.2945259594
0.2790067720
0.2645598194
0.4298532731
0.4098758465
0.3720090293
0.3048532731
0.3454853273
0.3582392777
0.3065462754
0.3206546275
0.3382618510
0.3440744921
0.3151805869
0.3575056433
0.3595936795
0.3396162528
0.3348194131
0.3196388262
0.3234198646
0.3065462754
0.3768058691
0.3499435666
0.3489277652
0.3065462754
0.2769187359
0.2559255079
0.2696952596
0.2610609481
0.2772573363
0.2727990971
0.2983069977
0.2672686230
0.2752257336
0.2648984199
0.3155191874
0.3485891648
0.3602708804
0.3451467269
0.3678893905
0.3864559819
0.3905756208
0.3905756208
0.4050790068
0.3479119639
0.3454853273
0.3637133183
0.3809255079
0.3379232506
0.4139954853
0.3809255079
0.4139954853
0.4739277652
0.4470654628
0.4332957111
0.4525959368
0.4298532731
0.3809255079
0.4388261851
0.4787810384
0.4781038375
0.4519187359
0.4463882619
0.4491534989
0.4443566591
0.4491534989
0.4704853273
0.4512415350
0.4794582393
0.4208803612
0.4243792325
0.4629232506
0.4512415350
0.4098758465
0.4133182844
0.3940180587
0.3974604966
0.3499435666
0.3857787810
0.4491534989
0.4918735892
0.4401805869
0.4112866817
0.4009029345
0.3427200903
0.4567155756
0.4843115124
0.5063205418
0.4877539503
0.4794582393
0.4608916479
0.4643340858
0.4167607223
0.4567155756
0.4884311512
0.4270880361
0.4332957111
0.4064334086
0.3830135440
0.4202031603
0.4408577878
0.4395033860
0.3851015801
0.3898984199
0.3974604966
0.4057562077
0.4139954853
0.4746613995
0.5035553047
0.5022009029
0.4925507901
0.5221783296
0.4519187359
0.4849887133
0.5311512415
0.5097629797
0.5311512415
0.5338600451
0.3451467269
0.4822234763
0.3933408578
0.4704853273
0.4250564334
0.4133182844
0.4457110609
0.4835778781
0.5084085779
0.5455981941
0.5705417607
0.5331828442
0.5572799097
0.5442437923
0.5677200903
0.5476862302
0.5249435666
0.5705417607
0.5552483070
0.5084085779
0.4656884876
0.3851015801
0.5483634312
0.5545711061
0.5180586907
0.5277088036
0.5380361174
0.5408013544
0.5008465011
0.4712189616
0.4284988713
0.4222911964
0.3940180587
0.5511286682
0.4181715576
0.0000000100
0.0000000100
0.0000000100
0.0000000100
0.0000000100
0.0000000100
0.0000000100
0.0000000100
0.0000000100
0.0000000100
0.0000000100
0.0000000100
0.0000000100
0.0000000100
0.0000000100
0.0000000100
0.0000000100
0.0000000100
0.0000000100
0.0000000100
0.0000000100
0.0000000100
0.0000000100
0.0000000100
0.0000000100
0.0000000100
0.0000000100
0.0000000100
0.0000000100
0.0000000100
0.0000000100
0.0000000100
0.0000000100
0.0000000100
0.0000000100
0.0000000100
0.0000000100
0.0000000100
0.0000000100
0.0000000100
0.0000000100
0.0000000100
0.0000000100
0.0000000100
0.0000000100
0.0000000100
0.0000000100
0.0000000100
0.0000000100
0.0000000100
0.0000000100
0.0000000100
0.0000000100
0.0000000100
0.0000000100
0.0000000100
0.0000000100
0.0000000100
0.0000000100
0.0000000100
0.0000000100
0.0000000100
0.0000000100
0.0000000100
0.0000000100
0.0000000100
0.0000000100
0.0000000100
0.0000000100
0.0000000100
0.0000000100
0.0000000100
0.0000000100
0.0000000100
0.0000000100
0.0000000100
0.0000000100
0.0000000100
0.0000000100
0.0000000100
0.0000000100
0.0000000100
0.0000000100
0.0000000100
0.0000000100
0.0000000100
0.0000000100
0.0000000100
0.0000000100
0.0000000100
0.0000000100
0.0000000100
0.0000000100
0.0000000100
0.0000000100
0.0000000100
0.0000000100
0.0000000100
0.0000000100
0.0000000100
0.0000000100
0.0000000100
0.0000000100
0.0000000100
0.0000000100
0.0000000100
0.0000000100
0.0000000100
0.0000000100
0.0000000100
0.0000000100
0.0000000100
0.0000000100
0.0000000100
0.0000000100
0.0000000100
0.0000000100
0.0000000100
0.0000000100
0.0000000100
0.0000000100
0.0000000100
0.0000000100
0.0000000100
0.0000000100
0.0000000100
0.0000000100
0.0000000100
0.0000000100
0.0000000100
0.0000000100
0.0000000100
0.0000000100
0.0000000100
0.0000000100
0.0000000100
0.0000000100
0.0000000100
0.0000000100
0.0000000100
0.0000000100
0.0000000100
0.0000000100
0.0000000100
0.0000000100
0.0000000100
0.0000000100
0.0000000100
0.0000000100
0.0000000100
0.0000000100
0.0000000100
0.0000000100
0.0000000100
0.0000000100
0.0000000100
0.0000000100
0.0000000100
0.0000000100
0.0000000100
0.0000000100
0.0000000100
0.0000000100
0.0000000100
0.0000000100
0.0000000100
0.0000000100
0.0000000100
0.0000000100
0.0000000100
0.0000000100
0.0000000100
0.0000000100
0.0000000100
0.0000000100
0.0000000100
0.0000000100
0.0000000100
0.0000000100
0.0000000100
0.0000000100
0.0000000100
0.0000000100
0.0000000100
0.0000000100
0.0000000100
0.0000000100
0.0000000100
0.0000000100
0.0000000100
0.0000000100
0.0000000100
0.0000000100
0.0000000100
0.0000000100
0.0000000100
0.0000000100
0.0000000100
0.0000000100
0.0000000100
0.0000000100
0.0000000100
0.0000000100
0.0000000100
0.0000000100
0.0000000100
0.0000000100
0.0000000100
0.0000000100
0.0000000100
0.0000000100
0.0000000100
0.0000000100
0.0000000100
0.0000000100
0.0000000100
0.0000000100
0.0000000100
0.0000000100
0.0000000100
0.0000000100
0.0000000100
0.0000000100
0.0000000100
0.0000000100
0.0000000100
0.0000000100
0.0000000100
0.0000000100
0.0000000100
0.0000000100
0.0000000100
0.0000000100
0.0000000100
0.0000000100
0.0000000100
0.0000000100
0.0000000100
0.0000000100
0.0000000100
0.0000000100
0.0000000100
0.0000000100
0.0000000100
0.0000000100
0.0000000100
0.0000000100
0.0000000100
0.0000000100
0.0000000100
0.0000000100
0.0000000100
0.0000000100
0.0000000100
0.0000000100
0.0000000100
0.0000000100
0.0000000100
0.0000000100
0.0000000100
0.0000000100
0.0000000100
0.0000000100
0.0000000100
0.0000000100
0.0000000100
0.0000000100
0.0000000100
0.0000000100
0.0000000100
0.0000000100
0.0000000100
0.0000000100
0.0000000100
0.0000000100
0.0000000100
0.0000000100
0.0000000100
0.0000000100
0.0000000100
0.0000000100
0.0000000100
0.0000000100
0.0000000100
0.0000000100
0.0000000100
0.0000000100
0.0000000100
0.0000000100
0.0000000100
0.0000000100
0.0000000100
0.0000000100
0.0000000100
0.0000000100
0.0000000100
0.0000000100
0.0000000100
0.0000000100
0.0000000100
0.0000000100
0.0000000100
0.0000000100
0.0000000100
0.0000000100
0.0000000100
0.0000000100
0.0000000100
0.0000000100
0.0000000100
0.0000000100
0.0000000100
0.0000000100
0.0000000100
0.0000000100
0.0000000100
0.0000000100
0.0000000100
0.0000000100
0.0000000100
0.0000000100
0.0000000100
0.0000000100
0.0000000100
0.0000000100
0.0000000100
0.0000000100
0.0000000100
0.0000000100
0.0000000100
0.0000000100
0.0000000100
0.0000000100
0.0000000100
0.0000000100
0.0000000100
0.0000000100
0.0000000100
0.0000000100
0.0000000100
0.0000000100
0.0000000100
0.0000000100
0.0000000100
0.0000000100
0.0000000100
0.0000000100
0.0000000100
0.0000000100
0.0000000100
0.0000000100
0.0000000100
0.0000000100
0.0000000100
0.0000000100
0.0000000100
0.0000000100
0.0000000100
0.0000000100
0.0000000100
0.0000000100
0.0000000100
0.0000000100
0.0000000100
0.0000000100
0.0000000100
0.0000000100
0.0000000100
