0.0801600000
0.0792000000
0.0878933333
0.0805866667
0.0796800000
0.0830933333
0.0774933333
0.0854400000
0.0851200000
0.0822933333
0.0872533333
0.0803200000
0.0846400000
0.0822933333
0.0856000000
0.0792533333
0.0798400000
0.0764266667
0.0838400000
0.0792000000
0.0788800000
0.0827733333
0.0797333333
0.0843200000
0.0735466667
0.0744000000
0.0757866667
0.0809066667
0.0755200000
0.0733333333
0.0665600000
0.0698133333
0.0767466667
0.0708266667
0.0768000000
0.0663466667
0.0656000000
0.0672000000
0.0649600000
0.0632533333
0.0636266667
0.0574400000
0.0502933333
0.0554133333
0.0586666667
0.0488266667
0.0468746667
0.0497226667
0.0447573333
0.0431306667
0.0419946667
0.0394720000
0.0407733333
0.0384533333
0.0357653333
0.0330400000
0.0356853333
0.0305600000
0.0310080000
0.0275040000
0.0256746667
0.0264053333
0.0203040000
0.0200800000
0.0240480000
0.0198346667
0.0212426667
0.0201600000
0.0170293333
0.0154826667
0.0143253333
0.0148320000
0.0124533333
0.0137760000
0.0172906667
0.0125706667
0.0130400000
0.0134506667
0.0103360000
0.0119626667
0.0104800000
0.0117600000
0.0107840000
0.0115786667
0.0126773333
0.0132640000
0.0123893333
0.0105973333
0.0130613333
0.0126560000
0.0111893333
0.0127146667
0.0096640000
0.0112906667
0.0068640000
0.0092266667
0.0095413333
0.0079733333
0.0078720000
0.0068373333
0.0072533333
0.0070293333
0.0070293333
0.0098560000
0.0084426667
0.0097173333
0.0096853333
0.0076106667
0.0070880000
0.0078933333
0.0053200000
0.0060746667
0.0078453333
0.0088000000
0.0084213333
0.0062773333
0.0079626667
0.0051573333
0.0083733333
0.0074346667
0.0069600000
0.0078453333
0.0072853333
0.0070986667
0.0103680000
0.0094400000
0.0114720000
0.0101920000
0.0115786667
0.0113120000
0.0100106667
0.0136533333
0.0110080000
0.0094400000
0.0130826667
0.0135306667
0.0147893333
0.0136693333
0.0150346667
0.0150346667
0.0180266667
0.0134506667
0.0163360000
0.0149120000
0.0134880000
0.0147093333
0.0191040000
0.0199360000
0.0168640000
0.0206506667
0.0215680000
0.0196320000
0.0208746667
0.0206933333
0.0235200000
0.0241280000
0.0235573333
0.0236800000
0.0233973333
0.0235573333
0.0321866667
0.0443520000
0.0419093333
0.0470400000
0.0543466667
0.0513493333
0.0555200000
0.0530613333
0.0582933333
0.0546666667
0.0575466667
0.0596266667
0.0640533333
0.0634133333
0.0614400000
0.0618666667
0.0712000000
0.0726933333
0.0713600000
0.0683733333
0.0629333333
0.0737066667
0.0730666667
0.0738666667
0.0781866667
0.0772266667
0.0720000000
0.0727466667
0.0752533333
0.0705600000
0.0760000000
0.0744000000
0.0747200000
0.0818133333
0.0736533333
0.0804800000
0.0761600000
0.0816000000
0.0812800000
0.0870933333
0.0812266667
0.0800000000
0.0844800000
0.0866133333
0.0740800000
0.0862400000
0.0913066667
0.0986133333
0.0978133333
0.0947200000
0.0928000000
0.0960533333
0.1022400000
0.1058133333
0.0955200000
0.0991466667
0.0978133333
0.0997866667
0.1108266667
0.1114666667
0.1170133333
0.1137600000
0.1114666667
0.1054933333
0.1051200000
0.1424000000
0.2415466667
0.2708266667
0.2698666667
0.2613866667
0.2363200000
0.1245333333
0.0817066667
0.0787200000
0.0782933333
0.0749333333
0.0806400000
0.0785066667
0.0792000000
0.0813866667
0.0772266667
0.0769600000
0.0798400000
0.0745600000
0.0848000000
0.0752000000
0.0872533333
0.0779733333
0.0807466667
0.0804800000
0.0787200000
0.0821866667
0.0812266667
0.0812266667
0.0773333333
0.0802666667
0.0795200000
0.0844800000
0.0827733333
0.0820266667
0.0817066667
0.0793600000
0.0786133333
0.0781866667
0.0766400000
0.0772266667
0.0750933333
0.0767466667
0.0814400000
0.0821866667
0.0856000000
0.0822933333
0.0869333333
0.0794133333
0.0819733333
0.0909866667
0.0836800000
0.0948800000
0.0917866667
0.0970133333
0.0950400000
0.0971733333
0.1046400000
0.0955200000
0.1002666667
0.1032000000
0.1007466667
0.1030400000
0.1009066667
0.0996266667
0.1013866667
0.0948800000
0.1013866667
0.1046400000
0.1036800000
0.1017066667
0.1083733333
0.1061333333
0.1144000000
0.1129600000
0.1126400000
0.1196266667
0.1165333333
0.1171733333
0.1137600000
0.1193066667
0.1116800000
0.1106666667
0.1098666667
0.1103466667
0.1155733333
0.1046400000
0.1126400000
0.1015466667
0.1013866667
0.0948800000
0.0886933333
0.0875733333
0.0878933333
0.0878933333
0.0901866667
0.0802666667
0.0818666667
0.0726933333
0.0780266667
0.0694400000
0.0685333333
0.0671466667
0.0719466667
0.0585066667
0.0690666667
0.0608000000
0.0589866667
0.0600533333
0.0543466667
0.0515146667
0.0491520000
0.0477706667
0.0528960000
0.0411360000
0.0450826667
0.0424000000
0.0434560000
0.0398346667
0.0399573333
0.0395093333
0.0335680000
0.0300693333
0.0282773333
0.0286453333
0.0273440000
0.0269760000
0.0202826667
0.0208746667
0.0184746667
0.0177813333
0.0179466667
0.0183733333
0.0164000000
0.0164373333
0.0146880000
0.0170720000
0.0140373333
0.0154400000
0.0123520000
0.0134666667
0.0132640000
0.0146506667
0.0124320000
0.0142026667
0.0135893333
0.0137760000
0.0097066667
0.0130026667
0.0116800000
0.0103946667
0.0112533333
0.0109066667
0.0121066667
0.0090133333
0.0099093333
0.0105386667
0.0107413333
0.0087893333
0.0096960000
0.0091466667
0.0091466667
0.0082186667
0.0102453333
0.0093866667
0.0079733333
0.0096533333
0.0081493333
0.0096426667
0.0092693333
0.0082720000
0.0093173333
0.0094933333
0.0063573333
0.0011802667
0.0009360000
0.0027061333
0.0038757333
0.0067146667
0.0064586667
0.0088106667
0.0095200000
0.0078346667
0.0078240000
0.0061440000
0.0101120000
0.0070400000
0.0089706667
0.0071200000
0.0080160000
0.0075466667
0.0074880000
0.0081973333
0.0105813333
0.0114720000
0.0102240000
0.0125920000
0.0136320000
0.0109226667
0.0109440000
0.0119040000
0.0117813333
0.0129386667
0.0133440000
0.0153173333
0.0150346667
0.0132426667
0.0145280000
0.0171093333
0.0152000000
0.0172906667
0.0164800000
0.0158666667
0.0190826667
0.0173120000
0.0166026667
0.0173120000
0.0204266667
0.0172320000
0.0202026667
0.0194080000
0.0211573333
0.0203466667
0.0209973333
0.0229920000
0.0223413333
0.0209973333
0.0287680000
0.0256373333
0.0266506667
0.0263680000
0.0268960000
0.0273013333
0.0292586667
0.0330400000
0.0345440000
0.0314133333
0.0356426667
0.0338560000
0.0355200000
0.0361333333
0.0365013333
0.0394293333
0.0371093333
0.0349546667
0.0388586667
0.0364586667
0.0366613333
0.0373546667
0.0400000000
0.0367040000
0.0370666667
0.0367413333
0.0398773333
0.0429706667
0.0400800000
0.0397546667
0.0427253333
0.0441066667
0.0419946667
0.0445973333
0.0429706667
0.0437013333
0.0444320000
0.0440266667
0.0466293333
0.0437813333
0.0445973333
0.0448426667
0.0508640000
0.0491520000
0.0502133333
0.0433760000
0.0478506667
0.0455733333
0.0509440000
0.0506986667
0.0000000100
0.0000000100
0.0000000100
0.0000000100
0.0000000100
0.0000000100
0.0000000100
0.0000000100
0.0000000100
0.0000000100
0.0000000100
0.0000000100
0.0000000100
0.0000000100
0.0000000100
0.0000000100
0.0000000100
0.0000000100
0.0000000100
0.0000000100
0.0000000100
0.0000000100
0.0000000100
0.0000000100
0.0000000100
0.0000000100
0.0000000100
0.0000000100
0.0000000100
0.0000000100
0.0000000100
0.0000000100
0.0000000100
0.0000000100
0.0000000100
0.0000000100
0.0000000100
0.0000000100
0.0000000100
0.0000000100
0.0000000100
0.0000000100
0.0000000100
0.0000000100
0.0000000100
0.0000000100
0.0000000100
0.0000000100
0.0000000100
0.0000000100
0.0000000100
0.0000000100
0.0000000100
0.0000000100
0.0000000100
0.0000000100
0.0000000100
0.0000000100
0.0000000100
0.0000000100
0.0000000100
0.0000000100
0.0000000100
0.0000000100
0.0000000100
0.0000000100
0.0000000100
0.0000000100
0.0000000100
0.0000000100
0.0000000100
0.0000000100
0.0000000100
0.0000000100
0.0000000100
0.0000000100
0.0000000100
0.0000000100
0.0000000100
0.0000000100
0.0000000100
0.0000000100
0.0000000100
0.0000000100
0.0000000100
0.0000000100
0.0000000100
0.0000000100
0.0000000100
0.0000000100
0.0000000100
0.0000000100
0.0000000100
0.0000000100
0.0000000100
0.0000000100
0.0000000100
0.0000000100
0.0000000100
0.0000000100
0.0000000100
0.0000000100
0.0000000100
0.0000000100
0.0000000100
0.0000000100
0.0000000100
0.0000000100
0.0000000100
0.0000000100
0.0000000100
0.0000000100
0.0000000100
0.0000000100
0.0000000100
0.0000000100
0.0000000100
0.0000000100
0.0000000100
0.0000000100
0.0000000100
0.0000000100
0.0000000100
0.0000000100
0.0000000100
0.0000000100
0.0000000100
0.0000000100
0.0000000100
0.0000000100
0.0000000100
0.0000000100
0.0000000100
0.0000000100
0.0000000100
0.0000000100
0.0000000100
0.0000000100
0.0000000100
0.0000000100
0.0000000100
0.0000000100
0.0000000100
0.0000000100
0.0000000100
0.0000000100
0.0000000100
0.0000000100
0.0000000100
0.0000000100
0.0000000100
0.0000000100
0.0000000100
0.0000000100
0.0000000100
0.0000000100
0.0000000100
0.0000000100
0.0000000100
0.0000000100
0.0000000100
0.0000000100
0.0000000100
0.0000000100
0.0000000100
0.0000000100
0.0000000100
0.0000000100
0.0000000100
0.0000000100
0.0000000100
0.0000000100
0.0000000100
0.0000000100
0.0000000100
0.0000000100
0.0000000100
0.0000000100
0.0000000100
0.0000000100
0.0000000100
0.0000000100
0.0000000100
0.0000000100
0.0000000100
0.0000000100
0.0000000100
0.0000000100
0.0000000100
0.0000000100
0.0000000100
0.0000000100
0.0000000100
0.0000000100
0.0000000100
0.0000000100
0.0000000100
0.0000000100
0.0000000100
0.0000000100
0.0000000100
0.0000000100
0.0000000100
0.0000000100
0.0000000100
0.0000000100
0.0000000100
0.0000000100
0.0000000100
0.0000000100
0.0000000100
0.0000000100
0.0000000100
0.0000000100
0.0000000100
0.0000000100
0.0000000100
0.0000000100
0.0000000100
0.0000000100
0.0000000100
0.0000000100
0.0000000100
0.0000000100
0.0000000100
0.0000000100
0.0000000100
0.0000000100
0.0000000100
0.0000000100
0.0000000100
0.0000000100
0.0000000100
0.0000000100
0.0000000100
0.0000000100
0.0000000100
0.0000000100
0.0000000100
0.0000000100
0.0000000100
0.0000000100
0.0000000100
0.0000000100
0.0000000100
0.0000000100
0.0000000100
0.0000000100
0.0000000100
0.0000000100
0.0000000100
0.0000000100
0.0000000100
0.0000000100
0.0000000100
0.0000000100
0.0000000100
0.0000000100
0.0000000100
0.0000000100
0.0000000100
0.0000000100
0.0000000100
0.0000000100
0.0000000100
0.0000000100
0.0000000100
0.0000000100
0.0000000100
0.0000000100
0.0000000100
0.0000000100
0.0000000100
0.0000000100
0.0000000100
0.0000000100
0.0000000100
0.0000000100
0.0000000100
0.0000000100
0.0000000100
0.0000000100
0.0000000100
0.0000000100
0.0000000100
0.0000000100
0.0000000100
0.0000000100
0.0000000100
0.0000000100
0.0000000100
0.0000000100
0.0000000100
0.0000000100
0.0000000100
0.0000000100
0.0000000100
0.0000000100
0.0000000100
0.0000000100
0.0000000100
0.0000000100
0.0000000100
0.0000000100
0.0000000100
0.0000000100
0.0000000100
0.0000000100
0.0000000100
0.0000000100
0.0000000100
0.0000000100
0.0000000100
0.0000000100
0.0000000100
0.0000000100
0.0000000100
0.0000000100
0.0000000100
0.0000000100
0.0000000100
0.0000000100
0.0000000100
0.0000000100
0.0000000100
0.0000000100
0.0000000100
0.0000000100
0.0000000100
0.0000000100
0.0000000100
0.0000000100
0.0000000100
0.0000000100
0.0000000100
0.0000000100
0.0000000100
0.0000000100
0.0000000100
0.0000000100
0.0000000100
0.0000000100
0.0000000100
0.0000000100
0.0000000100
0.0000000100
0.0000000100
0.0000000100
0.0000000100
0.0000000100
0.0000000100
0.0000000100
0.0000000100
0.0000000100
0.0000000100
0.0000000100
0.0000000100
0.0000000100
0.0000000100
0.0000000100
0.0000000100
0.0000000100
0.0000000100
0.0000000100
0.0000000100
0.0000000100
0.0000000100
0.0000000100
