0.0538960000
0.0551120000
0.0587760000
0.0608560000
0.0551120000
0.0588400000
0.0582880000
0.0590240000
0.0559680000
0.0597520000
0.0603040000
0.0614000000
0.0563360000
0.0568240000
0.0571280000
0.0592080000
0.0587760000
0.0621360000
0.0619520000
0.0619520000
0.0583520000
0.0609760000
0.0602400000
0.0587120000
0.0581680000
0.0563360000
0.0586560000
0.0562160000
0.0568880000
0.0629920000
0.0620720000
0.0613440000
0.0608560000
0.0642080000
0.0664080000
0.0596320000
0.0606080000
0.0592080000
0.0606720000
0.0638400000
0.0667760000
0.0660400000
0.0683600000
0.0682400000
0.0644560000
0.0604880000
0.0607280000
0.0619520000
0.0608560000
0.0607280000
0.0608560000
0.0655520000
0.0672640000
0.0657920000
0.0632320000
0.0633520000
0.0637200000
0.0661600000
0.0617040000
0.0613440000
0.0620080000
0.0628640000
0.0643280000
0.0604240000
0.0636000000
0.0559120000
0.0565200000
0.0554160000
0.0571920000
0.0544400000
0.0549280000
0.0540800000
0.0560880000
0.0535280000
0.0505360000
0.0495600000
0.0476080000
0.0489520000
0.0521840000
0.0467520000
0.0476080000
0.0473600000
0.0492560000
0.0477920000
0.0493200000
0.0455920000
0.0439440000
0.0450400000
0.0410160000
0.0412560000
0.0424800000
0.0405280000
0.0368640000
0.0365600000
0.0368640000
0.0348480000
0.0346080000
0.0330800000
0.0374720000
0.0379040000
0.0361360000
0.0374720000
0.0405280000
0.0377200000
0.0391840000
0.0401040000
0.0358880000
0.0364960000
0.0369280000
0.0347920000
0.0358880000
0.0305760000
0.0302400000
0.0336320000
0.0316800000
0.0312160000
0.0313120000
0.0301520000
0.0308560000
0.0319200000
0.0321040000
0.0298480000
0.0297520000
0.0284400000
0.0289280000
0.0301520000
0.0265840000
0.0323520000
0.0324080000
0.0358240000
0.0365600000
0.0344240000
0.0361360000
0.0307920000
0.0302160000
0.0309440000
0.0311920000
0.0307600000
0.0347280000
0.0351600000
0.0348480000
0.0385760000
0.0361360000
0.0361360000
0.0333280000
0.0330240000
0.0389440000
0.0376560000
0.0341200000
0.0303360000
0.0346080000
0.0344240000
0.0360080000
0.0381440000
0.0405280000
0.0405280000
0.0379600000
0.0365600000
0.0407120000
0.0437600000
0.0427840000
0.0472400000
0.0459600000
0.0492560000
0.0437040000
0.0451040000
0.0411360000
0.0482800000
0.0508400000
0.0451680000
0.0448640000
0.0425440000
0.0420560000
0.0447360000
0.0458960000
0.0448000000
0.0488880000
0.0520000000
0.0458960000
0.0434560000
0.0441280000
0.0439440000
0.0452880000
0.0468720000
0.0454720000
0.0520000000
0.0451680000
0.0502960000
0.0478480000
0.0502320000
0.0469360000
0.0487680000
0.0480320000
0.0479120000
0.0487040000
0.0519440000
0.0930400000
0.0583520000
0.0549280000
0.0575600000
0.0543840000
0.0559680000
0.0595120000
0.0548720000
0.0573120000
0.0554160000
0.0540160000
0.0624400000
0.0598160000
0.0540160000
0.0542000000
0.0524880000
0.0460800000
0.0628640000
0.0569440000
0.0578000000
0.0553600000
0.0570080000
0.0590800000
0.0624400000
0.0602400000
0.0607280000
0.0579840000
0.0588400000
0.0577360000
0.0556640000
0.0578640000
0.0565760000
0.0510880000
0.0518160000
0.0546240000
0.0548720000
0.0526720000
0.0585920000
0.0627440000
0.0690880000
0.0665280000
0.0566400000
0.0515760000
0.0562160000
0.0536480000
0.0576160000
0.0590800000
0.0620720000
0.0637200000
0.0682400000
0.0650640000
0.0693360000
0.0618880000
0.0628640000
0.0640880000
0.0634800000
0.0618320000
0.0665280000
0.0638400000
0.0659200000
0.0700720000
0.0718960000
0.0723840000
0.0715360000
0.0744640000
0.0753200000
0.0703120000
0.0711680000
0.0679920000
0.0681120000
0.0682400000
0.0655520000
0.0639680000
0.0655520000
0.0703120000
0.0662880000
0.0706800000
0.0701920000
0.0684800000
0.0664080000
0.0673840000
0.0533440000
0.0479760000
0.0503520000
0.0734880000
0.0844800000
0.0909600000
0.0598160000
0.0506560000
0.0516320000
0.0579840000
0.0686000000
0.0688480000
0.0548080000
0.0507840000
0.0491920000
0.0527360000
0.0599360000
0.0600000000
0.0645760000
0.0675040000
0.0544400000
0.0524880000
0.0542640000
0.4272800000
0.5566400000
0.5576000000
0.5615200000
0.5654400000
0.5556800000
0.5615200000
0.5605600000
0.5488000000
0.5654400000
0.5781600000
0.5771200000
0.5781600000
0.5830400000
0.5830400000
0.5859200000
0.5781600000
0.5781600000
0.5810400000
0.5830400000
0.5820000000
1.0000000000
1.0000000000
1.0000000000
1.0000000000
1.0000000000
1.0000000000
1.0000000000
1.0000000000
1.0000000000
1.0000000000
1.0000000000
1.0000000000
1.0000000000
1.0000000000
1.0000000000
1.0000000000
1.0000000000
1.0000000000
1.0000000000
1.0000000000
1.0000000000
1.0000000000
1.0000000000
1.0000000000
1.0000000000
1.0000000000
1.0000000000
1.0000000000
1.0000000000
1.0000000000
1.0000000000
1.0000000000
1.0000000000
1.0000000000
1.0000000000
0.9744000000
1.0000000000
1.0000000000
1.0000000000
1.0000000000
1.0000000000
1.0000000000
1.0000000000
1.0000000000
1.0000000000
1.0000000000
1.0000000000
1.0000000000
1.0000000000
1.0000000000
1.0000000000
1.0000000000
1.0000000000
1.0000000000
1.0000000000
1.0000000000
1.0000000000
1.0000000000
1.0000000000
1.0000000000
1.0000000000
1.0000000000
1.0000000000
1.0000000000
1.0000000000
1.0000000000
1.0000000000
1.0000000000
1.0000000000
1.0000000000
1.0000000000
1.0000000000
1.0000000000
1.0000000000
1.0000000000
1.0000000000
1.0000000000
1.0000000000
1.0000000000
1.0000000000
1.0000000000
1.0000000000
1.0000000000
1.0000000000
1.0000000000
1.0000000000
1.0000000000
1.0000000000
1.0000000000
1.0000000000
1.0000000000
1.0000000000
1.0000000000
1.0000000000
1.0000000000
1.0000000000
1.0000000000
1.0000000000
1.0000000000
1.0000000000
1.0000000000
1.0000000000
1.0000000000
1.0000000000
1.0000000000
1.0000000000
1.0000000000
1.0000000000
1.0000000000
1.0000000000
1.0000000000
1.0000000000
1.0000000000
1.0000000000
1.0000000000
1.0000000000
1.0000000000
1.0000000000
1.0000000000
1.0000000000
1.0000000000
1.0000000000
1.0000000000
1.0000000000
1.0000000000
1.0000000000
1.0000000000
1.0000000000
1.0000000000
1.0000000000
1.0000000000
1.0000000000
1.0000000000
1.0000000000
1.0000000000
1.0000000000
1.0000000000
1.0000000000
1.0000000000
1.0000000000
1.0000000000
1.0000000000
1.0000000000
1.0000000000
1.0000000000
1.0000000000
1.0000000000
1.0000000000
1.0000000000
1.0000000000
1.0000000000
1.0000000000
1.0000000000
1.0000000000
1.0000000000
1.0000000000
1.0000000000
1.0000000000
1.0000000000
1.0000000000
1.0000000000
1.0000000000
1.0000000000
1.0000000000
1.0000000000
1.0000000000
1.0000000000
1.0000000000
1.0000000000
1.0000000000
1.0000000000
1.0000000000
1.0000000000
1.0000000000
1.0000000000
1.0000000000
1.0000000000
1.0000000000
1.0000000000
1.0000000000
1.0000000000
0.0000000100
0.0000000100
0.0000000100
0.0000000100
0.0000000100
0.0000000100
0.0000000100
0.0000000100
0.0000000100
0.0000000100
0.0000000100
0.0000000100
0.0000000100
0.0000000100
0.0000000100
0.0000000100
0.0000000100
0.0000000100
0.0000000100
0.0000000100
0.0000000100
0.0000000100
0.0000000100
0.0000000100
0.0000000100
0.0000000100
0.0000000100
0.0000000100
0.0000000100
0.0000000100
0.0000000100
0.0000000100
0.0000000100
0.0000000100
0.0000000100
0.0000000100
0.0000000100
0.0000000100
0.0000000100
0.0000000100
0.0000000100
0.0000000100
0.0000000100
0.0000000100
0.0000000100
0.0000000100
0.0000000100
0.0000000100
0.0000000100
0.0000000100
0.0000000100
0.0000000100
0.0000000100
0.0000000100
0.0000000100
0.0000000100
0.0000000100
0.0000000100
0.0000000100
0.0000000100
0.0000000100
0.0000000100
0.0000000100
0.0000000100
0.0000000100
0.0000000100
0.0000000100
0.0000000100
0.0000000100
0.0000000100
0.0000000100
0.0000000100
0.0000000100
0.0000000100
0.0000000100
0.0000000100
0.0000000100
0.0000000100
0.0000000100
0.0000000100
0.0000000100
0.0000000100
0.0000000100
0.0000000100
0.0000000100
0.0000000100
0.0000000100
0.0000000100
0.0000000100
0.0000000100
0.0000000100
0.0000000100
0.0000000100
0.0000000100
0.0000000100
0.0000000100
0.0000000100
0.0000000100
0.0000000100
0.0000000100
0.0000000100
0.0000000100
0.0000000100
0.0000000100
0.0000000100
0.0000000100
0.0000000100
0.0000000100
0.0000000100
0.0000000100
0.0000000100
0.0000000100
0.0000000100
0.0000000100
0.0000000100
0.0000000100
0.0000000100
0.0000000100
0.0000000100
0.0000000100
0.0000000100
0.0000000100
0.0000000100
0.0000000100
0.0000000100
0.0000000100
0.0000000100
0.0000000100
0.0000000100
0.0000000100
0.0000000100
0.0000000100
0.0000000100
0.0000000100
0.0000000100
0.0000000100
0.0000000100
0.0000000100
0.0000000100
0.0000000100
0.0000000100
0.0000000100
0.0000000100
0.0000000100
0.0000000100
0.0000000100
0.0000000100
0.0000000100
0.0000000100
0.0000000100
0.0000000100
0.0000000100
0.0000000100
0.0000000100
0.0000000100
0.0000000100
0.0000000100
0.0000000100
0.0000000100
0.0000000100
0.0000000100
0.0000000100
0.0000000100
0.0000000100
0.0000000100
0.0000000100
0.0000000100
0.0000000100
0.0000000100
0.0000000100
0.0000000100
0.0000000100
0.0000000100
0.0000000100
0.0000000100
0.0000000100
0.0000000100
0.0000000100
0.0000000100
0.0000000100
0.0000000100
0.0000000100
0.0000000100
0.0000000100
0.0000000100
0.0000000100
0.0000000100
0.0000000100
0.0000000100
0.0000000100
0.0000000100
0.0000000100
0.0000000100
0.0000000100
0.0000000100
0.0000000100
0.0000000100
0.0000000100
0.0000000100
0.0000000100
0.0000000100
0.0000000100
0.0000000100
0.0000000100
0.0000000100
0.0000000100
0.0000000100
0.0000000100
0.0000000100
0.0000000100
0.0000000100
0.0000000100
0.0000000100
0.0000000100
0.0000000100
0.0000000100
0.0000000100
0.0000000100
0.0000000100
0.0000000100
0.0000000100
0.0000000100
0.0000000100
0.0000000100
0.0000000100
0.0000000100
0.0000000100
0.0000000100
0.0000000100
0.0000000100
0.0000000100
0.0000000100
0.0000000100
0.0000000100
0.0000000100
0.0000000100
0.0000000100
0.0000000100
0.0000000100
0.0000000100
0.0000000100
0.0000000100
0.0000000100
0.0000000100
0.0000000100
0.0000000100
0.0000000100
0.0000000100
0.0000000100
0.0000000100
0.0000000100
0.0000000100
0.0000000100
0.0000000100
0.0000000100
0.0000000100
0.0000000100
0.0000000100
0.0000000100
0.0000000100
0.0000000100
0.0000000100
0.0000000100
0.0000000100
0.0000000100
0.0000000100
0.0000000100
0.0000000100
0.0000000100
0.0000000100
0.0000000100
0.0000000100
0.0000000100
0.0000000100
0.0000000100
0.0000000100
0.0000000100
0.0000000100
0.0000000100
0.0000000100
0.0000000100
0.0000000100
0.0000000100
0.0000000100
0.0000000100
0.0000000100
0.0000000100
0.0000000100
0.0000000100
0.0000000100
0.0000000100
0.0000000100
0.0000000100
0.0000000100
0.0000000100
0.0000000100
0.0000000100
0.0000000100
0.0000000100
0.0000000100
0.0000000100
0.0000000100
0.0000000100
0.0000000100
0.0000000100
0.0000000100
0.0000000100
0.0000000100
0.0000000100
0.0000000100
0.0000000100
0.0000000100
0.0000000100
0.0000000100
0.0000000100
0.0000000100
0.0000000100
0.0000000100
0.0000000100
0.0000000100
0.0000000100
0.0000000100
0.0000000100
0.0000000100
0.0000000100
0.0000000100
0.0000000100
0.0000000100
0.0000000100
0.0000000100
0.0000000100
0.0000000100
0.0000000100
0.0000000100
0.0000000100
0.0000000100
0.0000000100
0.0000000100
0.0000000100
0.0000000100
0.0000000100
0.0000000100
0.0000000100
0.0000000100
0.0000000100
0.0000000100
0.0000000100
0.0000000100
0.0000000100
0.0000000100
0.0000000100
0.0000000100
0.0000000100
0.0000000100
0.0000000100
0.0000000100
0.0000000100
0.0000000100
0.0000000100
0.0000000100
0.0000000100
0.0000000100
0.0000000100
0.0000000100
0.0000000100
0.0000000100
0.0000000100
0.0000000100
