0.3984000000
0.4200000000
0.3662400000
0.3974400000
0.3862400000
0.4228800000
0.4472000000
0.4512000000
0.4707200000
0.4497600000
0.3579200000
0.3486400000
0.4131200000
0.4131200000
0.4038400000
0.3905600000
0.3862400000
0.3731200000
0.3808000000
0.3750400000
0.3710400000
0.3808000000
0.3760000000
0.3760000000
0.4136000000
0.3945600000
0.3979200000
0.3891200000
0.3857600000
0.3798400000
0.3838400000
0.3648000000
0.3700800000
0.3798400000
0.3686400000
0.3798400000
0.3950400000
0.3979200000
0.4024000000
0.4545600000
0.4907200000
0.4662400000
0.4916800000
0.4785600000
0.4540800000
0.4428800000
0.4048000000
0.3812800000
0.4174400000
0.4107200000
0.3779200000
0.3881600000
0.4297600000
0.4019200000
0.3848000000
0.3750400000
0.3686400000
0.3662400000
0.3710400000
0.3667200000
0.3720000000
0.3705600000
0.3672000000
0.3720000000
0.3724800000
0.3638400000
0.3824000000
0.3793600000
0.3731200000
0.3921600000
0.4652800000
0.4736000000
0.5126400000
0.4336000000
0.3520000000
0.3491200000
0.3545600000
0.3700800000
0.3731200000
0.3500800000
0.3710400000
0.3633600000
0.3700800000
0.3579200000
0.3857600000
0.3803200000
0.3808000000
0.3779200000
0.3955200000
0.3950400000
0.4257600000
0.4164800000
0.4145600000
0.4350400000
0.4014400000
0.4033600000
0.4081600000
0.3945600000
0.4136000000
0.4100800000
0.4014400000
0.3955200000
0.3900800000
0.3745600000
0.3648000000
0.3755200000
0.4184000000
0.4136000000
0.4043200000
0.4062400000
0.3784000000
0.3779200000
0.3622400000
0.3612800000
0.3876800000
0.3843200000
0.3808000000
0.3862400000
0.3784000000
0.3686400000
0.3936000000
0.3740800000
0.3808000000
0.3724800000
0.3843200000
0.3812800000
0.4364800000
0.4516800000
0.4804800000
0.5204800000
0.4736000000
0.4462400000
0.3964800000
0.3817600000
0.3848000000
0.3900800000
0.3955200000
0.3993600000
0.4091200000
0.4043200000
0.4160000000
0.4126400000
0.4081600000
0.4038400000
0.4174400000
0.4043200000
0.3921600000
0.4136000000
0.4057600000
0.3838400000
0.4179200000
0.4291200000
0.4609600000
0.4369600000
0.4262400000
0.4257600000
0.4395200000
0.3896000000
0.4112000000
0.4019200000
0.4409600000
0.4448000000
0.4609600000
0.4585600000
0.4502400000
0.4507200000
0.4214400000
0.4740800000
0.5233600000
0.4433600000
0.4224000000
0.4443200000
0.4521600000
0.4307200000
0.4326400000
0.4252800000
0.4033600000
0.4276800000
0.4452800000
0.4384000000
0.4550400000
0.4512000000
0.4424000000
0.4448000000
0.4257600000
0.4433600000
0.4457600000
0.4155200000
0.4003200000
0.3910400000
0.3905600000
0.3881600000
0.3993600000
0.3931200000
0.3984000000
0.4067200000
0.4019200000
0.3817600000
0.4014400000
0.4052800000
0.3843200000
0.3900800000
0.3921600000
0.3779200000
0.4024000000
0.3862400000
0.3969600000
0.4038400000
0.4488000000
0.4276800000
0.4516800000
0.4492800000
0.4140800000
0.4340800000
0.4286400000
0.4107200000
0.4350400000
0.4209600000
0.4267200000
0.4424000000
0.4540800000
0.4345600000
0.4272000000
0.4043200000
0.4091200000
0.4024000000
0.4507200000
0.4545600000
0.4848000000
0.4516800000
0.4497600000
0.4521600000
0.4555200000
0.4281600000
0.4076800000
0.3926400000
0.4008000000
0.4131200000
0.4052800000
0.4086400000
0.4145600000
0.3945600000
0.4081600000
0.4052800000
0.4233600000
0.4424000000
0.4233600000
0.3998400000
0.4091200000
0.3788800000
0.3993600000
0.4281600000
0.4555200000
0.4521600000
0.4916800000
0.4750400000
0.4966400000
0.4985600000
0.5126400000
0.5166400000
0.5088000000
0.5116800000
0.4971200000
0.4731200000
0.5166400000
0.4888000000
0.4814400000
0.4940800000
0.4814400000
0.4888000000
0.4990400000
0.4852800000
0.4878400000
0.5019200000
0.5283200000
0.4921600000
0.4990400000
0.4790400000
0.4760000000
0.4619200000
0.4243200000
0.3867200000
0.4321600000
0.3969600000
0.3955200000
0.4100800000
0.3931200000
0.3848000000
0.4164800000
0.4038400000
0.3950400000
0.3950400000
0.3974400000
0.4048000000
0.4555200000
0.4604800000
0.4512000000
0.3984000000
0.4107200000
0.3793600000
0.4697600000
0.3867200000
0.3955200000
0.3900800000
0.3979200000
0.4174400000
0.4248000000
0.3793600000
0.3593600000
0.3769600000
0.3764800000
0.3867200000
0.4136000000
0.3784000000
0.3764800000
0.3657600000
0.3448000000
0.3686400000
0.3793600000
0.3652800000
0.3691200000
0.3764800000
0.3764800000
0.3769600000
0.4272000000
0.3652800000
0.3740800000
0.3812800000
0.3681600000
0.3667200000
0.3838400000
0.3667200000
0.3672000000
0.3984000000
0.3817600000
0.3720000000
0.3745600000
0.3696000000
0.3691200000
0.3500800000
0.3329600000
0.3267200000
0.3320000000
0.3427200000
0.3457600000
0.3408000000
0.3452800000
0.3793600000
0.3838400000
0.3603200000
0.3408000000
0.3193600000
0.3286400000
0.3276800000
0.3638400000
0.3227200000
0.3212800000
0.3158400000
0.3227200000
0.3184000000
0.3457600000
0.3267200000
0.3633600000
0.3921600000
0.3803200000
0.3715200000
0.3910400000
0.3633600000
0.3774400000
0.3648000000
0.3452800000
0.3281600000
0.3886400000
0.4136000000
0.3862400000
0.4052800000
0.4076800000
0.4086400000
0.4188800000
0.3969600000
0.3828800000
0.3750400000
0.3643200000
0.3964800000
0.4121600000
0.4057600000
0.4019200000
0.3950400000
0.3988800000
0.4233600000
0.4276800000
0.4369600000
0.4345600000
0.4043200000
0.4145600000
0.4048000000
0.4219200000
0.4107200000
0.4360000000
0.4155200000
0.4003200000
0.4179200000
0.4374400000
0.4224000000
0.4248000000
0.4428800000
0.4400000000
0.4179200000
0.4395200000
0.4067200000
0.4145600000
0.4219200000
0.4404800000
0.4140800000
0.4164800000
0.4169600000
0.4140800000
0.4267200000
0.4580800000
0.4336000000
0.4414400000
0.4345600000
0.4628800000
0.4360000000
0.4414400000
0.4116800000
0.4312000000
0.3974400000
0.4107200000
0.3969600000
0.4291200000
0.4302400000
0.4760000000
0.4428800000
0.4443200000
0.4321600000
0.4112000000
0.4008000000
0.4033600000
0.4024000000
0.4003200000
0.4160000000
0.4184000000
0.4062400000
0.4160000000
0.4243200000
0.4350400000
0.4062400000
0.3936000000
0.3955200000
0.4404800000
0.4291200000
0.4302400000
0.4409600000
0.4419200000
0.4214400000
0.4472000000
0.4350400000
0.4321600000
0.4321600000
0.4091200000
0.4345600000
0.4516800000
0.4364800000
0.4340800000
0.4326400000
0.4179200000
0.4193600000
0.4291200000
0.4272000000
0.4476800000
0.4536000000
0.4540800000
0.4526400000
0.4345600000
0.4316800000
0.4384000000
0.4560000000
0.4868800000
0.4760000000
0.4878400000
0.4648000000
0.4716800000
0.4740800000
0.4760000000
0.4897600000
0.5009600000
0.4843200000
0.4652800000
0.4931200000
0.4697600000
0.4531200000
0.5088000000
0.4961600000
0.5049600000
0.5156800000
0.5156800000
0.5185600000
0.5312000000
0.5107200000
0.4985600000
0.4995200000
0.0000000100
0.0000000100
0.0000000100
0.0000000100
0.0000000100
0.0000000100
0.0000000100
0.0000000100
0.0000000100
0.0000000100
0.0000000100
0.0000000100
0.0000000100
0.0000000100
0.0000000100
0.0000000100
0.0000000100
0.0000000100
0.0000000100
0.0000000100
0.0000000100
0.0000000100
0.0000000100
0.0000000100
0.0000000100
0.0000000100
0.0000000100
0.0000000100
0.0000000100
0.0000000100
0.0000000100
0.0000000100
0.0000000100
0.0000000100
0.0000000100
0.0000000100
0.0000000100
0.0000000100
0.0000000100
0.0000000100
0.0000000100
0.0000000100
0.0000000100
0.0000000100
0.0000000100
0.0000000100
0.0000000100
0.0000000100
0.0000000100
0.0000000100
0.0000000100
0.0000000100
0.0000000100
0.0000000100
0.0000000100
0.0000000100
0.0000000100
0.0000000100
0.0000000100
0.0000000100
0.0000000100
0.0000000100
0.0000000100
0.0000000100
0.0000000100
0.0000000100
0.0000000100
0.0000000100
0.0000000100
0.0000000100
0.0000000100
0.0000000100
0.0000000100
0.0000000100
0.0000000100
0.0000000100
0.0000000100
0.0000000100
0.0000000100
0.0000000100
0.0000000100
0.0000000100
0.0000000100
0.0000000100
0.0000000100
0.0000000100
0.0000000100
0.0000000100
0.0000000100
0.0000000100
0.0000000100
0.0000000100
0.0000000100
0.0000000100
0.0000000100
0.0000000100
0.0000000100
0.0000000100
0.0000000100
0.0000000100
0.0000000100
0.0000000100
0.0000000100
0.0000000100
0.0000000100
0.0000000100
0.0000000100
0.0000000100
0.0000000100
0.0000000100
0.0000000100
0.0000000100
0.0000000100
0.0000000100
0.0000000100
0.0000000100
0.0000000100
0.0000000100
0.0000000100
0.0000000100
0.0000000100
0.0000000100
0.0000000100
0.0000000100
0.0000000100
0.0000000100
0.0000000100
0.0000000100
0.0000000100
0.0000000100
0.0000000100
0.0000000100
0.0000000100
0.0000000100
0.0000000100
0.0000000100
0.0000000100
0.0000000100
0.0000000100
0.0000000100
0.0000000100
0.0000000100
0.0000000100
0.0000000100
0.0000000100
0.0000000100
0.0000000100
0.0000000100
0.0000000100
0.0000000100
0.0000000100
0.0000000100
0.0000000100
0.0000000100
0.0000000100
0.0000000100
0.0000000100
0.0000000100
0.0000000100
0.0000000100
0.0000000100
0.0000000100
0.0000000100
0.0000000100
0.0000000100
0.0000000100
0.0000000100
0.0000000100
0.0000000100
0.0000000100
0.0000000100
0.0000000100
0.0000000100
0.0000000100
0.0000000100
0.0000000100
0.0000000100
0.0000000100
0.0000000100
0.0000000100
0.0000000100
0.0000000100
0.0000000100
0.0000000100
0.0000000100
0.0000000100
0.0000000100
0.0000000100
0.0000000100
0.0000000100
0.0000000100
0.0000000100
0.0000000100
0.0000000100
0.0000000100
0.0000000100
0.0000000100
0.0000000100
0.0000000100
0.0000000100
0.0000000100
0.0000000100
0.0000000100
0.0000000100
0.0000000100
0.0000000100
0.0000000100
0.0000000100
0.0000000100
0.0000000100
0.0000000100
0.0000000100
0.0000000100
0.0000000100
0.0000000100
0.0000000100
0.0000000100
0.0000000100
0.0000000100
0.0000000100
0.0000000100
0.0000000100
0.0000000100
0.0000000100
0.0000000100
0.0000000100
0.0000000100
0.0000000100
0.0000000100
0.0000000100
0.0000000100
0.0000000100
0.0000000100
0.0000000100
0.0000000100
0.0000000100
0.0000000100
0.0000000100
0.0000000100
0.0000000100
0.0000000100
0.0000000100
0.0000000100
0.0000000100
0.0000000100
0.0000000100
0.0000000100
0.0000000100
0.0000000100
0.0000000100
0.0000000100
0.0000000100
0.0000000100
0.0000000100
0.0000000100
0.0000000100
0.0000000100
0.0000000100
0.0000000100
0.0000000100
0.0000000100
0.0000000100
0.0000000100
0.0000000100
0.0000000100
0.0000000100
0.0000000100
0.0000000100
0.0000000100
0.0000000100
0.0000000100
0.0000000100
0.0000000100
0.0000000100
0.0000000100
0.0000000100
0.0000000100
0.0000000100
0.0000000100
0.0000000100
0.0000000100
0.0000000100
0.0000000100
0.0000000100
0.0000000100
0.0000000100
0.0000000100
0.0000000100
0.0000000100
0.0000000100
0.0000000100
0.0000000100
0.0000000100
0.0000000100
0.0000000100
0.0000000100
0.0000000100
0.0000000100
0.0000000100
0.0000000100
0.0000000100
0.0000000100
0.0000000100
0.0000000100
0.0000000100
0.0000000100
0.0000000100
0.0000000100
0.0000000100
0.0000000100
0.0000000100
0.0000000100
0.0000000100
0.0000000100
0.0000000100
0.0000000100
0.0000000100
0.0000000100
0.0000000100
0.0000000100
0.0000000100
0.0000000100
0.0000000100
0.0000000100
0.0000000100
0.0000000100
0.0000000100
0.0000000100
0.0000000100
0.0000000100
0.0000000100
0.0000000100
0.0000000100
0.0000000100
0.0000000100
0.0000000100
0.0000000100
0.0000000100
0.0000000100
0.0000000100
0.0000000100
0.0000000100
0.0000000100
0.0000000100
0.0000000100
0.0000000100
0.0000000100
0.0000000100
0.0000000100
0.0000000100
0.0000000100
0.0000000100
0.0000000100
0.0000000100
0.0000000100
0.0000000100
0.0000000100
0.0000000100
0.0000000100
0.0000000100
0.0000000100
0.0000000100
0.0000000100
0.0000000100
0.0000000100
0.0000000100
0.0000000100
0.0000000100
