0.0574320000
0.0622560000
0.0590240000
0.0640880000
0.0618320000
0.0661600000
0.0653040000
0.0621920000
0.0621360000
0.0666480000
0.0780000000
0.0754400000
0.0673840000
0.0679920000
0.0668960000
0.0657920000
0.0677520000
0.0690880000
0.0651840000
0.0660400000
0.0684800000
0.0679920000
0.0681120000
0.0676240000
0.0650640000
0.0632320000
0.0671360000
0.0679920000
0.0651840000
0.0703120000
0.0667760000
0.0701920000
0.0661600000
0.0715360000
0.0639680000
0.0626240000
0.0670160000
0.0655520000
0.0710480000
0.0722640000
0.0732400000
0.0737280000
0.0784880000
0.0776400000
0.0743440000
0.0675040000
0.0661600000
0.0644560000
0.0642080000
0.0617040000
0.0650640000
0.0657920000
0.0653040000
0.0657920000
0.0642080000
0.0631120000
0.0614640000
0.0639680000
0.0640880000
0.0643280000
0.0668960000
0.0651840000
0.0648160000
0.0596320000
0.0602400000
0.0600560000
0.0600560000
0.0595120000
0.0640880000
0.0636000000
0.0609120000
0.0580480000
0.0546880000
0.0518800000
0.0546240000
0.0518800000
0.0505360000
0.0524880000
0.0489520000
0.0480960000
0.0483360000
0.0477280000
0.0478480000
0.0470560000
0.0484000000
0.0463280000
0.0474240000
0.0448000000
0.0384560000
0.0394880000
0.0396720000
0.0406480000
0.0365600000
0.0379040000
0.0355840000
0.0320400000
0.0334480000
0.0302160000
0.0349760000
0.0341200000
0.0350960000
0.0354000000
0.0336320000
0.0343600000
0.0372960000
0.0376000000
0.0381440000
0.0356480000
0.0370480000
0.0360720000
0.0313760000
0.0291440000
0.0279840000
0.0290800000
0.0295680000
0.0278000000
0.0331440000
0.0302160000
0.0301200000
0.0327760000
0.0307600000
0.0362560000
0.0313760000
0.0277680000
0.0250240000
0.0307920000
0.0261840000
0.0285920000
0.0278960000
0.0274080000
0.0267920000
0.0283200000
0.0281040000
0.0303680000
0.0312480000
0.0338720000
0.0380880000
0.0326560000
0.0282320000
0.0282560000
0.0284400000
0.0285920000
0.0308800000
0.0322240000
0.0361920000
0.0366800000
0.0376000000
0.0393680000
0.0424160000
0.0390640000
0.0391840000
0.0415680000
0.0382080000
0.0366240000
0.0406480000
0.0375360000
0.0417520000
0.0443760000
0.0445520000
0.0476080000
0.0468160000
0.0424800000
0.0437600000
0.0469360000
0.0451040000
0.0446160000
0.0463280000
0.0489520000
0.0508400000
0.0498640000
0.0490080000
0.0454720000
0.0504800000
0.0495600000
0.0477280000
0.0502320000
0.0548080000
0.0561520000
0.0528560000
0.0480320000
0.0538320000
0.0498640000
0.0526720000
0.0500480000
0.0523040000
0.0545680000
0.0556640000
0.0541360000
0.0526160000
0.0577360000
0.0565200000
0.0587120000
0.0965600000
0.0604880000
0.0621360000
0.0588960000
0.0542640000
0.0559680000
0.0600000000
0.0601840000
0.0642080000
0.0584080000
0.0659200000
0.0608560000
0.0603040000
0.0621920000
0.0624960000
0.0637200000
0.0624960000
0.0728720000
0.0640880000
0.0656720000
0.0684800000
0.0629920000
0.0617040000
0.0640880000
0.0620080000
0.0720240000
0.0668960000
0.0682400000
0.0671360000
0.0650640000
0.0613440000
0.0643280000
0.0664080000
0.0677520000
0.0692160000
0.0651840000
0.0697040000
0.0712880000
0.0705600000
0.0664080000
0.0684800000
0.0672640000
0.0693360000
0.0671360000
0.0726320000
0.0743440000
0.0775120000
0.0725120000
0.0754400000
0.0769040000
0.0717760000
0.0754400000
0.0770240000
0.0808000000
0.0788560000
0.0722640000
0.0718960000
0.0701920000
0.0740960000
0.0718960000
0.0699440000
0.0732400000
0.0698240000
0.0711680000
0.0748320000
0.0747040000
0.0812000000
0.0840800000
0.0840000000
0.0812800000
0.0838400000
0.0776400000
0.0709200000
0.0761680000
0.0789760000
0.0781280000
0.0810400000
0.0816800000
0.0840800000
0.0798320000
0.0814400000
0.0853600000
0.0903200000
0.0936000000
0.0884800000
0.0733680000
0.0649440000
0.0667760000
0.1000000000
0.1009600000
0.1100800000
0.0720240000
0.0688480000
0.0631120000
0.0807200000
0.0907200000
0.0875200000
0.0703120000
0.0626240000
0.0653040000
0.0656720000
0.0653040000
0.0736080000
0.0863200000
0.0854400000
0.0644560000
0.0657920000
0.0616480000
0.4243200000
0.5634400000
0.5712800000
0.5761600000
0.5761600000
0.5673600000
0.5624800000
0.5605600000
0.5615200000
0.5761600000
0.5976800000
0.5966400000
0.5976800000
0.5928000000
0.5986400000
0.5976800000
0.5976800000
0.5947200000
0.5917600000
0.6064800000
0.6435200000
0.6074400000
0.6064800000
0.5956800000
0.5956800000
0.5976800000
0.6035200000
0.5937600000
0.5966400000
0.5966400000
0.5947200000
0.5947200000
0.5917600000
0.5947200000
0.5937600000
0.5966400000
0.5937600000
0.5879200000
0.5908000000
0.5830400000
0.5820000000
0.5810400000
0.5830400000
0.5849600000
0.5810400000
0.5820000000
0.5879200000
0.5830400000
0.5722400000
0.5585600000
0.5547200000
0.5556800000
0.5517600000
0.5547200000
0.5536800000
0.5527200000
0.5585600000
0.5556800000
0.5459200000
0.5439200000
0.5459200000
0.5547200000
0.5556800000
0.5654400000
0.5449600000
0.5439200000
0.5429600000
0.5459200000
0.5429600000
0.5449600000
0.5673600000
0.5390400000
0.5371200000
0.5371200000
0.5400000000
0.5400000000
0.5429600000
0.5361600000
0.5400000000
0.5361600000
0.5478400000
0.5527200000
0.5468800000
0.5449600000
0.5420000000
0.5439200000
0.5439200000
0.5371200000
0.5380800000
0.5390400000
0.5429600000
0.5390400000
0.5361600000
0.5361600000
0.5341600000
0.5351200000
0.5371200000
0.5351200000
0.5351200000
0.5351200000
0.5380800000
0.5351200000
0.5351200000
0.5351200000
0.5332000000
0.5322400000
0.5332000000
0.5302400000
0.5332000000
0.5302400000
0.5332000000
0.5351200000
0.5332000000
0.5322400000
0.5322400000
0.5312800000
0.5351200000
0.5312800000
0.5341600000
0.5332000000
0.5351200000
0.5371200000
0.5371200000
0.5371200000
0.5341600000
0.5351200000
0.5380800000
0.5390400000
0.5390400000
0.5371200000
0.5380800000
0.5420000000
0.5410400000
0.5429600000
0.5371200000
0.5390400000
0.5429600000
0.5439200000
0.5468800000
0.5449600000
0.5449600000
0.5439200000
0.5429600000
0.5429600000
0.5439200000
0.5439200000
0.5429600000
0.5429600000
0.5449600000
0.5459200000
0.5527200000
0.5468800000
0.5536800000
0.5459200000
0.5468800000
0.5508000000
0.5527200000
0.5478400000
0.5488000000
0.5517600000
0.5517600000
0.5508000000
0.5498400000
0.5517600000
0.5527200000
0.5547200000
0.5498400000
0.5468800000
0.5508000000
0.5380800000
0.5390400000
0.5371200000
0.5371200000
0.5351200000
0.5380800000
0.5361600000
0.5840000000
0.5508000000
0.5488000000
0.5508000000
0.5517600000
0.5498400000
0.5488000000
0.5547200000
0.5556800000
0.5547200000
0.5527200000
0.5566400000
0.5556800000
0.5508000000
0.5527200000
0.5547200000
0.5536800000
0.5547200000
0.5566400000
0.5566400000
0.5596000000
0.5585600000
0.5498400000
0.5449600000
0.0000000100
0.0000000100
0.0000000100
0.0000000100
0.0000000100
0.0000000100
0.0000000100
0.0000000100
0.0000000100
0.0000000100
0.0000000100
0.0000000100
0.0000000100
0.0000000100
0.0000000100
0.0000000100
0.0000000100
0.0000000100
0.0000000100
0.0000000100
0.0000000100
0.0000000100
0.0000000100
0.0000000100
0.0000000100
0.0000000100
0.0000000100
0.0000000100
0.0000000100
0.0000000100
0.0000000100
0.0000000100
0.0000000100
0.0000000100
0.0000000100
0.0000000100
0.0000000100
0.0000000100
0.0000000100
0.0000000100
0.0000000100
0.0000000100
0.0000000100
0.0000000100
0.0000000100
0.0000000100
0.0000000100
0.0000000100
0.0000000100
0.0000000100
0.0000000100
0.0000000100
0.0000000100
0.0000000100
0.0000000100
0.0000000100
0.0000000100
0.0000000100
0.0000000100
0.0000000100
0.0000000100
0.0000000100
0.0000000100
0.0000000100
0.0000000100
0.0000000100
0.0000000100
0.0000000100
0.0000000100
0.0000000100
0.0000000100
0.0000000100
0.0000000100
0.0000000100
0.0000000100
0.0000000100
0.0000000100
0.0000000100
0.0000000100
0.0000000100
0.0000000100
0.0000000100
0.0000000100
0.0000000100
0.0000000100
0.0000000100
0.0000000100
0.0000000100
0.0000000100
0.0000000100
0.0000000100
0.0000000100
0.0000000100
0.0000000100
0.0000000100
0.0000000100
0.0000000100
0.0000000100
0.0000000100
0.0000000100
0.0000000100
0.0000000100
0.0000000100
0.0000000100
0.0000000100
0.0000000100
0.0000000100
0.0000000100
0.0000000100
0.0000000100
0.0000000100
0.0000000100
0.0000000100
0.0000000100
0.0000000100
0.0000000100
0.0000000100
0.0000000100
0.0000000100
0.0000000100
0.0000000100
0.0000000100
0.0000000100
0.0000000100
0.0000000100
0.0000000100
0.0000000100
0.0000000100
0.0000000100
0.0000000100
0.0000000100
0.0000000100
0.0000000100
0.0000000100
0.0000000100
0.0000000100
0.0000000100
0.0000000100
0.0000000100
0.0000000100
0.0000000100
0.0000000100
0.0000000100
0.0000000100
0.0000000100
0.0000000100
0.0000000100
0.0000000100
0.0000000100
0.0000000100
0.0000000100
0.0000000100
0.0000000100
0.0000000100
0.0000000100
0.0000000100
0.0000000100
0.0000000100
0.0000000100
0.0000000100
0.0000000100
0.0000000100
0.0000000100
0.0000000100
0.0000000100
0.0000000100
0.0000000100
0.0000000100
0.0000000100
0.0000000100
0.0000000100
0.0000000100
0.0000000100
0.0000000100
0.0000000100
0.0000000100
0.0000000100
0.0000000100
0.0000000100
0.0000000100
0.0000000100
0.0000000100
0.0000000100
0.0000000100
0.0000000100
0.0000000100
0.0000000100
0.0000000100
0.0000000100
0.0000000100
0.0000000100
0.0000000100
0.0000000100
0.0000000100
0.0000000100
0.0000000100
0.0000000100
0.0000000100
0.0000000100
0.0000000100
0.0000000100
0.0000000100
0.0000000100
0.0000000100
0.0000000100
0.0000000100
0.0000000100
0.0000000100
0.0000000100
0.0000000100
0.0000000100
0.0000000100
0.0000000100
0.0000000100
0.0000000100
0.0000000100
0.0000000100
0.0000000100
0.0000000100
0.0000000100
0.0000000100
0.0000000100
0.0000000100
0.0000000100
0.0000000100
0.0000000100
0.0000000100
0.0000000100
0.0000000100
0.0000000100
0.0000000100
0.0000000100
0.0000000100
0.0000000100
0.0000000100
0.0000000100
0.0000000100
0.0000000100
0.0000000100
0.0000000100
0.0000000100
0.0000000100
0.0000000100
0.0000000100
0.0000000100
0.0000000100
0.0000000100
0.0000000100
0.0000000100
0.0000000100
0.0000000100
0.0000000100
0.0000000100
0.0000000100
0.0000000100
0.0000000100
0.0000000100
0.0000000100
0.0000000100
0.0000000100
0.0000000100
0.0000000100
0.0000000100
0.0000000100
0.0000000100
0.0000000100
0.0000000100
0.0000000100
0.0000000100
0.0000000100
0.0000000100
0.0000000100
0.0000000100
0.0000000100
0.0000000100
0.0000000100
0.0000000100
0.0000000100
0.0000000100
0.0000000100
0.0000000100
0.0000000100
0.0000000100
0.0000000100
0.0000000100
0.0000000100
0.0000000100
0.0000000100
0.0000000100
0.0000000100
0.0000000100
0.0000000100
0.0000000100
0.0000000100
0.0000000100
0.0000000100
0.0000000100
0.0000000100
0.0000000100
0.0000000100
0.0000000100
0.0000000100
0.0000000100
0.0000000100
0.0000000100
0.0000000100
0.0000000100
0.0000000100
0.0000000100
0.0000000100
0.0000000100
0.0000000100
0.0000000100
0.0000000100
0.0000000100
0.0000000100
0.0000000100
0.0000000100
0.0000000100
0.0000000100
0.0000000100
0.0000000100
0.0000000100
0.0000000100
0.0000000100
0.0000000100
0.0000000100
0.0000000100
0.0000000100
0.0000000100
0.0000000100
0.0000000100
0.0000000100
0.0000000100
0.0000000100
0.0000000100
0.0000000100
0.0000000100
0.0000000100
0.0000000100
0.0000000100
0.0000000100
0.0000000100
0.0000000100
0.0000000100
0.0000000100
0.0000000100
0.0000000100
0.0000000100
0.0000000100
0.0000000100
0.0000000100
0.0000000100
0.0000000100
0.0000000100
0.0000000100
0.0000000100
0.0000000100
0.0000000100
0.0000000100
0.0000000100
0.0000000100
0.0000000100
0.0000000100
0.0000000100
0.0000000100
0.0000000100
0.0000000100
0.0000000100
0.0000000100
