0.3179200000
0.3086400000
0.3164800000
0.3056000000
0.3076800000
0.3091200000
0.3134400000
0.3164800000
0.3115200000
0.3120000000
0.3164800000
0.3124800000
0.3115200000
0.3158400000
0.3153600000
0.3179200000
0.3208000000
0.3246400000
0.3208000000
0.3241600000
0.3232000000
0.3148800000
0.3184000000
0.3164800000
0.3184000000
0.3174400000
0.3198400000
0.3227200000
0.3272000000
0.3227200000
0.3236800000
0.3179200000
0.3198400000
0.3267200000
0.3144000000
0.3115200000
0.3105600000
0.3100800000
0.3076800000
0.3072000000
0.3027200000
0.2979200000
0.2953600000
0.2998400000
0.2929600000
0.2865600000
0.2856000000
0.2817600000
0.2832000000
0.2753600000
0.2744000000
0.2715200000
0.2680000000
0.2660800000
0.2592000000
0.2520000000
0.2529600000
0.2499200000
0.2422400000
0.2497600000
0.2577600000
0.2553600000
0.2529600000
0.2443200000
0.2451200000
0.2436800000
0.2363200000
0.2334400000
0.2288000000
0.2297600000
0.2275200000
0.2201600000
0.2187200000
0.2099200000
0.2136000000
0.2088000000
0.2102400000
0.2060800000
0.2060800000
0.2065600000
0.2062400000
0.2019200000
0.2000000000
0.1958400000
0.1939200000
0.1875200000
0.1862400000
0.1856000000
0.1760000000
0.1760000000
0.1755200000
0.1742400000
0.1716800000
0.1728000000
0.1718400000
0.1656000000
0.1769600000
0.1657600000
0.1614400000
0.1601600000
0.1667200000
0.1667200000
0.1614400000
0.1604800000
0.1569760000
0.1535680000
0.1545440000
0.1728000000
0.1764800000
0.1764800000
0.1726400000
0.1755200000
0.1758400000
0.1656000000
0.1657600000
0.1657600000
0.1696000000
0.1638400000
0.1660800000
0.1691200000
0.1779200000
0.1665600000
0.1676800000
0.1656000000
0.1792000000
0.1806400000
0.1763200000
0.1745600000
0.1764800000
0.1804800000
0.1852800000
0.1918400000
0.2011200000
0.2048000000
0.2080000000
0.2134400000
0.2139200000
0.2150400000
0.2104000000
0.2204800000
0.2124800000
0.2187200000
0.2222400000
0.2171200000
0.2256000000
0.2273600000
0.2324800000
0.2417600000
0.2412800000
0.2464000000
0.2483200000
0.2627200000
0.2691200000
0.2720000000
0.2784000000
0.2851200000
0.2875200000
0.2832000000
0.2891200000
0.2974400000
0.3081600000
0.3188800000
0.3115200000
0.3217600000
0.3203200000
0.3310400000
0.3291200000
0.3369600000
0.3422400000
0.3520000000
0.3467200000
0.3560000000
0.3481600000
0.3574400000
0.3633600000
0.3652800000
0.3740800000
0.3867200000
0.3848000000
0.3779200000
0.3848000000
0.3828800000
0.3867200000
0.3862400000
0.4140800000
0.3910400000
0.3900800000
0.3798400000
0.3812800000
0.3891200000
0.3984000000
0.4076800000
0.3960000000
0.3926400000
0.3916800000
0.3891200000
0.3803200000
0.3969600000
0.4028800000
0.4028800000
0.4052800000
0.4131200000
0.4140800000
0.4126400000
0.4204800000
0.4145600000
0.4096000000
0.4131200000
0.4140800000
0.4126400000
0.4150400000
0.4238400000
0.4200000000
0.4233600000
0.4326400000
0.4360000000
0.4252800000
0.4169600000
0.4262400000
0.4291200000
0.4262400000
0.4209600000
0.4193600000
0.4257600000
0.4262400000
0.4364800000
0.4433600000
0.4384000000
0.4448000000
0.4497600000
0.4564800000
0.4569600000
0.4364800000
0.4243200000
0.4204800000
0.4457600000
0.4302400000
0.4248000000
0.4326400000
0.4297600000
0.4286400000
0.4452800000
0.4476800000
0.4619200000
0.4643200000
0.4614400000
0.4609600000
0.4564800000
0.4564800000
0.4404800000
0.4507200000
0.4316800000
0.4321600000
0.4286400000
0.4276800000
0.4302400000
0.4272000000
0.4326400000
0.4384000000
0.4326400000
0.4472000000
0.4448000000
0.4467200000
0.4433600000
0.4374400000
0.4219200000
0.4067200000
0.4136000000
0.4321600000
0.4291200000
0.4121600000
0.4121600000
0.4038400000
0.4052800000
0.4043200000
0.3988800000
0.3936000000
0.3862400000
0.3862400000
0.3852800000
0.3760000000
0.3900800000
0.3843200000
0.3817600000
0.3824000000
0.3808000000
0.3838400000
0.3745600000
0.3745600000
0.3838400000
0.3808000000
0.3936000000
0.3862400000
0.3876800000
0.3926400000
0.4003200000
0.3872000000
0.3848000000
0.3862400000
0.3808000000
0.3824000000
0.3788800000
0.3817600000
0.3838400000
0.3784000000
0.3881600000
0.3803200000
0.3798400000
0.3876800000
0.3926400000
0.3852800000
0.3793600000
0.3798400000
0.3788800000
0.3803200000
0.3760000000
0.3793600000
0.4028800000
0.4145600000
0.3964800000
0.3731200000
0.3760000000
0.3760000000
0.3657600000
0.3672000000
0.3638400000
0.3524800000
0.3432000000
0.3472000000
0.3432000000
0.3412800000
0.3462400000
0.3324800000
0.3310400000
0.3315200000
0.3217600000
0.3222400000
0.3184000000
0.3251200000
0.3174400000
0.3091200000
0.3022400000
0.2988800000
0.2998400000
0.2920000000
0.2915200000
0.2851200000
0.2891200000
0.2860800000
0.2803200000
0.2753600000
0.2696000000
0.2680000000
0.2632000000
0.2577600000
0.2572800000
0.2473600000
0.2400000000
0.2441600000
0.2428800000
0.2412800000
0.2302400000
0.2265600000
0.2236800000
0.2224000000
0.2260800000
0.2275200000
0.2243200000
0.2172800000
0.2140800000
0.2129600000
0.2168000000
0.2116800000
0.1987200000
0.1974400000
0.2057600000
0.2028800000
0.2070400000
0.2060800000
0.2001600000
0.1969600000
0.1899200000
0.1843200000
0.1875200000
0.1852800000
0.1777600000
0.1804800000
0.1772800000
0.1800000000
0.1772800000
0.1769600000
0.1768000000
0.1712000000
0.1745600000
0.1755200000
0.1763200000
0.1726400000
0.1742400000
0.1769600000
0.1696000000
0.1644800000
0.1662400000
0.1676800000
0.1665600000
0.1630400000
0.1616000000
0.1640000000
0.1662400000
0.1611200000
0.1640000000
0.1680000000
0.1702400000
0.1675200000
0.1672000000
0.1694400000
0.1742400000
0.1809600000
0.1801600000
0.1892800000
0.2020800000
0.2019200000
0.1987200000
0.2072000000
0.2136000000
0.2116800000
0.2145600000
0.2150400000
0.2283200000
0.2320000000
0.2275200000
0.2417600000
0.2409600000
0.2441600000
0.2396800000
0.2948800000
0.2744000000
0.2817600000
0.2784000000
0.2798400000
0.2808000000
0.2900800000
0.3115200000
0.3067200000
0.3091200000
0.3144000000
0.3110400000
0.3129600000
0.3251200000
0.3272000000
0.3324800000
0.3320000000
0.3412800000
0.3638400000
0.3720000000
0.3588800000
0.3515200000
0.3612800000
0.3574400000
0.3627200000
0.3662400000
0.3705600000
0.3755200000
0.3793600000
0.3852800000
0.3891200000
0.3905600000
0.3931200000
0.3916800000
0.3921600000
0.3945600000
0.4024000000
0.4062400000
0.4067200000
0.4048000000
0.4028800000
0.4112000000
0.4072000000
0.4174400000
0.4038400000
0.4076800000
0.4086400000
0.4214400000
0.4492800000
0.4590400000
0.4600000000
0.4516800000
0.4188800000
0.0000001600
0.4452800000
0.4990400000
0.4683200000
0.4673600000
0.4697600000
0.4507200000
0.4336000000
0.4072000000
0.4096000000
0.4228800000
0.4531200000
0.4276800000
0.4340800000
0.4276800000
0.0000000100
0.0000000100
0.0000000100
0.0000000100
0.0000000100
0.0000000100
0.0000000100
0.0000000100
0.0000000100
0.0000000100
0.0000000100
0.0000000100
0.0000000100
0.0000000100
0.0000000100
0.0000000100
0.0000000100
0.0000000100
0.0000000100
0.0000000100
0.0000000100
0.0000000100
0.0000000100
0.0000000100
0.0000000100
0.0000000100
0.0000000100
0.0000000100
0.0000000100
0.0000000100
0.0000000100
0.0000000100
0.0000000100
0.0000000100
0.0000000100
0.0000000100
0.0000000100
0.0000000100
0.0000000100
0.0000000100
0.0000000100
0.0000000100
0.0000000100
0.0000000100
0.0000000100
0.0000000100
0.0000000100
0.0000000100
0.0000000100
0.0000000100
0.0000000100
0.0000000100
0.0000000100
0.0000000100
0.0000000100
0.0000000100
0.0000000100
0.0000000100
0.0000000100
0.0000000100
0.0000000100
0.0000000100
0.0000000100
0.0000000100
0.0000000100
0.0000000100
0.0000000100
0.0000000100
0.0000000100
0.0000000100
0.0000000100
0.0000000100
0.0000000100
0.0000000100
0.0000000100
0.0000000100
0.0000000100
0.0000000100
0.0000000100
0.0000000100
0.0000000100
0.0000000100
0.0000000100
0.0000000100
0.0000000100
0.0000000100
0.0000000100
0.0000000100
0.0000000100
0.0000000100
0.0000000100
0.0000000100
0.0000000100
0.0000000100
0.0000000100
0.0000000100
0.0000000100
0.0000000100
0.0000000100
0.0000000100
0.0000000100
0.0000000100
0.0000000100
0.0000000100
0.0000000100
0.0000000100
0.0000000100
0.0000000100
0.0000000100
0.0000000100
0.0000000100
0.0000000100
0.0000000100
0.0000000100
0.0000000100
0.0000000100
0.0000000100
0.0000000100
0.0000000100
0.0000000100
0.0000000100
0.0000000100
0.0000000100
0.0000000100
0.0000000100
0.0000000100
0.0000000100
0.0000000100
0.0000000100
0.0000000100
0.0000000100
0.0000000100
0.0000000100
0.0000000100
0.0000000100
0.0000000100
0.0000000100
0.0000000100
0.0000000100
0.0000000100
0.0000000100
0.0000000100
0.0000000100
0.0000000100
0.0000000100
0.0000000100
0.0000000100
0.0000000100
0.0000000100
0.0000000100
0.0000000100
0.0000000100
0.0000000100
0.0000000100
0.0000000100
0.0000000100
0.0000000100
0.0000000100
0.0000000100
0.0000000100
0.0000000100
0.0000000100
0.0000000100
0.0000000100
0.0000000100
0.0000000100
0.0000000100
0.0000000100
0.0000000100
0.0000000100
0.0000000100
0.0000000100
0.0000000100
0.0000000100
0.0000000100
0.0000000100
0.0000000100
0.0000000100
0.0000000100
0.0000000100
0.0000000100
0.0000000100
0.0000000100
0.0000000100
0.0000000100
0.0000000100
0.0000000100
0.0000000100
0.0000000100
0.0000000100
0.0000000100
0.0000000100
0.0000000100
0.0000000100
0.0000000100
0.0000000100
0.0000000100
0.0000000100
0.0000000100
0.0000000100
0.0000000100
0.0000000100
0.0000000100
0.0000000100
0.0000000100
0.0000000100
0.0000000100
0.0000000100
0.0000000100
0.0000000100
0.0000000100
0.0000000100
0.0000000100
0.0000000100
0.0000000100
0.0000000100
0.0000000100
0.0000000100
0.0000000100
0.0000000100
0.0000000100
0.0000000100
0.0000000100
0.0000000100
0.0000000100
0.0000000100
0.0000000100
0.0000000100
0.0000000100
0.0000000100
0.0000000100
0.0000000100
0.0000000100
0.0000000100
0.0000000100
0.0000000100
0.0000000100
0.0000000100
0.0000000100
0.0000000100
0.0000000100
0.0000000100
0.0000000100
0.0000000100
0.0000000100
0.0000000100
0.0000000100
0.0000000100
0.0000000100
0.0000000100
0.0000000100
0.0000000100
0.0000000100
0.0000000100
0.0000000100
0.0000000100
0.0000000100
0.0000000100
0.0000000100
0.0000000100
0.0000000100
0.0000000100
0.0000000100
0.0000000100
0.0000000100
0.0000000100
0.0000000100
0.0000000100
0.0000000100
0.0000000100
0.0000000100
0.0000000100
0.0000000100
0.0000000100
0.0000000100
0.0000000100
0.0000000100
0.0000000100
0.0000000100
0.0000000100
0.0000000100
0.0000000100
0.0000000100
0.0000000100
0.0000000100
0.0000000100
0.0000000100
0.0000000100
0.0000000100
0.0000000100
0.0000000100
0.0000000100
0.0000000100
0.0000000100
0.0000000100
0.0000000100
0.0000000100
0.0000000100
0.0000000100
0.0000000100
0.0000000100
0.0000000100
0.0000000100
0.0000000100
0.0000000100
0.0000000100
0.0000000100
0.0000000100
0.0000000100
0.0000000100
0.0000000100
0.0000000100
0.0000000100
0.0000000100
0.0000000100
0.0000000100
0.0000000100
0.0000000100
0.0000000100
0.0000000100
0.0000000100
0.0000000100
0.0000000100
0.0000000100
0.0000000100
0.0000000100
0.0000000100
0.0000000100
0.0000000100
0.0000000100
0.0000000100
0.0000000100
0.0000000100
0.0000000100
0.0000000100
0.0000000100
0.0000000100
0.0000000100
0.0000000100
0.0000000100
0.0000000100
0.0000000100
0.0000000100
0.0000000100
0.0000000100
0.0000000100
0.0000000100
0.0000000100
0.0000000100
0.0000000100
0.0000000100
0.0000000100
0.0000000100
0.0000000100
0.0000000100
0.0000000100
0.0000000100
0.0000000100
0.0000000100
0.0000000100
0.0000000100
0.0000000100
0.0000000100
0.0000000100
0.0000000100
0.0000000100
0.0000000100
0.0000000100
