0.8984000000
0.8427200000
0.8448000000
0.8281600000
0.7998400000
0.7958400000
0.9179200000
0.9512000000
0.9091200000
0.8720000000
0.8008000000
1.0000000000
0.9316800000
0.9697600000
0.9072000000
0.7968000000
0.9531200000
0.6846400000
0.7460800000
0.8788800000
0.8681600000
0.8964800000
0.9776000000
0.9883200000
0.8964800000
0.8545600000
0.8896000000
0.8076800000
0.9024000000
0.9062400000
0.7891200000
0.7948800000
0.7851200000
0.7441600000
0.7684800000
0.8993600000
0.8798400000
0.8203200000
0.8232000000
0.9492800000
0.8720000000
0.9619200000
0.8916800000
0.7900800000
0.7520000000
0.6963200000
0.7734400000
0.7851200000
0.7548800000
0.7441600000
0.7803200000
0.8056000000
0.8164800000
0.8798400000
0.7948800000
0.7939200000
0.7344000000
0.7939200000
0.7422400000
0.7803200000
0.7705600000
0.7627200000
0.7784000000
0.7822400000
0.8905600000
0.8427200000
0.8574400000
0.8505600000
0.8076800000
0.7558400000
0.7744000000
0.8096000000
0.8329600000
0.8124800000
0.8350400000
0.8262400000
0.8555200000
0.8740800000
0.9188800000
0.8105600000
0.8916800000
0.8203200000
0.9200000000
0.8750400000
0.8896000000
0.9755200000
0.9883200000
0.9883200000
0.6708800000
0.9433600000
0.9697600000
0.9081600000
0.8584000000
0.8720000000
1.0000000000
0.9052800000
0.9326400000
0.9971200000
0.8115200000
0.9150400000
0.9569600000
0.9286400000
0.8096000000
0.8251200000
0.8584000000
0.8134400000
0.9590400000
0.9150400000
0.9648000000
1.0000000000
1.0000000000
0.8769600000
0.9160000000
0.8486400000
0.8153600000
0.8320000000
0.8272000000
0.8076800000
0.8105600000
0.8496000000
0.8515200000
0.9795200000
0.8476800000
0.6748800000
0.9179200000
0.9316800000
0.9326400000
0.8534400000
1.0000000000
1.0000000000
1.0000000000
0.9131200000
0.9140800000
0.8448000000
0.9540800000
0.9550400000
1.0000000000
0.8281600000
1.0000000000
1.0000000000
1.0000000000
1.0000000000
1.0000000000
1.0000000000
1.0000000000
1.0000000000
1.0000000000
1.0000000000
1.0000000000
1.0000000000
1.0000000000
1.0000000000
1.0000000000
1.0000000000
1.0000000000
1.0000000000
1.0000000000
1.0000000000
1.0000000000
1.0000000000
1.0000000000
1.0000000000
1.0000000000
1.0000000000
1.0000000000
1.0000000000
0.9345600000
1.0000000000
1.0000000000
1.0000000000
1.0000000000
1.0000000000
1.0000000000
0.9560000000
1.0000000000
1.0000000000
1.0000000000
1.0000000000
1.0000000000
1.0000000000
1.0000000000
1.0000000000
1.0000000000
1.0000000000
1.0000000000
1.0000000000
1.0000000000
1.0000000000
1.0000000000
1.0000000000
1.0000000000
1.0000000000
1.0000000000
1.0000000000
1.0000000000
1.0000000000
1.0000000000
1.0000000000
0.9521600000
0.7598400000
0.9238400000
0.8612800000
0.8652800000
0.9150400000
1.0000000000
1.0000000000
0.8993600000
0.9492800000
0.9345600000
1.0000000000
1.0000000000
1.0000000000
1.0000000000
1.0000000000
1.0000000000
1.0000000000
1.0000000000
1.0000000000
1.0000000000
1.0000000000
1.0000000000
1.0000000000
1.0000000000
1.0000000000
1.0000000000
1.0000000000
1.0000000000
1.0000000000
1.0000000000
1.0000000000
1.0000000000
1.0000000000
1.0000000000
1.0000000000
1.0000000000
1.0000000000
1.0000000000
1.0000000000
1.0000000000
1.0000000000
1.0000000000
1.0000000000
1.0000000000
1.0000000000
1.0000000000
1.0000000000
1.0000000000
0.7860800000
1.0000000000
1.0000000000
1.0000000000
1.0000000000
1.0000000000
1.0000000000
1.0000000000
1.0000000000
1.0000000000
1.0000000000
1.0000000000
0.9462400000
0.9228800000
1.0000000000
1.0000000000
1.0000000000
0.6318400000
0.5537600000
0.7822400000
0.7665600000
0.7705600000
0.5204800000
1.0000000000
1.0000000000
0.7168000000
0.8945600000
0.9131200000
0.9345600000
1.0000000000
1.0000000000
0.9433600000
1.0000000000
1.0000000000
0.9745600000
1.0000000000
0.9940800000
0.9219200000
0.9648000000
0.8448000000
1.0000000000
0.9590400000
1.0000000000
0.9512000000
1.0000000000
0.9804800000
1.0000000000
0.8798400000
0.8584000000
0.9364800000
0.9609600000
0.9814400000
0.9940800000
1.0000000000
1.0000000000
0.9160000000
0.8857600000
0.9257600000
0.9062400000
1.0000000000
0.9414400000
1.0000000000
0.9814400000
0.9297600000
1.0000000000
1.0000000000
1.0000000000
0.8857600000
1.0000000000
0.9003200000
1.0000000000
1.0000000000
1.0000000000
0.9228800000
0.9483200000
0.8691200000
0.9628800000
1.0000000000
1.0000000000
1.0000000000
1.0000000000
1.0000000000
1.0000000000
1.0000000000
0.9776000000
0.9745600000
0.8584000000
0.8622400000
0.8448000000
0.8310400000
0.9521600000
0.8203200000
0.8857600000
0.7315200000
0.8505600000
0.7929600000
0.8574400000
0.8281600000
0.7851200000
0.7870400000
0.8964800000
0.9950400000
1.0000000000
0.8896000000
0.9091200000
0.8164800000
0.7568000000
0.7881600000
0.8769600000
0.7968000000
0.8281600000
0.8476800000
0.8643200000
0.8936000000
0.8916800000
0.9697600000
0.8096000000
0.9307200000
0.9140800000
0.9188800000
0.9472000000
0.9755200000
0.9814400000
1.0000000000
0.9188800000
0.7841600000
0.7948800000
0.8691200000
0.7988800000
0.9785600000
0.9472000000
0.6806400000
0.8945600000
0.8086400000
0.7577600000
0.7841600000
0.8329600000
0.7187200000
0.7227200000
0.8808000000
0.8769600000
0.8564800000
0.9307200000
1.0000000000
1.0000000000
0.9580800000
0.9560000000
0.8848000000
0.8916800000
0.8788800000
0.8926400000
0.9883200000
0.8788800000
0.8945600000
0.9355200000
1.0000000000
0.9569600000
0.9824000000
0.9600000000
0.8427200000
0.6748800000
0.9785600000
0.9160000000
0.9950400000
0.8427200000
0.9374400000
0.9550400000
0.9395200000
0.8974400000
0.9736000000
1.0000000000
0.9971200000
1.0000000000
0.9638400000
1.0000000000
1.0000000000
1.0000000000
0.8905600000
0.9502400000
1.0000000000
1.0000000000
1.0000000000
1.0000000000
1.0000000000
1.0000000000
0.9921600000
1.0000000000
1.0000000000
1.0000000000
1.0000000000
1.0000000000
1.0000000000
1.0000000000
1.0000000000
1.0000000000
1.0000000000
1.0000000000
1.0000000000
1.0000000000
1.0000000000
0.9852800000
1.0000000000
1.0000000000
1.0000000000
1.0000000000
1.0000000000
1.0000000000
1.0000000000
1.0000000000
1.0000000000
1.0000000000
1.0000000000
1.0000000000
1.0000000000
1.0000000000
1.0000000000
1.0000000000
1.0000000000
1.0000000000
1.0000000000
1.0000000000
1.0000000000
1.0000000000
1.0000000000
1.0000000000
1.0000000000
1.0000000000
1.0000000000
1.0000000000
1.0000000000
1.0000000000
1.0000000000
1.0000000000
1.0000000000
1.0000000000
1.0000000000
1.0000000000
1.0000000000
1.0000000000
1.0000000000
1.0000000000
1.0000000000
1.0000000000
1.0000000000
1.0000000000
1.0000000000
1.0000000000
1.0000000000
1.0000000000
1.0000000000
1.0000000000
1.0000000000
1.0000000000
1.0000000000
1.0000000000
0.0000000100
0.0000000100
0.0000000100
0.0000000100
0.0000000100
0.0000000100
0.0000000100
0.0000000100
0.0000000100
0.0000000100
0.0000000100
0.0000000100
0.0000000100
0.0000000100
0.0000000100
0.0000000100
0.0000000100
0.0000000100
0.0000000100
0.0000000100
0.0000000100
0.0000000100
0.0000000100
0.0000000100
0.0000000100
0.0000000100
0.0000000100
0.0000000100
0.0000000100
0.0000000100
0.0000000100
0.0000000100
0.0000000100
0.0000000100
0.0000000100
0.0000000100
0.0000000100
0.0000000100
0.0000000100
0.0000000100
0.0000000100
0.0000000100
0.0000000100
0.0000000100
0.0000000100
0.0000000100
0.0000000100
0.0000000100
0.0000000100
0.0000000100
0.0000000100
0.0000000100
0.0000000100
0.0000000100
0.0000000100
0.0000000100
0.0000000100
0.0000000100
0.0000000100
0.0000000100
0.0000000100
0.0000000100
0.0000000100
0.0000000100
0.0000000100
0.0000000100
0.0000000100
0.0000000100
0.0000000100
0.0000000100
0.0000000100
0.0000000100
0.0000000100
0.0000000100
0.0000000100
0.0000000100
0.0000000100
0.0000000100
0.0000000100
0.0000000100
0.0000000100
0.0000000100
0.0000000100
0.0000000100
0.0000000100
0.0000000100
0.0000000100
0.0000000100
0.0000000100
0.0000000100
0.0000000100
0.0000000100
0.0000000100
0.0000000100
0.0000000100
0.0000000100
0.0000000100
0.0000000100
0.0000000100
0.0000000100
0.0000000100
0.0000000100
0.0000000100
0.0000000100
0.0000000100
0.0000000100
0.0000000100
0.0000000100
0.0000000100
0.0000000100
0.0000000100
0.0000000100
0.0000000100
0.0000000100
0.0000000100
0.0000000100
0.0000000100
0.0000000100
0.0000000100
0.0000000100
0.0000000100
0.0000000100
0.0000000100
0.0000000100
0.0000000100
0.0000000100
0.0000000100
0.0000000100
0.0000000100
0.0000000100
0.0000000100
0.0000000100
0.0000000100
0.0000000100
0.0000000100
0.0000000100
0.0000000100
0.0000000100
0.0000000100
0.0000000100
0.0000000100
0.0000000100
0.0000000100
0.0000000100
0.0000000100
0.0000000100
0.0000000100
0.0000000100
0.0000000100
0.0000000100
0.0000000100
0.0000000100
0.0000000100
0.0000000100
0.0000000100
0.0000000100
0.0000000100
0.0000000100
0.0000000100
0.0000000100
0.0000000100
0.0000000100
0.0000000100
0.0000000100
0.0000000100
0.0000000100
0.0000000100
0.0000000100
0.0000000100
0.0000000100
0.0000000100
0.0000000100
0.0000000100
0.0000000100
0.0000000100
0.0000000100
0.0000000100
0.0000000100
0.0000000100
0.0000000100
0.0000000100
0.0000000100
0.0000000100
0.0000000100
0.0000000100
0.0000000100
0.0000000100
0.0000000100
0.0000000100
0.0000000100
0.0000000100
0.0000000100
0.0000000100
0.0000000100
0.0000000100
0.0000000100
0.0000000100
0.0000000100
0.0000000100
0.0000000100
0.0000000100
0.0000000100
0.0000000100
0.0000000100
0.0000000100
0.0000000100
0.0000000100
0.0000000100
0.0000000100
0.0000000100
0.0000000100
0.0000000100
0.0000000100
0.0000000100
0.0000000100
0.0000000100
0.0000000100
0.0000000100
0.0000000100
0.0000000100
0.0000000100
0.0000000100
0.0000000100
0.0000000100
0.0000000100
0.0000000100
0.0000000100
0.0000000100
0.0000000100
0.0000000100
0.0000000100
0.0000000100
0.0000000100
0.0000000100
0.0000000100
0.0000000100
0.0000000100
0.0000000100
0.0000000100
0.0000000100
0.0000000100
0.0000000100
0.0000000100
0.0000000100
0.0000000100
0.0000000100
0.0000000100
0.0000000100
0.0000000100
0.0000000100
0.0000000100
0.0000000100
0.0000000100
0.0000000100
0.0000000100
0.0000000100
0.0000000100
0.0000000100
0.0000000100
0.0000000100
0.0000000100
0.0000000100
0.0000000100
0.0000000100
0.0000000100
0.0000000100
0.0000000100
0.0000000100
0.0000000100
0.0000000100
0.0000000100
0.0000000100
0.0000000100
0.0000000100
0.0000000100
0.0000000100
0.0000000100
0.0000000100
0.0000000100
0.0000000100
0.0000000100
0.0000000100
0.0000000100
0.0000000100
0.0000000100
0.0000000100
0.0000000100
0.0000000100
0.0000000100
0.0000000100
0.0000000100
0.0000000100
0.0000000100
0.0000000100
0.0000000100
0.0000000100
0.0000000100
0.0000000100
0.0000000100
0.0000000100
0.0000000100
0.0000000100
0.0000000100
0.0000000100
0.0000000100
0.0000000100
0.0000000100
0.0000000100
0.0000000100
0.0000000100
0.0000000100
0.0000000100
0.0000000100
0.0000000100
0.0000000100
0.0000000100
0.0000000100
0.0000000100
0.0000000100
0.0000000100
0.0000000100
0.0000000100
0.0000000100
0.0000000100
0.0000000100
0.0000000100
0.0000000100
0.0000000100
0.0000000100
0.0000000100
0.0000000100
0.0000000100
0.0000000100
0.0000000100
0.0000000100
0.0000000100
0.0000000100
0.0000000100
0.0000000100
0.0000000100
0.0000000100
0.0000000100
0.0000000100
0.0000000100
0.0000000100
0.0000000100
0.0000000100
0.0000000100
0.0000000100
0.0000000100
0.0000000100
0.0000000100
0.0000000100
0.0000000100
0.0000000100
0.0000000100
0.0000000100
0.0000000100
0.0000000100
0.0000000100
0.0000000100
0.0000000100
0.0000000100
0.0000000100
0.0000000100
0.0000000100
0.0000000100
0.0000000100
