0.0864000000
0.0857600000
0.0877333333
0.0888533333
0.0836800000
0.0846400000
0.0885333333
0.0903466667
0.0886933333
0.0921066667
0.0958400000
0.0846400000
0.0867733333
0.0917866667
0.0897066667
0.0819733333
0.0846400000
0.0877333333
0.0812266667
0.0838400000
0.0849600000
0.0809066667
0.0882133333
0.0929600000
0.0820266667
0.0841600000
0.0824533333
0.0816000000
0.0785066667
0.0761600000
0.0781866667
0.0722666667
0.0717866667
0.0689066667
0.0710400000
0.0720000000
0.0725333333
0.0717866667
0.0682666667
0.0669866667
0.0642133333
0.0611733333
0.0614400000
0.0602133333
0.0529760000
0.0494773333
0.0479306667
0.0493973333
0.0472800000
0.0457333333
0.0397973333
0.0432106667
0.0438613333
0.0395093333
0.0393866667
0.0360906667
0.0321440000
0.0337706667
0.0314133333
0.0310880000
0.0274666667
0.0256746667
0.0230293333
0.0206080000
0.0231520000
0.0224213333
0.0211200000
0.0212000000
0.0208106667
0.0171520000
0.0159520000
0.0155413333
0.0155040000
0.0108853333
0.0121440000
0.0120053333
0.0132053333
0.0114560000
0.0135093333
0.0128586667
0.0134506667
0.0112320000
0.0137120000
0.0124693333
0.0126133333
0.0132053333
0.0121440000
0.0104960000
0.0130026667
0.0120053333
0.0108213333
0.0114933333
0.0109440000
0.0093813333
0.0109653333
0.0107413333
0.0108213333
0.0094506667
0.0094506667
0.0086346667
0.0071200000
0.0083093333
0.0072213333
0.0108426667
0.0065493333
0.0097333333
0.0089120000
0.0087360000
0.0079466667
0.0064266667
0.0046490667
0.0068266667
0.0071840000
0.0085546667
0.0076106667
0.0052389333
0.0065333333
0.0056853333
0.0083840000
0.0071893333
0.0085760000
0.0084960000
0.0089013333
0.0092373333
0.0090026667
0.0108213333
0.0110453333
0.0089226667
0.0105173333
0.0112106667
0.0110880000
0.0144640000
0.0119040000
0.0115360000
0.0116160000
0.0145493333
0.0134080000
0.0127146667
0.0137333333
0.0145280000
0.0191840000
0.0137760000
0.0157493333
0.0148320000
0.0157653333
0.0174986667
0.0157066667
0.0155040000
0.0159520000
0.0177600000
0.0173120000
0.0181493333
0.0195093333
0.0206720000
0.0237226667
0.0246186667
0.0242506667
0.0213226667
0.0227840000
0.0244960000
0.0349546667
0.0479306667
0.0479306667
0.0515146667
0.0498880000
0.0552000000
0.0584533333
0.0553600000
0.0616000000
0.0596266667
0.0563733333
0.0592533333
0.0606400000
0.0646400000
0.0633066667
0.0596266667
0.0659200000
0.0731733333
0.0697600000
0.0674666667
0.0711466667
0.0727466667
0.0707200000
0.0787733333
0.0730133333
0.0721066667
0.0786133333
0.0694400000
0.0726933333
0.0737066667
0.0745600000
0.0762666667
0.0701333333
0.0758400000
0.0790400000
0.0769066667
0.0790933333
0.0795200000
0.0882133333
0.0869333333
0.0781866667
0.0908266667
0.0841600000
0.0859200000
0.0810666667
0.0885333333
0.0928000000
0.0991466667
0.0958400000
0.0922666667
0.0952000000
0.1036800000
0.0939200000
0.1078933333
0.0940800000
0.1069333333
0.1018666667
0.0996266667
0.1093866667
0.1152533333
0.1129600000
0.1176533333
0.1150933333
0.1097066667
0.1040000000
0.1497600000
0.2525866667
0.2594666667
0.2757333333
0.2766933333
0.2454400000
0.1250133333
0.0875733333
0.0779733333
0.0750400000
0.0787200000
0.0747200000
0.0773866667
0.0794133333
0.0764800000
0.0796800000
0.0812266667
0.0794133333
0.0844800000
0.0822933333
0.0781333333
0.0792533333
0.0794133333
0.0815466667
0.0823466667
0.0824533333
0.0832533333
0.0789333333
0.0780266667
0.0742933333
0.0852800000
0.0802666667
0.0840000000
0.0809066667
0.0821866667
0.0840000000
0.0835200000
0.0838400000
0.0886933333
0.0820266667
0.0779733333
0.0798400000
0.0748800000
0.0761600000
0.0844800000
0.0808000000
0.0818133333
0.0893333333
0.0849600000
0.0942400000
0.0900266667
0.0878933333
0.0901866667
0.0952000000
0.0917866667
0.1024000000
0.1020266667
0.1005866667
0.1036800000
0.0960533333
0.1035200000
0.1024000000
0.1051200000
0.1017066667
0.1001066667
0.1067733333
0.0991466667
0.1038400000
0.1092266667
0.1049600000
0.1145600000
0.1150933333
0.1155733333
0.1147200000
0.1100266667
0.1173333333
0.1160533333
0.1157333333
0.1170133333
0.1155733333
0.1202666667
0.1170133333
0.1134400000
0.1100266667
0.1095466667
0.1176533333
0.1059733333
0.1052800000
0.1089066667
0.1030400000
0.0921066667
0.1004266667
0.1020266667
0.0934400000
0.0826133333
0.0866133333
0.0832533333
0.0836800000
0.0813866667
0.0778133333
0.0687466667
0.0696533333
0.0768000000
0.0701333333
0.0666666667
0.0606400000
0.0694400000
0.0637333333
0.0637333333
0.0598400000
0.0500480000
0.0497226667
0.0535466667
0.0530613333
0.0467946667
0.0498880000
0.0500480000
0.0433760000
0.0437813333
0.0371520000
0.0388160000
0.0352800000
0.0337333333
0.0299466667
0.0353173333
0.0311680000
0.0305173333
0.0280373333
0.0231093333
0.0221333333
0.0210773333
0.0204053333
0.0181066667
0.0183520000
0.0146080000
0.0129386667
0.0172746667
0.0157653333
0.0143840000
0.0131413333
0.0154400000
0.0134666667
0.0141600000
0.0140000000
0.0155840000
0.0162346667
0.0119200000
0.0146666667
0.0111893333
0.0109066667
0.0118613333
0.0094080000
0.0132640000
0.0128800000
0.0098453333
0.0111093333
0.0134080000
0.0123093333
0.0097066667
0.0088906667
0.0077120000
0.0093173333
0.0094986667
0.0082986667
0.0077226667
0.0097546667
0.0097226667
0.0079840000
0.0078720000
0.0070880000
0.0078346667
0.0082613333
0.0071306667
0.0077600000
0.0012256000
0.0010272000
0.0028837333
0.0046437333
0.0075680000
0.0098560000
0.0098773333
0.0088000000
0.0108640000
0.0070613333
0.0062560000
0.0083840000
0.0082293333
0.0098240000
0.0079733333
0.0080480000
0.0085546667
0.0087573333
0.0100320000
0.0111093333
0.0096960000
0.0095840000
0.0113706667
0.0132640000
0.0126346667
0.0110453333
0.0136693333
0.0091466667
0.0120640000
0.0132853333
0.0145653333
0.0131200000
0.0129600000
0.0154826667
0.0135520000
0.0141173333
0.0168480000
0.0157493333
0.0149120000
0.0168640000
0.0160746667
0.0161120000
0.0166026667
0.0221333333
0.0218933333
0.0209173333
0.0214453333
0.0198186667
0.0207306667
0.0223786667
0.0214453333
0.0223786667
0.0271413333
0.0252266667
0.0262880000
0.0293760000
0.0260800000
0.0292160000
0.0299466667
0.0280746667
0.0325120000
0.0354026667
0.0360533333
0.0347520000
0.0397120000
0.0385333333
0.0358453333
0.0338933333
0.0356053333
0.0376000000
0.0402400000
0.0417493333
0.0334880000
0.0349120000
0.0380426667
0.0370666667
0.0345066667
0.0365013333
0.0380853333
0.0422346667
0.0419946667
0.0413386667
0.0404053333
0.0443520000
0.0461440000
0.0438613333
0.0429706667
0.0424800000
0.0408533333
0.0482560000
0.0449226667
0.0455733333
0.0476053333
0.0410133333
0.0447573333
0.0508640000
0.0467946667
0.0528160000
0.0504533333
0.0467146667
0.0482560000
0.0481760000
0.0509440000
0.0000000100
0.0000000100
0.0000000100
0.0000000100
0.0000000100
0.0000000100
0.0000000100
0.0000000100
0.0000000100
0.0000000100
0.0000000100
0.0000000100
0.0000000100
0.0000000100
0.0000000100
0.0000000100
0.0000000100
0.0000000100
0.0000000100
0.0000000100
0.0000000100
0.0000000100
0.0000000100
0.0000000100
0.0000000100
0.0000000100
0.0000000100
0.0000000100
0.0000000100
0.0000000100
0.0000000100
0.0000000100
0.0000000100
0.0000000100
0.0000000100
0.0000000100
0.0000000100
0.0000000100
0.0000000100
0.0000000100
0.0000000100
0.0000000100
0.0000000100
0.0000000100
0.0000000100
0.0000000100
0.0000000100
0.0000000100
0.0000000100
0.0000000100
0.0000000100
0.0000000100
0.0000000100
0.0000000100
0.0000000100
0.0000000100
0.0000000100
0.0000000100
0.0000000100
0.0000000100
0.0000000100
0.0000000100
0.0000000100
0.0000000100
0.0000000100
0.0000000100
0.0000000100
0.0000000100
0.0000000100
0.0000000100
0.0000000100
0.0000000100
0.0000000100
0.0000000100
0.0000000100
0.0000000100
0.0000000100
0.0000000100
0.0000000100
0.0000000100
0.0000000100
0.0000000100
0.0000000100
0.0000000100
0.0000000100
0.0000000100
0.0000000100
0.0000000100
0.0000000100
0.0000000100
0.0000000100
0.0000000100
0.0000000100
0.0000000100
0.0000000100
0.0000000100
0.0000000100
0.0000000100
0.0000000100
0.0000000100
0.0000000100
0.0000000100
0.0000000100
0.0000000100
0.0000000100
0.0000000100
0.0000000100
0.0000000100
0.0000000100
0.0000000100
0.0000000100
0.0000000100
0.0000000100
0.0000000100
0.0000000100
0.0000000100
0.0000000100
0.0000000100
0.0000000100
0.0000000100
0.0000000100
0.0000000100
0.0000000100
0.0000000100
0.0000000100
0.0000000100
0.0000000100
0.0000000100
0.0000000100
0.0000000100
0.0000000100
0.0000000100
0.0000000100
0.0000000100
0.0000000100
0.0000000100
0.0000000100
0.0000000100
0.0000000100
0.0000000100
0.0000000100
0.0000000100
0.0000000100
0.0000000100
0.0000000100
0.0000000100
0.0000000100
0.0000000100
0.0000000100
0.0000000100
0.0000000100
0.0000000100
0.0000000100
0.0000000100
0.0000000100
0.0000000100
0.0000000100
0.0000000100
0.0000000100
0.0000000100
0.0000000100
0.0000000100
0.0000000100
0.0000000100
0.0000000100
0.0000000100
0.0000000100
0.0000000100
0.0000000100
0.0000000100
0.0000000100
0.0000000100
0.0000000100
0.0000000100
0.0000000100
0.0000000100
0.0000000100
0.0000000100
0.0000000100
0.0000000100
0.0000000100
0.0000000100
0.0000000100
0.0000000100
0.0000000100
0.0000000100
0.0000000100
0.0000000100
0.0000000100
0.0000000100
0.0000000100
0.0000000100
0.0000000100
0.0000000100
0.0000000100
0.0000000100
0.0000000100
0.0000000100
0.0000000100
0.0000000100
0.0000000100
0.0000000100
0.0000000100
0.0000000100
0.0000000100
0.0000000100
0.0000000100
0.0000000100
0.0000000100
0.0000000100
0.0000000100
0.0000000100
0.0000000100
0.0000000100
0.0000000100
0.0000000100
0.0000000100
0.0000000100
0.0000000100
0.0000000100
0.0000000100
0.0000000100
0.0000000100
0.0000000100
0.0000000100
0.0000000100
0.0000000100
0.0000000100
0.0000000100
0.0000000100
0.0000000100
0.0000000100
0.0000000100
0.0000000100
0.0000000100
0.0000000100
0.0000000100
0.0000000100
0.0000000100
0.0000000100
0.0000000100
0.0000000100
0.0000000100
0.0000000100
0.0000000100
0.0000000100
0.0000000100
0.0000000100
0.0000000100
0.0000000100
0.0000000100
0.0000000100
0.0000000100
0.0000000100
0.0000000100
0.0000000100
0.0000000100
0.0000000100
0.0000000100
0.0000000100
0.0000000100
0.0000000100
0.0000000100
0.0000000100
0.0000000100
0.0000000100
0.0000000100
0.0000000100
0.0000000100
0.0000000100
0.0000000100
0.0000000100
0.0000000100
0.0000000100
0.0000000100
0.0000000100
0.0000000100
0.0000000100
0.0000000100
0.0000000100
0.0000000100
0.0000000100
0.0000000100
0.0000000100
0.0000000100
0.0000000100
0.0000000100
0.0000000100
0.0000000100
0.0000000100
0.0000000100
0.0000000100
0.0000000100
0.0000000100
0.0000000100
0.0000000100
0.0000000100
0.0000000100
0.0000000100
0.0000000100
0.0000000100
0.0000000100
0.0000000100
0.0000000100
0.0000000100
0.0000000100
0.0000000100
0.0000000100
0.0000000100
0.0000000100
0.0000000100
0.0000000100
0.0000000100
0.0000000100
0.0000000100
0.0000000100
0.0000000100
0.0000000100
0.0000000100
0.0000000100
0.0000000100
0.0000000100
0.0000000100
0.0000000100
0.0000000100
0.0000000100
0.0000000100
0.0000000100
0.0000000100
0.0000000100
0.0000000100
0.0000000100
0.0000000100
0.0000000100
0.0000000100
0.0000000100
0.0000000100
0.0000000100
0.0000000100
0.0000000100
0.0000000100
0.0000000100
0.0000000100
0.0000000100
0.0000000100
0.0000000100
0.0000000100
0.0000000100
0.0000000100
0.0000000100
0.0000000100
0.0000000100
0.0000000100
0.0000000100
0.0000000100
0.0000000100
0.0000000100
0.0000000100
0.0000000100
0.0000000100
0.0000000100
0.0000000100
0.0000000100
0.0000000100
0.0000000100
0.0000000100
0.0000000100
0.0000000100
