1.0000000000
1.0000000000
1.0000000000
1.0000000000
1.0000000000
1.0000000000
1.0000000000
1.0000000000
1.0000000000
1.0000000000
1.0000000000
1.0000000000
1.0000000000
1.0000000000
1.0000000000
1.0000000000
1.0000000000
1.0000000000
1.0000000000
1.0000000000
1.0000000000
1.0000000000
1.0000000000
1.0000000000
1.0000000000
1.0000000000
1.0000000000
1.0000000000
1.0000000000
1.0000000000
1.0000000000
1.0000000000
1.0000000000
1.0000000000
1.0000000000
1.0000000000
1.0000000000
1.0000000000
1.0000000000
1.0000000000
1.0000000000
1.0000000000
1.0000000000
1.0000000000
1.0000000000
1.0000000000
1.0000000000
1.0000000000
1.0000000000
1.0000000000
1.0000000000
1.0000000000
1.0000000000
1.0000000000
1.0000000000
1.0000000000
1.0000000000
1.0000000000
1.0000000000
1.0000000000
1.0000000000
1.0000000000
1.0000000000
1.0000000000
1.0000000000
1.0000000000
1.0000000000
1.0000000000
1.0000000000
1.0000000000
1.0000000000
1.0000000000
1.0000000000
1.0000000000
1.0000000000
1.0000000000
1.0000000000
1.0000000000
1.0000000000
1.0000000000
1.0000000000
0.9964788732
1.0000000000
0.9414212548
0.9145326504
0.7815300896
0.9366197183
0.8878040973
0.9097311140
0.8401088348
0.8999679898
0.8205825864
0.8804417414
0.8193021767
0.8401088348
0.7754481434
0.8548335467
0.7496798976
0.8058578745
0.7290332907
0.8253841229
0.7095070423
0.7852112676
0.7034250960
0.7765685019
0.7119078105
0.7704865557
0.6997439181
0.7778489117
0.7143085787
0.7399167734
0.6826184379
0.7387964149
0.6715749040
0.7363956466
0.6728553137
0.7192701665
0.6789372599
0.7155889885
0.6594110115
0.7229513444
0.6715749040
0.7253521127
0.6642125480
0.7095070423
0.6496478873
0.7167093470
0.6911011524
0.7472791293
0.6911011524
0.7570422535
0.6960627401
0.7472791293
0.7131882202
0.7936939821
0.7448783611
0.8279449424
0.7754481434
0.8120998720
0.7693661972
0.8279449424
0.8596350832
0.9366197183
0.8657170294
0.9572663252
0.8962868118
0.9683098592
0.9084507042
0.9598271447
0.9084507042
1.0000000000
0.9427016645
1.0000000000
0.8889244558
0.9500640205
0.8706786172
0.9548655570
0.9047695262
0.9793533931
0.9207746479
0.9804737516
0.9121318822
1.0000000000
0.9390204866
0.9841549296
0.9329385403
1.0000000000
0.9182138284
0.9804737516
0.9218950064
0.9670294494
0.9268565941
1.0000000000
0.9414212548
0.9927976953
0.9316581306
0.9951984635
0.9439820743
1.0000000000
0.9878361076
1.0000000000
1.0000000000
1.0000000000
1.0000000000
1.0000000000
0.8962868118
0.9023687580
0.8681177977
0.9110115237
0.9060499360
0.9231754161
0.8865236876
0.9218950064
0.8852432778
0.8986875800
0.8681177977
0.8926056338
0.8474711908
0.9047695262
0.8878040973
0.9084507042
0.8852432778
0.8999679898
0.8804417414
0.9097311140
0.8815620999
0.9023687580
0.8975672215
0.9340588988
0.8999679898
0.9340588988
0.9060499360
0.9353393086
0.9134122919
0.9377400768
0.9134122919
0.9561459667
0.9158130602
0.9609475032
0.9622279129
0.9841549296
0.9537451985
0.9719910371
0.9377400768
0.9915172855
0.9609475032
0.9854353393
0.9463828425
0.8926056338
0.8071382843
0.8450704225
0.9329385403
0.9780729834
0.9414212548
1.0000000000
0.9572663252
1.0000000000
1.0000000000
1.0000000000
0.9841549296
1.0000000000
1.0000000000
1.0000000000
1.0000000000
1.0000000000
1.0000000000
1.0000000000
1.0000000000
1.0000000000
1.0000000000
1.0000000000
1.0000000000
1.0000000000
1.0000000000
1.0000000000
1.0000000000
1.0000000000
1.0000000000
1.0000000000
1.0000000000
1.0000000000
1.0000000000
1.0000000000
1.0000000000
1.0000000000
1.0000000000
1.0000000000
1.0000000000
1.0000000000
1.0000000000
1.0000000000
1.0000000000
1.0000000000
1.0000000000
1.0000000000
1.0000000000
1.0000000000
1.0000000000
1.0000000000
1.0000000000
1.0000000000
1.0000000000
1.0000000000
1.0000000000
1.0000000000
1.0000000000
1.0000000000
1.0000000000
1.0000000000
1.0000000000
1.0000000000
1.0000000000
1.0000000000
1.0000000000
1.0000000000
1.0000000000
1.0000000000
1.0000000000
1.0000000000
1.0000000000
1.0000000000
1.0000000000
1.0000000000
1.0000000000
1.0000000000
1.0000000000
1.0000000000
1.0000000000
1.0000000000
1.0000000000
1.0000000000
1.0000000000
1.0000000000
1.0000000000
1.0000000000
1.0000000000
1.0000000000
1.0000000000
1.0000000000
1.0000000000
1.0000000000
1.0000000000
1.0000000000
1.0000000000
1.0000000000
1.0000000000
1.0000000000
1.0000000000
1.0000000000
1.0000000000
1.0000000000
1.0000000000
1.0000000000
1.0000000000
1.0000000000
1.0000000000
1.0000000000
1.0000000000
1.0000000000
1.0000000000
1.0000000000
1.0000000000
1.0000000000
1.0000000000
1.0000000000
1.0000000000
1.0000000000
1.0000000000
1.0000000000
1.0000000000
1.0000000000
1.0000000000
1.0000000000
1.0000000000
1.0000000000
1.0000000000
1.0000000000
0.9609475032
0.9548655570
0.9073303457
0.9390204866
0.8852432778
0.8986875800
0.8889244558
0.8975672215
0.8511523688
0.8780409731
0.8266645327
0.8242637644
0.8034571063
0.8132202305
0.7631241997
0.6960627401
0.6349231754
0.7522407170
0.7435979513
0.7815300896
0.7387964149
0.7754481434
0.7290332907
0.7876120359
0.7240717029
0.7351152369
0.7069462228
0.7496798976
0.6826184379
0.6850192061
0.6935019206
0.7082266325
0.7034250960
0.7240717029
0.6752560819
0.6997439181
0.6826184379
0.6997439181
0.6728553137
0.7240717029
0.6667733675
0.6826184379
0.6251600512
0.6557298335
0.6362035851
0.6739756722
0.6288412292
0.6789372599
0.6459667093
0.6642125480
0.6312419974
0.6654929577
0.6184379001
0.6776568502
0.7240717029
0.7704865557
0.7461587708
0.6911011524
0.6496478873
0.7960947503
0.7668053777
0.8316261204
0.7815300896
0.8353072983
0.8058578745
0.7240717029
0.6947823303
0.7424775928
0.7448783611
0.7533610755
0.7240717029
0.7754481434
0.7704865557
0.8353072983
0.7656850192
0.8205825864
0.7815300896
0.8388284251
0.8058578745
0.8401088348
0.7973751601
0.8413892446
0.8034571063
0.8474711908
0.8425096031
0.8522727273
0.8229833547
0.8645966709
0.8327464789
0.9023687580
0.8609154930
0.8986875800
0.8461907810
0.8780409731
0.8413892446
0.8828425096
0.8706786172
0.8791613316
0.8401088348
0.8743597951
0.8290653009
0.8620358515
0.7912932138
0.7559218950
0.8132202305
0.8559539052
0.8169014085
0.8767605634
0.8548335467
0.8938860435
0.8485915493
0.9047695262
0.8461907810
0.9010883483
0.8583546735
0.9110115237
0.8669974392
0.9047695262
0.8717989757
0.9231754161
0.8902048656
0.9158130602
0.8889244558
0.9158130602
0.8902048656
0.8902048656
0.8681177977
0.8975672215
0.8754801536
0.9060499360
0.8669974392
0.9036491677
0.8754801536
0.9097311140
0.8999679898
0.9231754161
0.8938860435
0.9182138284
0.8815620999
0.9158130602
0.8926056338
0.9439820743
0.9060499360
0.9403008963
0.9110115237
0.0000000100
0.0000000100
0.0000000100
0.0000000100
0.0000000100
0.0000000100
0.0000000100
0.0000000100
0.0000000100
0.0000000100
0.0000000100
0.0000000100
0.0000000100
0.0000000100
0.0000000100
0.0000000100
0.0000000100
0.0000000100
0.0000000100
0.0000000100
0.0000000100
0.0000000100
0.0000000100
0.0000000100
0.0000000100
0.0000000100
0.0000000100
0.0000000100
0.0000000100
0.0000000100
0.0000000100
0.0000000100
0.0000000100
0.0000000100
0.0000000100
0.0000000100
0.0000000100
0.0000000100
0.0000000100
0.0000000100
0.0000000100
0.0000000100
0.0000000100
0.0000000100
0.0000000100
0.0000000100
0.0000000100
0.0000000100
0.0000000100
0.0000000100
0.0000000100
0.0000000100
0.0000000100
0.0000000100
0.0000000100
0.0000000100
0.0000000100
0.0000000100
0.0000000100
0.0000000100
0.0000000100
0.0000000100
0.0000000100
0.0000000100
0.0000000100
0.0000000100
0.0000000100
0.0000000100
0.0000000100
0.0000000100
0.0000000100
0.0000000100
0.0000000100
0.0000000100
0.0000000100
0.0000000100
0.0000000100
0.0000000100
0.0000000100
0.0000000100
0.0000000100
0.0000000100
0.0000000100
0.0000000100
0.0000000100
0.0000000100
0.0000000100
0.0000000100
0.0000000100
0.0000000100
0.0000000100
0.0000000100
0.0000000100
0.0000000100
0.0000000100
0.0000000100
0.0000000100
0.0000000100
0.0000000100
0.0000000100
0.0000000100
0.0000000100
0.0000000100
0.0000000100
0.0000000100
0.0000000100
0.0000000100
0.0000000100
0.0000000100
0.0000000100
0.0000000100
0.0000000100
0.0000000100
0.0000000100
0.0000000100
0.0000000100
0.0000000100
0.0000000100
0.0000000100
0.0000000100
0.0000000100
0.0000000100
0.0000000100
0.0000000100
0.0000000100
0.0000000100
0.0000000100
0.0000000100
0.0000000100
0.0000000100
0.0000000100
0.0000000100
0.0000000100
0.0000000100
0.0000000100
0.0000000100
0.0000000100
0.0000000100
0.0000000100
0.0000000100
0.0000000100
0.0000000100
0.0000000100
0.0000000100
0.0000000100
0.0000000100
0.0000000100
0.0000000100
0.0000000100
0.0000000100
0.0000000100
0.0000000100
0.0000000100
0.0000000100
0.0000000100
0.0000000100
0.0000000100
0.0000000100
0.0000000100
0.0000000100
0.0000000100
0.0000000100
0.0000000100
0.0000000100
0.0000000100
0.0000000100
0.0000000100
0.0000000100
0.0000000100
0.0000000100
0.0000000100
0.0000000100
0.0000000100
0.0000000100
0.0000000100
0.0000000100
0.0000000100
0.0000000100
0.0000000100
0.0000000100
0.0000000100
0.0000000100
0.0000000100
0.0000000100
0.0000000100
0.0000000100
0.0000000100
0.0000000100
0.0000000100
0.0000000100
0.0000000100
0.0000000100
0.0000000100
0.0000000100
0.0000000100
0.0000000100
0.0000000100
0.0000000100
0.0000000100
0.0000000100
0.0000000100
0.0000000100
0.0000000100
0.0000000100
0.0000000100
0.0000000100
0.0000000100
0.0000000100
0.0000000100
0.0000000100
0.0000000100
0.0000000100
0.0000000100
0.0000000100
0.0000000100
0.0000000100
0.0000000100
0.0000000100
0.0000000100
0.0000000100
0.0000000100
0.0000000100
0.0000000100
0.0000000100
0.0000000100
0.0000000100
0.0000000100
0.0000000100
0.0000000100
0.0000000100
0.0000000100
0.0000000100
0.0000000100
0.0000000100
0.0000000100
0.0000000100
0.0000000100
0.0000000100
0.0000000100
0.0000000100
0.0000000100
0.0000000100
0.0000000100
0.0000000100
0.0000000100
0.0000000100
0.0000000100
0.0000000100
0.0000000100
0.0000000100
0.0000000100
0.0000000100
0.0000000100
0.0000000100
0.0000000100
0.0000000100
0.0000000100
0.0000000100
0.0000000100
0.0000000100
0.0000000100
0.0000000100
0.0000000100
0.0000000100
0.0000000100
0.0000000100
0.0000000100
0.0000000100
0.0000000100
0.0000000100
0.0000000100
0.0000000100
0.0000000100
0.0000000100
0.0000000100
0.0000000100
0.0000000100
0.0000000100
0.0000000100
0.0000000100
0.0000000100
0.0000000100
0.0000000100
0.0000000100
0.0000000100
0.0000000100
0.0000000100
0.0000000100
0.0000000100
0.0000000100
0.0000000100
0.0000000100
0.0000000100
0.0000000100
0.0000000100
0.0000000100
0.0000000100
0.0000000100
0.0000000100
0.0000000100
0.0000000100
0.0000000100
0.0000000100
0.0000000100
0.0000000100
0.0000000100
0.0000000100
0.0000000100
0.0000000100
0.0000000100
0.0000000100
0.0000000100
0.0000000100
0.0000000100
0.0000000100
0.0000000100
0.0000000100
0.0000000100
0.0000000100
0.0000000100
0.0000000100
0.0000000100
0.0000000100
0.0000000100
0.0000000100
0.0000000100
0.0000000100
0.0000000100
0.0000000100
0.0000000100
0.0000000100
0.0000000100
0.0000000100
0.0000000100
0.0000000100
0.0000000100
0.0000000100
0.0000000100
0.0000000100
0.0000000100
0.0000000100
0.0000000100
0.0000000100
0.0000000100
0.0000000100
0.0000000100
0.0000000100
0.0000000100
0.0000000100
0.0000000100
0.0000000100
0.0000000100
0.0000000100
0.0000000100
0.0000000100
0.0000000100
0.0000000100
0.0000000100
0.0000000100
0.0000000100
0.0000000100
0.0000000100
0.0000000100
0.0000000100
0.0000000100
0.0000000100
0.0000000100
0.0000000100
