0.2221783296
0.2038939052
0.2066591422
0.2145598194
0.1911399549
0.1601580135
0.2111173815
0.1849887133
0.1797968397
0.1748306998
0.1763544018
0.1381489842
0.1463882619
0.1465575621
0.1542889391
0.1598194131
0.1422686230
0.1113995485
0.1152370203
0.1059255079
0.1221218962
0.1036681716
0.1222911964
0.1243227991
0.1316027088
0.1317720090
0.1450338600
0.1427765237
0.1367381490
0.1260722348
0.1515801354
0.1599887133
0.2166478555
0.3213882619
0.3595936795
0.4071106095
0.3816591422
0.4539503386
0.4029909707
0.4160835214
0.4415914221
0.4167607223
0.4408577878
0.4119638826
0.3699209932
0.3186230248
0.4139954853
0.3857787810
0.4236455982
0.4202031603
0.4284988713
0.3933408578
0.4064334086
0.3933408578
0.4291760722
0.4270880361
0.4064334086
0.3844243792
0.4216139955
0.4546839729
0.4843115124
0.3502821670
0.4691309255
0.4884311512
0.4663656885
0.4539503386
0.4119638826
0.4181715576
0.4339729120
0.3857787810
0.3905756208
0.3933408578
0.3905756208
0.4139954853
0.3995485327
0.4085214447
0.4064334086
0.4443566591
0.4264108352
0.3713318284
0.3747742664
0.3637133183
0.3516930023
0.3533860045
0.2235327314
0.3471783296
0.3323927765
0.3182844244
0.3919864560
0.4319413093
0.4222911964
0.3761286682
0.3774830700
0.3595936795
0.3344808126
0.3392776524
0.3788939052
0.3720090293
0.3630361174
0.3575056433
0.3482505643
0.3878668172
0.3705981941
0.3392776524
0.3402934537
0.3685665914
0.3582392777
0.3399548533
0.3533860045
0.3527088036
0.3699209932
0.3692437923
0.3482505643
0.3692437923
0.4216139955
0.4160835214
0.4154063205
0.4105530474
0.3809255079
0.3637133183
0.4044018059
0.4594808126
0.3933408578
0.4154063205
0.4202031603
0.4236455982
0.4588036117
0.4078442438
0.4044018059
0.3913092551
0.3399548533
0.3740406321
0.3981941309
0.4174379233
0.3482505643
0.3520316027
0.3637133183
0.3857787810
0.3782167043
0.3589164786
0.3399548533
0.3520316027
0.3317155756
0.3354966140
0.3747742664
0.3520316027
0.3482505643
0.3816591422
0.3134311512
0.3155191874
0.3237584650
0.2879796840
0.2989841986
0.3206546275
0.3234198646
0.3141083521
0.3220654628
0.3279345372
0.3485891648
0.2927765237
0.2924379233
0.2435101580
0.2586907449
0.2910270880
0.3354966140
0.3213882619
0.2845372460
0.3368510158
0.3182844244
0.2920993228
0.2669300226
0.2783295711
0.3454853273
0.3175507901
0.3213882619
0.3433972912
0.3733634312
0.3637133183
0.3788939052
0.4085214447
0.4050790068
0.4222911964
0.4422686230
0.3802483070
0.4002257336
0.3685665914
0.3658013544
0.3947516930
0.4091986456
0.3981941309
0.4133182844
0.4202031603
0.4353837472
0.4264108352
0.4071106095
0.4112866817
0.4112866817
0.4160835214
0.4381489842
0.4326185102
0.4257336343
0.4573927765
0.4601580135
0.4553611738
0.4429458239
0.4098758465
0.4319413093
0.4098758465
0.4147291196
0.4298532731
0.4326185102
0.5111738149
0.5180586907
0.4505079007
0.5393905192
0.4339729120
0.4704853273
0.4374153499
0.4312641084
0.4594808126
0.4216139955
0.4250564334
0.3967832957
0.4029909707
0.3671557562
0.4401805869
0.4332957111
0.3527088036
0.4236455982
0.4470654628
0.4167607223
0.4395033860
0.4588036117
0.4477990971
0.4643340858
0.4512415350
0.4622460497
0.4332957111
0.4367381490
0.4023137698
0.4195259594
0.4112866817
0.3885440181
0.3857787810
0.3926636569
0.3699209932
0.3933408578
0.3602708804
0.3289503386
0.3417042889
0.3582392777
0.3392776524
0.3527088036
0.3830135440
0.3795711061
0.3678893905
0.3664785553
0.3988713318
0.3795711061
0.3809255079
0.3726862302
0.3527088036
0.3561512415
0.3396162528
0.3671557562
0.3344808126
0.3651241535
0.3678893905
0.3533860045
0.3816591422
0.3905756208
0.3995485327
0.3664785553
0.4016365688
0.3182844244
0.3540632054
0.3582392777
0.3317155756
0.3323927765
0.3609480813
0.3286117381
0.3475169300
0.3658013544
0.3705981941
0.3386004515
0.3485891648
0.3371896163
0.3575056433
0.3554740406
0.4112866817
0.3995485327
0.3919864560
0.4147291196
0.3506207675
0.3533860045
0.3720090293
0.3933408578
0.4112866817
0.3836907449
0.3554740406
0.3448081264
0.3788939052
0.3589164786
0.3830135440
0.3795711061
0.3967832957
0.3658013544
0.3502821670
0.3292889391
0.3623589165
0.3864559819
0.3516930023
0.3193002257
0.3020880361
0.2741534989
0.3268623025
0.3165349887
0.2593679458
0.2569413093
0.1987584650
0.2273137698
0.2455981941
0.2710496614
0.2176636569
0.2721218962
0.2955417607
0.2538374718
0.2572799097
0.2824492099
0.2662528217
0.2983069977
0.2521444695
0.2380361174
0.2290632054
0.2097629797
0.3430586907
0.2986455982
0.3602708804
0.3802483070
0.3000000000
0.2900112867
0.3096501129
0.3282731377
0.3117381490
0.2569413093
0.2676072235
0.2318284424
0.3017494357
0.3113995485
0.2852144470
0.2683408578
0.2449209932
0.3774830700
0.3851015801
0.3479119639
0.2924379233
0.3203160271
0.3406320542
0.2748871332
0.3082957111
0.3465011287
0.3313769752
0.3003386005
0.3351580135
0.3406320542
0.3230812641
0.3168735892
0.2948645598
0.2889954853
0.2865688488
0.3589164786
0.3371896163
0.3575056433
0.3068848758
0.2734762980
0.2435101580
0.2431715576
0.2507336343
0.2445259594
0.2276523702
0.2328442438
0.2314898420
0.2545146727
0.2414785553
0.2906884876
0.3609480813
0.3816591422
0.3623589165
0.3533860045
0.3919864560
0.3795711061
0.3568284424
0.3651241535
0.3306433409
0.3396162528
0.3547968397
0.3609480813
0.3275395034
0.4044018059
0.3802483070
0.3954288939
0.4463882619
0.4126410835
0.4381489842
0.4216139955
0.3878668172
0.3809255079
0.3871331828
0.4381489842
0.4704853273
0.4663656885
0.4422686230
0.4098758465
0.4154063205
0.4581264108
0.4188487585
0.4332957111
0.4815462754
0.4505079007
0.4270880361
0.4677765237
0.4270880361
0.3926636569
0.3967832957
0.3761286682
0.3685665914
0.3685665914
0.4064334086
0.4326185102
0.4360609481
0.4367381490
0.3885440181
0.3830135440
0.3940180587
0.4622460497
0.5022009029
0.5015237020
0.4987584650
0.4560383747
0.4367381490
0.4270880361
0.4002257336
0.3954288939
0.4725733634
0.4567155756
0.4436230248
0.3885440181
0.3844243792
0.4009029345
0.4229683973
0.4257336343
0.3644469526
0.3747742664
0.3823363431
0.3974604966
0.4085214447
0.4457110609
0.4704853273
0.5104401806
0.4925507901
0.4925507901
0.4243792325
0.4326185102
0.4856659142
0.4760158014
0.4973476298
0.4781038375
0.3275395034
0.4546839729
0.3692437923
0.4670428894
0.4264108352
0.3788939052
0.3981941309
0.4278216704
0.5104401806
0.5159706546
0.5559255079
0.5242663657
0.5325056433
0.5262979684
0.5311512415
0.5262979684
0.5235327314
0.5699774266
0.5221783296
0.4959932280
0.4443566591
0.3637133183
0.5455981941
0.5373024831
0.5235327314
0.5063205418
0.5104401806
0.5152934537
0.4815462754
0.4360609481
0.3844243792
0.3179458239
0.2345372460
0.5035553047
0.4326185102
0.0000000100
0.0000000100
0.0000000100
0.0000000100
0.0000000100
0.0000000100
0.0000000100
0.0000000100
0.0000000100
0.0000000100
0.0000000100
0.0000000100
0.0000000100
0.0000000100
0.0000000100
0.0000000100
0.0000000100
0.0000000100
0.0000000100
0.0000000100
0.0000000100
0.0000000100
0.0000000100
0.0000000100
0.0000000100
0.0000000100
0.0000000100
0.0000000100
0.0000000100
0.0000000100
0.0000000100
0.0000000100
0.0000000100
0.0000000100
0.0000000100
0.0000000100
0.0000000100
0.0000000100
0.0000000100
0.0000000100
0.0000000100
0.0000000100
0.0000000100
0.0000000100
0.0000000100
0.0000000100
0.0000000100
0.0000000100
0.0000000100
0.0000000100
0.0000000100
0.0000000100
0.0000000100
0.0000000100
0.0000000100
0.0000000100
0.0000000100
0.0000000100
0.0000000100
0.0000000100
0.0000000100
0.0000000100
0.0000000100
0.0000000100
0.0000000100
0.0000000100
0.0000000100
0.0000000100
0.0000000100
0.0000000100
0.0000000100
0.0000000100
0.0000000100
0.0000000100
0.0000000100
0.0000000100
0.0000000100
0.0000000100
0.0000000100
0.0000000100
0.0000000100
0.0000000100
0.0000000100
0.0000000100
0.0000000100
0.0000000100
0.0000000100
0.0000000100
0.0000000100
0.0000000100
0.0000000100
0.0000000100
0.0000000100
0.0000000100
0.0000000100
0.0000000100
0.0000000100
0.0000000100
0.0000000100
0.0000000100
0.0000000100
0.0000000100
0.0000000100
0.0000000100
0.0000000100
0.0000000100
0.0000000100
0.0000000100
0.0000000100
0.0000000100
0.0000000100
0.0000000100
0.0000000100
0.0000000100
0.0000000100
0.0000000100
0.0000000100
0.0000000100
0.0000000100
0.0000000100
0.0000000100
0.0000000100
0.0000000100
0.0000000100
0.0000000100
0.0000000100
0.0000000100
0.0000000100
0.0000000100
0.0000000100
0.0000000100
0.0000000100
0.0000000100
0.0000000100
0.0000000100
0.0000000100
0.0000000100
0.0000000100
0.0000000100
0.0000000100
0.0000000100
0.0000000100
0.0000000100
0.0000000100
0.0000000100
0.0000000100
0.0000000100
0.0000000100
0.0000000100
0.0000000100
0.0000000100
0.0000000100
0.0000000100
0.0000000100
0.0000000100
0.0000000100
0.0000000100
0.0000000100
0.0000000100
0.0000000100
0.0000000100
0.0000000100
0.0000000100
0.0000000100
0.0000000100
0.0000000100
0.0000000100
0.0000000100
0.0000000100
0.0000000100
0.0000000100
0.0000000100
0.0000000100
0.0000000100
0.0000000100
0.0000000100
0.0000000100
0.0000000100
0.0000000100
0.0000000100
0.0000000100
0.0000000100
0.0000000100
0.0000000100
0.0000000100
0.0000000100
0.0000000100
0.0000000100
0.0000000100
0.0000000100
0.0000000100
0.0000000100
0.0000000100
0.0000000100
0.0000000100
0.0000000100
0.0000000100
0.0000000100
0.0000000100
0.0000000100
0.0000000100
0.0000000100
0.0000000100
0.0000000100
0.0000000100
0.0000000100
0.0000000100
0.0000000100
0.0000000100
0.0000000100
0.0000000100
0.0000000100
0.0000000100
0.0000000100
0.0000000100
0.0000000100
0.0000000100
0.0000000100
0.0000000100
0.0000000100
0.0000000100
0.0000000100
0.0000000100
0.0000000100
0.0000000100
0.0000000100
0.0000000100
0.0000000100
0.0000000100
0.0000000100
0.0000000100
0.0000000100
0.0000000100
0.0000000100
0.0000000100
0.0000000100
0.0000000100
0.0000000100
0.0000000100
0.0000000100
0.0000000100
0.0000000100
0.0000000100
0.0000000100
0.0000000100
0.0000000100
0.0000000100
0.0000000100
0.0000000100
0.0000000100
0.0000000100
0.0000000100
0.0000000100
0.0000000100
0.0000000100
0.0000000100
0.0000000100
0.0000000100
0.0000000100
0.0000000100
0.0000000100
0.0000000100
0.0000000100
0.0000000100
0.0000000100
0.0000000100
0.0000000100
0.0000000100
0.0000000100
0.0000000100
0.0000000100
0.0000000100
0.0000000100
0.0000000100
0.0000000100
0.0000000100
0.0000000100
0.0000000100
0.0000000100
0.0000000100
0.0000000100
0.0000000100
0.0000000100
0.0000000100
0.0000000100
0.0000000100
0.0000000100
0.0000000100
0.0000000100
0.0000000100
0.0000000100
0.0000000100
0.0000000100
0.0000000100
0.0000000100
0.0000000100
0.0000000100
0.0000000100
0.0000000100
0.0000000100
0.0000000100
0.0000000100
0.0000000100
0.0000000100
0.0000000100
0.0000000100
0.0000000100
0.0000000100
0.0000000100
0.0000000100
0.0000000100
0.0000000100
0.0000000100
0.0000000100
0.0000000100
0.0000000100
0.0000000100
0.0000000100
0.0000000100
0.0000000100
0.0000000100
0.0000000100
0.0000000100
0.0000000100
0.0000000100
0.0000000100
0.0000000100
0.0000000100
0.0000000100
0.0000000100
0.0000000100
0.0000000100
0.0000000100
0.0000000100
0.0000000100
0.0000000100
0.0000000100
0.0000000100
0.0000000100
0.0000000100
0.0000000100
0.0000000100
0.0000000100
0.0000000100
0.0000000100
0.0000000100
0.0000000100
0.0000000100
0.0000000100
0.0000000100
0.0000000100
0.0000000100
0.0000000100
0.0000000100
0.0000000100
0.0000000100
0.0000000100
0.0000000100
0.0000000100
0.0000000100
0.0000000100
0.0000000100
0.0000000100
0.0000000100
0.0000000100
0.0000000100
0.0000000100
0.0000000100
