0.0880533333
0.0897066667
0.0882133333
0.0886933333
0.0893333333
0.0880533333
0.0852800000
0.0859200000
0.0811200000
0.0829333333
0.0849600000
0.0866133333
0.0846400000
0.0857600000
0.0846400000
0.0774933333
0.0801600000
0.0756800000
0.0790933333
0.0790933333
0.0833066667
0.0843200000
0.0826666667
0.0883733333
0.0792000000
0.0797333333
0.0812266667
0.0835200000
0.0757866667
0.0744000000
0.0676266667
0.0716800000
0.0678933333
0.0699733333
0.0760000000
0.0690133333
0.0601600000
0.0646933333
0.0620800000
0.0620266667
0.0598400000
0.0602133333
0.0539733333
0.0571200000
0.0564800000
0.0497226667
0.0555200000
0.0513493333
0.0501280000
0.0390613333
0.0400000000
0.0408960000
0.0388586667
0.0360533333
0.0372320000
0.0318613333
0.0299893333
0.0309226667
0.0292960000
0.0295840000
0.0277120000
0.0220533333
0.0241706667
0.0223413333
0.0232746667
0.0215680000
0.0187786667
0.0187200000
0.0177013333
0.0175786667
0.0178826667
0.0178400000
0.0156640000
0.0116960000
0.0140000000
0.0124320000
0.0121440000
0.0121866667
0.0119040000
0.0121866667
0.0096106667
0.0101333333
0.0147093333
0.0127786667
0.0103840000
0.0134080000
0.0110453333
0.0147520000
0.0106400000
0.0107040000
0.0110880000
0.0110666667
0.0115573333
0.0100426667
0.0091040000
0.0096320000
0.0092160000
0.0087360000
0.0079946667
0.0086080000
0.0082080000
0.0083200000
0.0075253333
0.0082293333
0.0074453333
0.0092960000
0.0085653333
0.0083840000
0.0056960000
0.0057386667
0.0055840000
0.0067626667
0.0062453333
0.0077706667
0.0070080000
0.0062773333
0.0059200000
0.0058613333
0.0092853333
0.0092960000
0.0084960000
0.0079040000
0.0073546667
0.0078240000
0.0104373333
0.0104373333
0.0109226667
0.0098240000
0.0099893333
0.0109653333
0.0120640000
0.0118826667
0.0121653333
0.0124533333
0.0128373333
0.0152160000
0.0111893333
0.0123680000
0.0142186667
0.0121653333
0.0172906667
0.0167040000
0.0132266667
0.0146880000
0.0134880000
0.0155253333
0.0186133333
0.0170080000
0.0186133333
0.0149333333
0.0216480000
0.0204853333
0.0226666667
0.0213226667
0.0203680000
0.0242506667
0.0231093333
0.0227466667
0.0227466667
0.0264480000
0.0321866667
0.0453280000
0.0449226667
0.0516746667
0.0485013333
0.0509440000
0.0533066667
0.0523253333
0.0584533333
0.0593066667
0.0617066667
0.0594133333
0.0593066667
0.0606400000
0.0649600000
0.0642133333
0.0682666667
0.0697600000
0.0778666667
0.0736533333
0.0693333333
0.0702400000
0.0744533333
0.0804266667
0.0777066667
0.0780266667
0.0735466667
0.0767466667
0.0746133333
0.0742400000
0.0750933333
0.0750933333
0.0810666667
0.0761600000
0.0803200000
0.0786133333
0.0836800000
0.0824533333
0.0822933333
0.0843200000
0.0838400000
0.0836800000
0.0882133333
0.0835200000
0.0882133333
0.0905066667
0.0928000000
0.0931200000
0.0974933333
0.0965333333
0.1024000000
0.0982933333
0.1030400000
0.1015466667
0.1015466667
0.1040000000
0.1002666667
0.1103466667
0.1209066667
0.1176533333
0.1165333333
0.1168533333
0.1116800000
0.1082133333
0.0945600000
0.1479466667
0.2529066667
0.2714666667
0.2770133333
0.2747200000
0.2412266667
0.1334400000
0.1013866667
0.0840000000
0.0764800000
0.0806400000
0.0742933333
0.0872533333
0.0781333333
0.0735466667
0.0756800000
0.0761066667
0.0829333333
0.0734933333
0.0821866667
0.0805866667
0.0843200000
0.0798933333
0.0771733333
0.0843200000
0.0814400000
0.0883733333
0.0805866667
0.0772266667
0.0805866667
0.0836800000
0.0874133333
0.0869333333
0.0800000000
0.0777066667
0.0795200000
0.0838400000
0.0838400000
0.0819733333
0.0816000000
0.0807466667
0.0815466667
0.0814400000
0.0875733333
0.0906666667
0.0885333333
0.0802666667
0.0878933333
0.0857600000
0.0843200000
0.0919466667
0.0875733333
0.0897066667
0.0901866667
0.0928000000
0.0956800000
0.0903466667
0.1028800000
0.1030400000
0.0987733333
0.0994666667
0.1038400000
0.0989333333
0.0989333333
0.0955200000
0.1005866667
0.1009066667
0.1018666667
0.1069333333
0.1001066667
0.1087466667
0.1022400000
0.1058133333
0.1139200000
0.1178133333
0.1120000000
0.1132800000
0.1144000000
0.1101866667
0.1147200000
0.1188266667
0.1246933333
0.1087466667
0.1145600000
0.1105066667
0.1040000000
0.1083733333
0.1072533333
0.1090666667
0.0982933333
0.0919466667
0.0931200000
0.0903466667
0.0877333333
0.0917866667
0.0880533333
0.0821333333
0.0848000000
0.0748800000
0.0673600000
0.0704000000
0.0686933333
0.0663466667
0.0654933333
0.0642666667
0.0685866667
0.0660800000
0.0645333333
0.0569066667
0.0608533333
0.0511093333
0.0543466667
0.0483413333
0.0480960000
0.0463040000
0.0445973333
0.0460586667
0.0406506667
0.0400000000
0.0380426667
0.0358880000
0.0354400000
0.0314933333
0.0274666667
0.0292586667
0.0282400000
0.0265706667
0.0242080000
0.0227840000
0.0238453333
0.0190613333
0.0190613333
0.0177386667
0.0173973333
0.0156853333
0.0130186667
0.0176800000
0.0146506667
0.0136693333
0.0140800000
0.0148106667
0.0147306667
0.0143413333
0.0137546667
0.0140800000
0.0158880000
0.0137120000
0.0137920000
0.0115146667
0.0129600000
0.0111306667
0.0122666667
0.0121066667
0.0123306667
0.0107626667
0.0105173333
0.0107413333
0.0106826667
0.0090026667
0.0105600000
0.0101600000
0.0089600000
0.0092373333
0.0089706667
0.0075253333
0.0094613333
0.0095840000
0.0078720000
0.0073333333
0.0078933333
0.0078133333
0.0077493333
0.0083093333
0.0072533333
0.0010682667
0.0010373333
0.0031381333
0.0042624000
0.0081493333
0.0079573333
0.0083840000
0.0086346667
0.0090346667
0.0066720000
0.0056373333
0.0096426667
0.0067946667
0.0076106667
0.0078826667
0.0068373333
0.0086986667
0.0082613333
0.0088213333
0.0110293333
0.0104373333
0.0092053333
0.0126560000
0.0130400000
0.0132853333
0.0115360000
0.0116586667
0.0143840000
0.0131413333
0.0156640000
0.0141386667
0.0133280000
0.0123893333
0.0133866667
0.0124533333
0.0138933333
0.0178400000
0.0150560000
0.0138773333
0.0169653333
0.0160533333
0.0180480000
0.0161120000
0.0230293333
0.0193066667
0.0205280000
0.0183520000
0.0188586667
0.0208746667
0.0231946667
0.0230720000
0.0249013333
0.0231520000
0.0271786667
0.0298240000
0.0273013333
0.0267733333
0.0268960000
0.0282773333
0.0302720000
0.0313706667
0.0309653333
0.0370666667
0.0351946667
0.0360906667
0.0371893333
0.0389013333
0.0361760000
0.0410986667
0.0412213333
0.0397120000
0.0346293333
0.0338133333
0.0393066667
0.0378400000
0.0391040000
0.0360906667
0.0360106667
0.0384106667
0.0395520000
0.0431306667
0.0406880000
0.0406080000
0.0454933333
0.0447573333
0.0424800000
0.0430506667
0.0470400000
0.0417493333
0.0479306667
0.0433760000
0.0422346667
0.0441066667
0.0410133333
0.0488266667
0.0500480000
0.0482560000
0.0477706667
0.0458186667
0.0489920000
0.0504533333
0.0477706667
0.0556800000
0.0000000100
0.0000000100
0.0000000100
0.0000000100
0.0000000100
0.0000000100
0.0000000100
0.0000000100
0.0000000100
0.0000000100
0.0000000100
0.0000000100
0.0000000100
0.0000000100
0.0000000100
0.0000000100
0.0000000100
0.0000000100
0.0000000100
0.0000000100
0.0000000100
0.0000000100
0.0000000100
0.0000000100
0.0000000100
0.0000000100
0.0000000100
0.0000000100
0.0000000100
0.0000000100
0.0000000100
0.0000000100
0.0000000100
0.0000000100
0.0000000100
0.0000000100
0.0000000100
0.0000000100
0.0000000100
0.0000000100
0.0000000100
0.0000000100
0.0000000100
0.0000000100
0.0000000100
0.0000000100
0.0000000100
0.0000000100
0.0000000100
0.0000000100
0.0000000100
0.0000000100
0.0000000100
0.0000000100
0.0000000100
0.0000000100
0.0000000100
0.0000000100
0.0000000100
0.0000000100
0.0000000100
0.0000000100
0.0000000100
0.0000000100
0.0000000100
0.0000000100
0.0000000100
0.0000000100
0.0000000100
0.0000000100
0.0000000100
0.0000000100
0.0000000100
0.0000000100
0.0000000100
0.0000000100
0.0000000100
0.0000000100
0.0000000100
0.0000000100
0.0000000100
0.0000000100
0.0000000100
0.0000000100
0.0000000100
0.0000000100
0.0000000100
0.0000000100
0.0000000100
0.0000000100
0.0000000100
0.0000000100
0.0000000100
0.0000000100
0.0000000100
0.0000000100
0.0000000100
0.0000000100
0.0000000100
0.0000000100
0.0000000100
0.0000000100
0.0000000100
0.0000000100
0.0000000100
0.0000000100
0.0000000100
0.0000000100
0.0000000100
0.0000000100
0.0000000100
0.0000000100
0.0000000100
0.0000000100
0.0000000100
0.0000000100
0.0000000100
0.0000000100
0.0000000100
0.0000000100
0.0000000100
0.0000000100
0.0000000100
0.0000000100
0.0000000100
0.0000000100
0.0000000100
0.0000000100
0.0000000100
0.0000000100
0.0000000100
0.0000000100
0.0000000100
0.0000000100
0.0000000100
0.0000000100
0.0000000100
0.0000000100
0.0000000100
0.0000000100
0.0000000100
0.0000000100
0.0000000100
0.0000000100
0.0000000100
0.0000000100
0.0000000100
0.0000000100
0.0000000100
0.0000000100
0.0000000100
0.0000000100
0.0000000100
0.0000000100
0.0000000100
0.0000000100
0.0000000100
0.0000000100
0.0000000100
0.0000000100
0.0000000100
0.0000000100
0.0000000100
0.0000000100
0.0000000100
0.0000000100
0.0000000100
0.0000000100
0.0000000100
0.0000000100
0.0000000100
0.0000000100
0.0000000100
0.0000000100
0.0000000100
0.0000000100
0.0000000100
0.0000000100
0.0000000100
0.0000000100
0.0000000100
0.0000000100
0.0000000100
0.0000000100
0.0000000100
0.0000000100
0.0000000100
0.0000000100
0.0000000100
0.0000000100
0.0000000100
0.0000000100
0.0000000100
0.0000000100
0.0000000100
0.0000000100
0.0000000100
0.0000000100
0.0000000100
0.0000000100
0.0000000100
0.0000000100
0.0000000100
0.0000000100
0.0000000100
0.0000000100
0.0000000100
0.0000000100
0.0000000100
0.0000000100
0.0000000100
0.0000000100
0.0000000100
0.0000000100
0.0000000100
0.0000000100
0.0000000100
0.0000000100
0.0000000100
0.0000000100
0.0000000100
0.0000000100
0.0000000100
0.0000000100
0.0000000100
0.0000000100
0.0000000100
0.0000000100
0.0000000100
0.0000000100
0.0000000100
0.0000000100
0.0000000100
0.0000000100
0.0000000100
0.0000000100
0.0000000100
0.0000000100
0.0000000100
0.0000000100
0.0000000100
0.0000000100
0.0000000100
0.0000000100
0.0000000100
0.0000000100
0.0000000100
0.0000000100
0.0000000100
0.0000000100
0.0000000100
0.0000000100
0.0000000100
0.0000000100
0.0000000100
0.0000000100
0.0000000100
0.0000000100
0.0000000100
0.0000000100
0.0000000100
0.0000000100
0.0000000100
0.0000000100
0.0000000100
0.0000000100
0.0000000100
0.0000000100
0.0000000100
0.0000000100
0.0000000100
0.0000000100
0.0000000100
0.0000000100
0.0000000100
0.0000000100
0.0000000100
0.0000000100
0.0000000100
0.0000000100
0.0000000100
0.0000000100
0.0000000100
0.0000000100
0.0000000100
0.0000000100
0.0000000100
0.0000000100
0.0000000100
0.0000000100
0.0000000100
0.0000000100
0.0000000100
0.0000000100
0.0000000100
0.0000000100
0.0000000100
0.0000000100
0.0000000100
0.0000000100
0.0000000100
0.0000000100
0.0000000100
0.0000000100
0.0000000100
0.0000000100
0.0000000100
0.0000000100
0.0000000100
0.0000000100
0.0000000100
0.0000000100
0.0000000100
0.0000000100
0.0000000100
0.0000000100
0.0000000100
0.0000000100
0.0000000100
0.0000000100
0.0000000100
0.0000000100
0.0000000100
0.0000000100
0.0000000100
0.0000000100
0.0000000100
0.0000000100
0.0000000100
0.0000000100
0.0000000100
0.0000000100
0.0000000100
0.0000000100
0.0000000100
0.0000000100
0.0000000100
0.0000000100
0.0000000100
0.0000000100
0.0000000100
0.0000000100
0.0000000100
0.0000000100
0.0000000100
0.0000000100
0.0000000100
0.0000000100
0.0000000100
0.0000000100
0.0000000100
0.0000000100
0.0000000100
0.0000000100
0.0000000100
0.0000000100
0.0000000100
0.0000000100
0.0000000100
0.0000000100
0.0000000100
0.0000000100
0.0000000100
0.0000000100
0.0000000100
0.0000000100
0.0000000100
0.0000000100
