0.5624800000
0.5644800000
0.5634400000
0.5693600000
0.5683200000
0.5712800000
0.5683200000
0.5683200000
0.5673600000
0.5712800000
0.5752000000
0.5673600000
0.5634400000
0.5693600000
0.5673600000
0.5693600000
0.5693600000
0.5712800000
0.5732800000
0.5703200000
0.5644800000
0.5654400000
0.5654400000
0.5683200000
0.5664000000
0.5654400000
0.5644800000
0.5673600000
0.5722400000
0.5761600000
0.5712800000
0.5712800000
0.5654400000
0.5742400000
0.5712800000
0.5664000000
0.5722400000
0.5683200000
0.5693600000
0.5742400000
0.5703200000
0.5712800000
0.5673600000
0.5673600000
0.5664000000
0.5654400000
0.5644800000
0.5634400000
0.5654400000
0.5683200000
0.5673600000
0.5644800000
0.5644800000
0.5654400000
0.5634400000
0.5596000000
0.5605600000
0.5615200000
0.5615200000
0.5644800000
0.5664000000
0.5683200000
0.5703200000
0.5693600000
0.5634400000
0.5615200000
0.5605600000
0.5624800000
0.5624800000
0.5624800000
0.5596000000
0.5536800000
0.5556800000
0.5536800000
0.5556800000
0.5547200000
0.5508000000
0.5517600000
0.5478400000
0.5459200000
0.5459200000
0.5429600000
0.5439200000
0.5468800000
0.5429600000
0.5429600000
0.5420000000
0.5420000000
0.5390400000
0.5429600000
0.5371200000
0.5400000000
0.5361600000
0.5390400000
0.5361600000
0.5351200000
0.5322400000
0.5332000000
0.5420000000
0.5380800000
0.5361600000
0.5390400000
0.5390400000
0.5371200000
0.5351200000
0.5400000000
0.5429600000
0.5361600000
0.5380800000
0.5351200000
0.5341600000
0.5302400000
0.5341600000
0.5322400000
0.5302400000
0.5312800000
0.5283200000
0.5264000000
0.5322400000
0.5312800000
0.5332000000
0.5322400000
0.5312800000
0.5292800000
0.5273600000
0.5312800000
0.5283200000
0.5322400000
0.5302400000
0.5332000000
0.5322400000
0.5322400000
0.5283200000
0.5292800000
0.5322400000
0.5312800000
0.5292800000
0.5292800000
0.5283200000
0.5302400000
0.5341600000
0.5341600000
0.5322400000
0.5312800000
0.5380800000
0.5361600000
0.5351200000
0.5371200000
0.5361600000
0.5371200000
0.5351200000
0.5371200000
0.5420000000
0.5390400000
0.5400000000
0.5410400000
0.5410400000
0.5420000000
0.5449600000
0.5459200000
0.5429600000
0.5459200000
0.5429600000
0.5468800000
0.5400000000
0.5439200000
0.5439200000
0.5468800000
0.5439200000
0.5420000000
0.5439200000
0.5459200000
0.5488000000
0.5478400000
0.5459200000
0.5468800000
0.5488000000
0.5468800000
0.5449600000
0.5468800000
0.5478400000
0.5468800000
0.5498400000
0.5868800000
0.5517600000
0.5576000000
0.5585600000
0.5596000000
0.5547200000
0.5508000000
0.5478400000
0.5566400000
0.5517600000
0.5576000000
0.5508000000
0.5527200000
0.5536800000
0.5517600000
0.5547200000
0.5547200000
0.5566400000
0.5596000000
0.5596000000
0.5605600000
0.5605600000
0.5605600000
0.5596000000
0.5624800000
0.5624800000
0.5605600000
0.5624800000
0.5615200000
0.5576000000
0.5566400000
0.5566400000
0.5556800000
0.5624800000
0.5596000000
0.5576000000
0.5596000000
0.5585600000
0.5615200000
0.5634400000
0.5615200000
0.5664000000
0.5624800000
0.5634400000
0.5624800000
0.5615200000
0.5605600000
0.5644800000
0.5654400000
0.5634400000
0.5654400000
0.5664000000
0.5703200000
0.5634400000
0.5683200000
0.5664000000
0.5634400000
0.5683200000
0.5654400000
0.5624800000
0.5654400000
0.5683200000
0.5664000000
0.5683200000
0.5712800000
0.5693600000
0.5693600000
0.5644800000
0.5664000000
0.5683200000
0.5634400000
0.5664000000
0.5732800000
0.5732800000
0.5742400000
0.5791200000
0.5830400000
0.5722400000
0.5742400000
0.5781600000
0.5722400000
0.5752000000
0.5722400000
0.5712800000
0.5732800000
0.5761600000
0.5752000000
0.5742400000
0.5761600000
0.5722400000
0.5761600000
0.5781600000
0.5810400000
0.5761600000
0.5634400000
0.5508000000
0.5566400000
0.6025600000
0.6025600000
0.6093600000
0.5703200000
0.5536800000
0.1107200000
0.0000000800
0.0726320000
0.0617680000
0.0599360000
0.0564560000
0.0619520000
0.0661600000
0.0730000000
0.0722640000
0.0520640000
0.0581040000
0.0576160000
0.0651840000
0.0593280000
0.0636000000
0.0621360000
0.0687280000
0.0623760000
0.0607920000
0.0624400000
0.0620720000
0.0709200000
0.0889600000
0.0894400000
0.0903200000
0.0864000000
0.0874400000
0.0844800000
0.0819200000
0.0853600000
0.0840800000
0.0879200000
0.0842400000
0.0884800000
0.0871200000
0.0880000000
0.0916800000
0.0860800000
0.0826400000
0.0799600000
0.0810400000
0.0820000000
0.0787360000
0.0795920000
0.0761680000
0.0804800000
0.0788560000
0.0756800000
0.0782480000
0.0782480000
0.0849600000
0.0820000000
0.0799600000
0.0712880000
0.0770240000
0.0751920000
0.0718960000
0.0709200000
0.0740960000
0.0761680000
0.0697040000
0.0749520000
0.0615200000
0.0518160000
0.0470560000
0.0452240000
0.0452880000
0.0449200000
0.0458400000
0.0484000000
0.0499840000
0.0473600000
0.0388160000
0.0382720000
0.0429040000
0.0451040000
0.0418080000
0.0514560000
0.0353360000
0.0358240000
0.0372960000
0.0385120000
0.0405280000
0.0432720000
0.0559680000
0.0328960000
0.0340000000
0.0312160000
0.0295440000
0.0315520000
0.0321680000
0.0314320000
0.0272560000
0.0289600000
0.0388800000
0.0394320000
0.0405920000
0.0382080000
0.0422400000
0.0384560000
0.0365600000
0.0366240000
0.0336320000
0.0340560000
0.0337520000
0.0321680000
0.0370480000
0.0337520000
0.0322240000
0.0327760000
0.0311280000
0.0323520000
0.0314320000
0.0319840000
0.0361360000
0.0331440000
0.0319840000
0.0306400000
0.0278320000
0.0256080000
0.0290560000
0.0289920000
0.0308240000
0.0314960000
0.0308240000
0.0302400000
0.0289600000
0.0314960000
0.0285680000
0.0265200000
0.0285920000
0.0268560000
0.0283200000
0.0287760000
0.0290800000
0.0299040000
0.0301520000
0.0333840000
0.0294800000
0.0336880000
0.0298160000
0.0317360000
0.0318640000
0.0727520000
0.0429040000
0.0421760000
0.0407680000
0.0386320000
0.0383920000
0.0397920000
0.0353360000
0.0375360000
0.0424160000
0.0439440000
0.0490080000
0.0449200000
0.0465680000
0.0465680000
0.0413840000
0.0419280000
0.0418720000
0.0391200000
0.0453520000
0.0531600000
0.0453520000
0.0448640000
0.0421760000
0.0473600000
0.0471840000
0.0502320000
0.0493200000
0.0523040000
0.0515120000
0.0507200000
0.0486480000
0.0494960000
0.0450400000
0.0488880000
0.0506560000
0.0526160000
0.0544400000
0.0564000000
0.0522480000
0.0377200000
0.0362560000
0.0362560000
0.0404640000
0.0364960000
0.0335680000
0.0354000000
0.0490080000
0.0514560000
0.0464480000
0.0488880000
0.0515760000
0.0496800000
0.0459600000
0.0488320000
0.0506560000
0.0547520000
0.0490080000
0.0509680000
0.0524880000
0.0482800000
0.0519440000
0.0496800000
0.0506560000
0.0520000000
0.0582880000
0.0610320000
0.0590800000
0.0567040000
0.0453520000
0.0394880000
0.0000000100
0.0000000100
0.0000000100
0.0000000100
0.0000000100
0.0000000100
0.0000000100
0.0000000100
0.0000000100
0.0000000100
0.0000000100
0.0000000100
0.0000000100
0.0000000100
0.0000000100
0.0000000100
0.0000000100
0.0000000100
0.0000000100
0.0000000100
0.0000000100
0.0000000100
0.0000000100
0.0000000100
0.0000000100
0.0000000100
0.0000000100
0.0000000100
0.0000000100
0.0000000100
0.0000000100
0.0000000100
0.0000000100
0.0000000100
0.0000000100
0.0000000100
0.0000000100
0.0000000100
0.0000000100
0.0000000100
0.0000000100
0.0000000100
0.0000000100
0.0000000100
0.0000000100
0.0000000100
0.0000000100
0.0000000100
0.0000000100
0.0000000100
0.0000000100
0.0000000100
0.0000000100
0.0000000100
0.0000000100
0.0000000100
0.0000000100
0.0000000100
0.0000000100
0.0000000100
0.0000000100
0.0000000100
0.0000000100
0.0000000100
0.0000000100
0.0000000100
0.0000000100
0.0000000100
0.0000000100
0.0000000100
0.0000000100
0.0000000100
0.0000000100
0.0000000100
0.0000000100
0.0000000100
0.0000000100
0.0000000100
0.0000000100
0.0000000100
0.0000000100
0.0000000100
0.0000000100
0.0000000100
0.0000000100
0.0000000100
0.0000000100
0.0000000100
0.0000000100
0.0000000100
0.0000000100
0.0000000100
0.0000000100
0.0000000100
0.0000000100
0.0000000100
0.0000000100
0.0000000100
0.0000000100
0.0000000100
0.0000000100
0.0000000100
0.0000000100
0.0000000100
0.0000000100
0.0000000100
0.0000000100
0.0000000100
0.0000000100
0.0000000100
0.0000000100
0.0000000100
0.0000000100
0.0000000100
0.0000000100
0.0000000100
0.0000000100
0.0000000100
0.0000000100
0.0000000100
0.0000000100
0.0000000100
0.0000000100
0.0000000100
0.0000000100
0.0000000100
0.0000000100
0.0000000100
0.0000000100
0.0000000100
0.0000000100
0.0000000100
0.0000000100
0.0000000100
0.0000000100
0.0000000100
0.0000000100
0.0000000100
0.0000000100
0.0000000100
0.0000000100
0.0000000100
0.0000000100
0.0000000100
0.0000000100
0.0000000100
0.0000000100
0.0000000100
0.0000000100
0.0000000100
0.0000000100
0.0000000100
0.0000000100
0.0000000100
0.0000000100
0.0000000100
0.0000000100
0.0000000100
0.0000000100
0.0000000100
0.0000000100
0.0000000100
0.0000000100
0.0000000100
0.0000000100
0.0000000100
0.0000000100
0.0000000100
0.0000000100
0.0000000100
0.0000000100
0.0000000100
0.0000000100
0.0000000100
0.0000000100
0.0000000100
0.0000000100
0.0000000100
0.0000000100
0.0000000100
0.0000000100
0.0000000100
0.0000000100
0.0000000100
0.0000000100
0.0000000100
0.0000000100
0.0000000100
0.0000000100
0.0000000100
0.0000000100
0.0000000100
0.0000000100
0.0000000100
0.0000000100
0.0000000100
0.0000000100
0.0000000100
0.0000000100
0.0000000100
0.0000000100
0.0000000100
0.0000000100
0.0000000100
0.0000000100
0.0000000100
0.0000000100
0.0000000100
0.0000000100
0.0000000100
0.0000000100
0.0000000100
0.0000000100
0.0000000100
0.0000000100
0.0000000100
0.0000000100
0.0000000100
0.0000000100
0.0000000100
0.0000000100
0.0000000100
0.0000000100
0.0000000100
0.0000000100
0.0000000100
0.0000000100
0.0000000100
0.0000000100
0.0000000100
0.0000000100
0.0000000100
0.0000000100
0.0000000100
0.0000000100
0.0000000100
0.0000000100
0.0000000100
0.0000000100
0.0000000100
0.0000000100
0.0000000100
0.0000000100
0.0000000100
0.0000000100
0.0000000100
0.0000000100
0.0000000100
0.0000000100
0.0000000100
0.0000000100
0.0000000100
0.0000000100
0.0000000100
0.0000000100
0.0000000100
0.0000000100
0.0000000100
0.0000000100
0.0000000100
0.0000000100
0.0000000100
0.0000000100
0.0000000100
0.0000000100
0.0000000100
0.0000000100
0.0000000100
0.0000000100
0.0000000100
0.0000000100
0.0000000100
0.0000000100
0.0000000100
0.0000000100
0.0000000100
0.0000000100
0.0000000100
0.0000000100
0.0000000100
0.0000000100
0.0000000100
0.0000000100
0.0000000100
0.0000000100
0.0000000100
0.0000000100
0.0000000100
0.0000000100
0.0000000100
0.0000000100
0.0000000100
0.0000000100
0.0000000100
0.0000000100
0.0000000100
0.0000000100
0.0000000100
0.0000000100
0.0000000100
0.0000000100
0.0000000100
0.0000000100
0.0000000100
0.0000000100
0.0000000100
0.0000000100
0.0000000100
0.0000000100
0.0000000100
0.0000000100
0.0000000100
0.0000000100
0.0000000100
0.0000000100
0.0000000100
0.0000000100
0.0000000100
0.0000000100
0.0000000100
0.0000000100
0.0000000100
0.0000000100
0.0000000100
0.0000000100
0.0000000100
0.0000000100
0.0000000100
0.0000000100
0.0000000100
0.0000000100
0.0000000100
0.0000000100
0.0000000100
0.0000000100
0.0000000100
0.0000000100
0.0000000100
0.0000000100
0.0000000100
0.0000000100
0.0000000100
0.0000000100
0.0000000100
0.0000000100
0.0000000100
0.0000000100
0.0000000100
0.0000000100
0.0000000100
0.0000000100
0.0000000100
0.0000000100
0.0000000100
0.0000000100
0.0000000100
0.0000000100
0.0000000100
0.0000000100
0.0000000100
0.0000000100
0.0000000100
0.0000000100
0.0000000100
0.0000000100
0.0000000100
0.0000000100
0.0000000100
0.0000000100
0.0000000100
