0.2197516930
0.1876975169
0.1897855530
0.1904627540
0.1634311512
0.1603273138
0.1732505643
0.1880925508
0.1829006772
0.1781038375
0.1794582393
0.1479119639
0.1517494357
0.1588036117
0.1650112867
0.1699774266
0.1467268623
0.1200338600
0.1312076749
0.1279345372
0.1367381490
0.1275959368
0.1403498871
0.1475733634
0.1465575621
0.1493227991
0.1617381490
0.1462189616
0.1427765237
0.1355530474
0.1511851016
0.1711625282
0.2266365688
0.3423814898
0.3761286682
0.4422686230
0.3892212190
0.4546839729
0.4105530474
0.4174379233
0.4436230248
0.4236455982
0.4347065463
0.4085214447
0.3802483070
0.4050790068
0.4216139955
0.4091986456
0.4291760722
0.4229683973
0.4278216704
0.3851015801
0.4029909707
0.3878668172
0.4105530474
0.4208803612
0.3933408578
0.3961060948
0.4305304740
0.4684537246
0.4794582393
0.3458239278
0.4829006772
0.4718961625
0.4505079007
0.4470654628
0.4002257336
0.4016365688
0.4119638826
0.3713318284
0.3851015801
0.3892212190
0.3705981941
0.3823363431
0.3788939052
0.4036681716
0.3919864560
0.4181715576
0.3823363431
0.3602708804
0.3720090293
0.3678893905
0.3417042889
0.3485891648
0.1976862302
0.3272009029
0.3209932280
0.2917607223
0.3795711061
0.4284988713
0.4208803612
0.3664785553
0.3713318284
0.3396162528
0.3234198646
0.3365124153
0.3547968397
0.3630361174
0.3413656885
0.3386004515
0.3458239278
0.3685665914
0.3496049661
0.3344808126
0.3275395034
0.3644469526
0.3582392777
0.3279345372
0.3375282167
0.3299661400
0.3440744921
0.3386004515
0.3230812641
0.3417042889
0.3905756208
0.3816591422
0.4091986456
0.4208803612
0.3995485327
0.3768058691
0.3885440181
0.4208803612
0.3554740406
0.3823363431
0.3967832957
0.4098758465
0.4395033860
0.3802483070
0.3878668172
0.3685665914
0.2993227991
0.3471783296
0.3479119639
0.3892212190
0.3417042889
0.3440744921
0.3475169300
0.3664785553
0.3658013544
0.3420428894
0.3199774266
0.3248306998
0.3127539503
0.3099887133
0.3402934537
0.3351580135
0.3396162528
0.3671557562
0.3010158014
0.3020880361
0.3027652370
0.2762415350
0.2900112867
0.3106659142
0.3068848758
0.2962189616
0.3151805869
0.3199774266
0.3437358916
0.2945259594
0.2986455982
0.2487020316
0.2590293454
0.2934537246
0.3306433409
0.3158577878
0.2783295711
0.3348194131
0.3209932280
0.2848758465
0.2652370203
0.2731376975
0.3561512415
0.3265237020
0.3244920993
0.3533860045
0.3809255079
0.3830135440
0.4133182844
0.4312641084
0.4298532731
0.4167607223
0.3974604966
0.3788939052
0.4174379233
0.4360609481
0.4546839729
0.4057562077
0.4167607223
0.4105530474
0.4408577878
0.4367381490
0.4519187359
0.4353837472
0.4216139955
0.4257336343
0.3885440181
0.4622460497
0.4884311512
0.4698081264
0.4863431151
0.5138826185
0.5077313770
0.5001128668
0.4815462754
0.4374153499
0.4560383747
0.4291760722
0.4367381490
0.4512415350
0.4408577878
0.5283860045
0.5277088036
0.4766930023
0.5531602709
0.4670428894
0.5028781038
0.4601580135
0.4946388262
0.5152934537
0.4877539503
0.4781038375
0.4347065463
0.4498306998
0.4139954853
0.4463882619
0.4843115124
0.4415914221
0.4560383747
0.4973476298
0.4622460497
0.4925507901
0.4959932280
0.4856659142
0.4891083521
0.4766930023
0.4973476298
0.4643340858
0.4739277652
0.4443566591
0.4312641084
0.4339729120
0.4222911964
0.4071106095
0.4284988713
0.4071106095
0.4236455982
0.3954288939
0.3468397291
0.3857787810
0.3898984199
0.3830135440
0.3747742664
0.4422686230
0.4264108352
0.4174379233
0.4071106095
0.3933408578
0.4470654628
0.4174379233
0.4029909707
0.3871331828
0.3919864560
0.3836907449
0.4057562077
0.3520316027
0.4367381490
0.3761286682
0.3761286682
0.3974604966
0.4154063205
0.4284988713
0.4160835214
0.4229683973
0.3713318284
0.4463882619
0.3871331828
0.3589164786
0.3720090293
0.3995485327
0.3795711061
0.3417042889
0.3864559819
0.3705981941
0.3705981941
0.3699209932
0.3713318284
0.3699209932
0.3589164786
0.4016365688
0.4098758465
0.4139954853
0.4064334086
0.3561512415
0.3974604966
0.4036681716
0.4560383747
0.4746613995
0.4532731377
0.4016365688
0.3933408578
0.4091986456
0.3747742664
0.3788939052
0.4105530474
0.4023137698
0.3740406321
0.3430586907
0.3286117381
0.3589164786
0.3774830700
0.3554740406
0.3193002257
0.3099887133
0.2810383747
0.3306433409
0.3234198646
0.2790067720
0.2710496614
0.2238713318
0.2669300226
0.2803611738
0.3010158014
0.2455981941
0.2714446953
0.2889954853
0.2555869074
0.2580135440
0.2824492099
0.2700338600
0.3041196388
0.2652370203
0.2445259594
0.2225169300
0.2269751693
0.4098758465
0.3206546275
0.3003386005
0.4016365688
0.3034424379
0.3127539503
0.3306433409
0.3417042889
0.3075620767
0.2607223476
0.2775959368
0.2369638826
0.2993227991
0.3099887133
0.2790067720
0.2600451467
0.2428329571
0.3974604966
0.3913092551
0.3440744921
0.2879796840
0.3117381490
0.3451467269
0.2790067720
0.3027652370
0.3151805869
0.3213882619
0.2962189616
0.3327313770
0.3458239278
0.3158577878
0.3034424379
0.2972347630
0.3145033860
0.2855530474
0.3671557562
0.3175507901
0.3309819413
0.2817720090
0.2779909707
0.2552483070
0.2294018059
0.2307562077
0.2307562077
0.2304176072
0.2521444695
0.2459367946
0.2597065463
0.2600451467
0.2917607223
0.3279345372
0.3451467269
0.3237584650
0.3206546275
0.3213882619
0.3444695260
0.3623589165
0.3940180587
0.3268623025
0.3413656885
0.3554740406
0.3575056433
0.3103273138
0.3802483070
0.3554740406
0.3788939052
0.4270880361
0.4044018059
0.4188487585
0.4270880361
0.4071106095
0.3589164786
0.3995485327
0.4236455982
0.4546839729
0.4139954853
0.4147291196
0.4023137698
0.3947516930
0.4594808126
0.4339729120
0.4443566591
0.4670428894
0.4236455982
0.4160835214
0.4332957111
0.4147291196
0.3913092551
0.3954288939
0.3699209932
0.3240970655
0.3196388262
0.3933408578
0.4160835214
0.4216139955
0.4332957111
0.3974604966
0.3961060948
0.3933408578
0.4491534989
0.4781038375
0.4980812641
0.4843115124
0.4650112867
0.4560383747
0.4470654628
0.4085214447
0.4347065463
0.5256207675
0.4374153499
0.4319413093
0.4002257336
0.3774830700
0.4091986456
0.4305304740
0.4181715576
0.3713318284
0.3774830700
0.3988713318
0.4085214447
0.4057562077
0.4718961625
0.5352708804
0.5428329571
0.4815462754
0.5373024831
0.4298532731
0.4573927765
0.5152934537
0.4994356659
0.5269751693
0.5166478555
0.3726862302
0.4546839729
0.3809255079
0.4525959368
0.4367381490
0.4036681716
0.4195259594
0.4539503386
0.4815462754
0.5256207675
0.5338600451
0.5228555305
0.5435101580
0.5262979684
0.5311512415
0.5545711061
0.5242663657
0.5840857788
0.5503950339
0.5056433409
0.4663656885
0.3830135440
0.5552483070
0.5572799097
0.5215011287
0.5132054176
0.5290632054
0.5290632054
0.5022009029
0.4718961625
0.4339729120
0.4222911964
0.3961060948
0.5373024831
0.4278216704
0.0000000100
0.0000000100
0.0000000100
0.0000000100
0.0000000100
0.0000000100
0.0000000100
0.0000000100
0.0000000100
0.0000000100
0.0000000100
0.0000000100
0.0000000100
0.0000000100
0.0000000100
0.0000000100
0.0000000100
0.0000000100
0.0000000100
0.0000000100
0.0000000100
0.0000000100
0.0000000100
0.0000000100
0.0000000100
0.0000000100
0.0000000100
0.0000000100
0.0000000100
0.0000000100
0.0000000100
0.0000000100
0.0000000100
0.0000000100
0.0000000100
0.0000000100
0.0000000100
0.0000000100
0.0000000100
0.0000000100
0.0000000100
0.0000000100
0.0000000100
0.0000000100
0.0000000100
0.0000000100
0.0000000100
0.0000000100
0.0000000100
0.0000000100
0.0000000100
0.0000000100
0.0000000100
0.0000000100
0.0000000100
0.0000000100
0.0000000100
0.0000000100
0.0000000100
0.0000000100
0.0000000100
0.0000000100
0.0000000100
0.0000000100
0.0000000100
0.0000000100
0.0000000100
0.0000000100
0.0000000100
0.0000000100
0.0000000100
0.0000000100
0.0000000100
0.0000000100
0.0000000100
0.0000000100
0.0000000100
0.0000000100
0.0000000100
0.0000000100
0.0000000100
0.0000000100
0.0000000100
0.0000000100
0.0000000100
0.0000000100
0.0000000100
0.0000000100
0.0000000100
0.0000000100
0.0000000100
0.0000000100
0.0000000100
0.0000000100
0.0000000100
0.0000000100
0.0000000100
0.0000000100
0.0000000100
0.0000000100
0.0000000100
0.0000000100
0.0000000100
0.0000000100
0.0000000100
0.0000000100
0.0000000100
0.0000000100
0.0000000100
0.0000000100
0.0000000100
0.0000000100
0.0000000100
0.0000000100
0.0000000100
0.0000000100
0.0000000100
0.0000000100
0.0000000100
0.0000000100
0.0000000100
0.0000000100
0.0000000100
0.0000000100
0.0000000100
0.0000000100
0.0000000100
0.0000000100
0.0000000100
0.0000000100
0.0000000100
0.0000000100
0.0000000100
0.0000000100
0.0000000100
0.0000000100
0.0000000100
0.0000000100
0.0000000100
0.0000000100
0.0000000100
0.0000000100
0.0000000100
0.0000000100
0.0000000100
0.0000000100
0.0000000100
0.0000000100
0.0000000100
0.0000000100
0.0000000100
0.0000000100
0.0000000100
0.0000000100
0.0000000100
0.0000000100
0.0000000100
0.0000000100
0.0000000100
0.0000000100
0.0000000100
0.0000000100
0.0000000100
0.0000000100
0.0000000100
0.0000000100
0.0000000100
0.0000000100
0.0000000100
0.0000000100
0.0000000100
0.0000000100
0.0000000100
0.0000000100
0.0000000100
0.0000000100
0.0000000100
0.0000000100
0.0000000100
0.0000000100
0.0000000100
0.0000000100
0.0000000100
0.0000000100
0.0000000100
0.0000000100
0.0000000100
0.0000000100
0.0000000100
0.0000000100
0.0000000100
0.0000000100
0.0000000100
0.0000000100
0.0000000100
0.0000000100
0.0000000100
0.0000000100
0.0000000100
0.0000000100
0.0000000100
0.0000000100
0.0000000100
0.0000000100
0.0000000100
0.0000000100
0.0000000100
0.0000000100
0.0000000100
0.0000000100
0.0000000100
0.0000000100
0.0000000100
0.0000000100
0.0000000100
0.0000000100
0.0000000100
0.0000000100
0.0000000100
0.0000000100
0.0000000100
0.0000000100
0.0000000100
0.0000000100
0.0000000100
0.0000000100
0.0000000100
0.0000000100
0.0000000100
0.0000000100
0.0000000100
0.0000000100
0.0000000100
0.0000000100
0.0000000100
0.0000000100
0.0000000100
0.0000000100
0.0000000100
0.0000000100
0.0000000100
0.0000000100
0.0000000100
0.0000000100
0.0000000100
0.0000000100
0.0000000100
0.0000000100
0.0000000100
0.0000000100
0.0000000100
0.0000000100
0.0000000100
0.0000000100
0.0000000100
0.0000000100
0.0000000100
0.0000000100
0.0000000100
0.0000000100
0.0000000100
0.0000000100
0.0000000100
0.0000000100
0.0000000100
0.0000000100
0.0000000100
0.0000000100
0.0000000100
0.0000000100
0.0000000100
0.0000000100
0.0000000100
0.0000000100
0.0000000100
0.0000000100
0.0000000100
0.0000000100
0.0000000100
0.0000000100
0.0000000100
0.0000000100
0.0000000100
0.0000000100
0.0000000100
0.0000000100
0.0000000100
0.0000000100
0.0000000100
0.0000000100
0.0000000100
0.0000000100
0.0000000100
0.0000000100
0.0000000100
0.0000000100
0.0000000100
0.0000000100
0.0000000100
0.0000000100
0.0000000100
0.0000000100
0.0000000100
0.0000000100
0.0000000100
0.0000000100
0.0000000100
0.0000000100
0.0000000100
0.0000000100
0.0000000100
0.0000000100
0.0000000100
0.0000000100
0.0000000100
0.0000000100
0.0000000100
0.0000000100
0.0000000100
0.0000000100
0.0000000100
0.0000000100
0.0000000100
0.0000000100
0.0000000100
0.0000000100
0.0000000100
0.0000000100
0.0000000100
0.0000000100
0.0000000100
0.0000000100
0.0000000100
0.0000000100
0.0000000100
0.0000000100
0.0000000100
0.0000000100
0.0000000100
0.0000000100
0.0000000100
0.0000000100
0.0000000100
0.0000000100
0.0000000100
0.0000000100
0.0000000100
0.0000000100
0.0000000100
0.0000000100
0.0000000100
0.0000000100
0.0000000100
0.0000000100
0.0000000100
0.0000000100
0.0000000100
0.0000000100
0.0000000100
0.0000000100
0.0000000100
0.0000000100
0.0000000100
0.0000000100
0.0000000100
0.0000000100
0.0000000100
0.0000000100
