1.0000000000
1.0000000000
1.0000000000
1.0000000000
1.0000000000
1.0000000000
1.0000000000
1.0000000000
1.0000000000
1.0000000000
1.0000000000
1.0000000000
1.0000000000
1.0000000000
1.0000000000
1.0000000000
1.0000000000
1.0000000000
1.0000000000
1.0000000000
1.0000000000
1.0000000000
1.0000000000
1.0000000000
1.0000000000
1.0000000000
1.0000000000
1.0000000000
1.0000000000
1.0000000000
1.0000000000
1.0000000000
1.0000000000
1.0000000000
1.0000000000
1.0000000000
1.0000000000
1.0000000000
1.0000000000
1.0000000000
1.0000000000
1.0000000000
1.0000000000
1.0000000000
1.0000000000
1.0000000000
1.0000000000
1.0000000000
1.0000000000
1.0000000000
1.0000000000
1.0000000000
1.0000000000
1.0000000000
1.0000000000
1.0000000000
1.0000000000
1.0000000000
1.0000000000
1.0000000000
1.0000000000
1.0000000000
1.0000000000
1.0000000000
1.0000000000
1.0000000000
1.0000000000
1.0000000000
1.0000000000
1.0000000000
0.9795918367
0.9731892757
0.9463785514
0.9623849540
0.9099639856
0.8647458984
0.8583433373
0.8559423770
0.7511004402
0.7498999600
0.7595038015
0.7118847539
0.6802721088
0.6742697079
0.6642657063
0.7486994798
0.7022809124
0.6582633053
0.7278911565
0.6666666667
0.6570628251
0.6606642657
0.6422569028
0.6138455382
0.6130452181
0.6094437775
0.6074429772
0.5634253701
0.5918367347
0.5770308123
0.5794317727
0.5878351341
0.6190476190
0.5530212085
0.5338135254
0.5414165666
0.5386154462
0.5750300120
0.5514205682
0.5542216887
0.6150460184
0.5294117647
0.5158063225
0.5710284114
0.5702280912
0.5326130452
0.5430172069
0.5514205682
0.5630252101
0.5594237695
0.5734293717
0.5814325730
0.6314525810
0.6086434574
0.6434573830
0.6498599440
0.6374549820
0.6570628251
0.6766706683
0.6546618647
0.6594637855
0.6998799520
0.7302921168
0.7130852341
0.7875150060
0.8059223689
0.7875150060
0.8315326130
0.8635454182
0.8339335734
0.9511804722
0.9843937575
0.9975990396
1.0000000000
1.0000000000
1.0000000000
1.0000000000
1.0000000000
1.0000000000
1.0000000000
1.0000000000
1.0000000000
1.0000000000
1.0000000000
1.0000000000
1.0000000000
1.0000000000
1.0000000000
1.0000000000
1.0000000000
1.0000000000
1.0000000000
1.0000000000
1.0000000000
1.0000000000
1.0000000000
1.0000000000
1.0000000000
1.0000000000
1.0000000000
1.0000000000
1.0000000000
1.0000000000
1.0000000000
1.0000000000
1.0000000000
1.0000000000
1.0000000000
1.0000000000
1.0000000000
1.0000000000
1.0000000000
1.0000000000
1.0000000000
1.0000000000
1.0000000000
1.0000000000
1.0000000000
1.0000000000
1.0000000000
1.0000000000
1.0000000000
1.0000000000
1.0000000000
1.0000000000
1.0000000000
1.0000000000
1.0000000000
1.0000000000
1.0000000000
1.0000000000
1.0000000000
1.0000000000
1.0000000000
1.0000000000
1.0000000000
1.0000000000
1.0000000000
1.0000000000
1.0000000000
1.0000000000
1.0000000000
1.0000000000
1.0000000000
1.0000000000
1.0000000000
1.0000000000
1.0000000000
1.0000000000
1.0000000000
1.0000000000
1.0000000000
1.0000000000
1.0000000000
1.0000000000
1.0000000000
1.0000000000
1.0000000000
1.0000000000
1.0000000000
1.0000000000
1.0000000000
1.0000000000
1.0000000000
1.0000000000
1.0000000000
1.0000000000
1.0000000000
1.0000000000
1.0000000000
1.0000000000
1.0000000000
1.0000000000
1.0000000000
1.0000000000
1.0000000000
1.0000000000
1.0000000000
1.0000000000
1.0000000000
1.0000000000
1.0000000000
1.0000000000
1.0000000000
1.0000000000
1.0000000000
1.0000000000
1.0000000000
1.0000000000
1.0000000000
1.0000000000
1.0000000000
1.0000000000
1.0000000000
1.0000000000
1.0000000000
1.0000000000
1.0000000000
1.0000000000
1.0000000000
1.0000000000
1.0000000000
1.0000000000
1.0000000000
1.0000000000
1.0000000000
1.0000000000
1.0000000000
1.0000000000
1.0000000000
1.0000000000
1.0000000000
1.0000000000
1.0000000000
1.0000000000
1.0000000000
1.0000000000
1.0000000000
1.0000000000
1.0000000000
1.0000000000
1.0000000000
1.0000000000
1.0000000000
1.0000000000
1.0000000000
1.0000000000
1.0000000000
1.0000000000
1.0000000000
1.0000000000
1.0000000000
1.0000000000
1.0000000000
1.0000000000
1.0000000000
1.0000000000
1.0000000000
1.0000000000
1.0000000000
1.0000000000
1.0000000000
1.0000000000
1.0000000000
1.0000000000
1.0000000000
1.0000000000
1.0000000000
1.0000000000
1.0000000000
1.0000000000
1.0000000000
1.0000000000
1.0000000000
1.0000000000
1.0000000000
1.0000000000
1.0000000000
1.0000000000
1.0000000000
1.0000000000
1.0000000000
1.0000000000
1.0000000000
1.0000000000
1.0000000000
1.0000000000
1.0000000000
1.0000000000
1.0000000000
1.0000000000
1.0000000000
1.0000000000
1.0000000000
1.0000000000
1.0000000000
1.0000000000
1.0000000000
1.0000000000
1.0000000000
1.0000000000
1.0000000000
1.0000000000
1.0000000000
1.0000000000
1.0000000000
1.0000000000
1.0000000000
0.9683873549
0.9891956783
1.0000000000
1.0000000000
0.8927571028
0.9563825530
0.8951580632
0.9123649460
0.8159263705
0.8255302121
0.7607042817
0.7474989996
0.6934773910
0.6946778711
0.7142857143
0.7034813926
0.6410564226
0.7094837935
0.6754701881
0.6138455382
0.6998799520
0.6150460184
0.5982392957
0.5770308123
0.5630252101
0.5558223289
0.5562224890
0.5898359344
0.5502200880
0.5458183273
0.5666266507
0.6238495398
0.5262104842
0.5202080832
0.5470188075
0.5414165666
0.5338135254
0.5146058423
0.5414165666
0.5558223289
0.5134053621
0.5054021609
0.4885954382
0.5086034414
0.5274109644
0.5118047219
0.5054021609
0.5178071228
0.5826330532
0.5294117647
0.5326130452
0.5618247299
0.5378151261
0.5542216887
0.6290516206
0.5898359344
0.6086434574
0.6498599440
0.6326530612
0.6190476190
0.6498599440
0.6386554622
0.6974789916
0.7278911565
0.7046818727
0.8035214086
0.8219287715
0.8255302121
0.8279311725
0.8915566226
0.9171668667
0.9475790316
0.9219687875
0.9807923169
1.0000000000
1.0000000000
1.0000000000
1.0000000000
1.0000000000
1.0000000000
1.0000000000
1.0000000000
1.0000000000
1.0000000000
1.0000000000
1.0000000000
1.0000000000
1.0000000000
1.0000000000
1.0000000000
1.0000000000
1.0000000000
1.0000000000
1.0000000000
1.0000000000
1.0000000000
1.0000000000
1.0000000000
1.0000000000
1.0000000000
1.0000000000
1.0000000000
1.0000000000
1.0000000000
1.0000000000
1.0000000000
1.0000000000
1.0000000000
1.0000000000
1.0000000000
1.0000000000
1.0000000000
1.0000000000
1.0000000000
1.0000000000
1.0000000000
1.0000000000
1.0000000000
1.0000000000
1.0000000000
1.0000000000
1.0000000000
1.0000000000
1.0000000000
1.0000000000
1.0000000000
1.0000000000
1.0000000000
1.0000000000
1.0000000000
1.0000000000
1.0000000000
1.0000000000
1.0000000000
1.0000000000
1.0000000000
1.0000000000
1.0000000000
1.0000000000
1.0000000000
1.0000000000
1.0000000000
1.0000000000
0.0000000100
0.0000000100
0.0000000100
0.0000000100
0.0000000100
0.0000000100
0.0000000100
0.0000000100
0.0000000100
0.0000000100
0.0000000100
0.0000000100
0.0000000100
0.0000000100
0.0000000100
0.0000000100
0.0000000100
0.0000000100
0.0000000100
0.0000000100
0.0000000100
0.0000000100
0.0000000100
0.0000000100
0.0000000100
0.0000000100
0.0000000100
0.0000000100
0.0000000100
0.0000000100
0.0000000100
0.0000000100
0.0000000100
0.0000000100
0.0000000100
0.0000000100
0.0000000100
0.0000000100
0.0000000100
0.0000000100
0.0000000100
0.0000000100
0.0000000100
0.0000000100
0.0000000100
0.0000000100
0.0000000100
0.0000000100
0.0000000100
0.0000000100
0.0000000100
0.0000000100
0.0000000100
0.0000000100
0.0000000100
0.0000000100
0.0000000100
0.0000000100
0.0000000100
0.0000000100
0.0000000100
0.0000000100
0.0000000100
0.0000000100
0.0000000100
0.0000000100
0.0000000100
0.0000000100
0.0000000100
0.0000000100
0.0000000100
0.0000000100
0.0000000100
0.0000000100
0.0000000100
0.0000000100
0.0000000100
0.0000000100
0.0000000100
0.0000000100
0.0000000100
0.0000000100
0.0000000100
0.0000000100
0.0000000100
0.0000000100
0.0000000100
0.0000000100
0.0000000100
0.0000000100
0.0000000100
0.0000000100
0.0000000100
0.0000000100
0.0000000100
0.0000000100
0.0000000100
0.0000000100
0.0000000100
0.0000000100
0.0000000100
0.0000000100
0.0000000100
0.0000000100
0.0000000100
0.0000000100
0.0000000100
0.0000000100
0.0000000100
0.0000000100
0.0000000100
0.0000000100
0.0000000100
0.0000000100
0.0000000100
0.0000000100
0.0000000100
0.0000000100
0.0000000100
0.0000000100
0.0000000100
0.0000000100
0.0000000100
0.0000000100
0.0000000100
0.0000000100
0.0000000100
0.0000000100
0.0000000100
0.0000000100
0.0000000100
0.0000000100
0.0000000100
0.0000000100
0.0000000100
0.0000000100
0.0000000100
0.0000000100
0.0000000100
0.0000000100
0.0000000100
0.0000000100
0.0000000100
0.0000000100
0.0000000100
0.0000000100
0.0000000100
0.0000000100
0.0000000100
0.0000000100
0.0000000100
0.0000000100
0.0000000100
0.0000000100
0.0000000100
0.0000000100
0.0000000100
0.0000000100
0.0000000100
0.0000000100
0.0000000100
0.0000000100
0.0000000100
0.0000000100
0.0000000100
0.0000000100
0.0000000100
0.0000000100
0.0000000100
0.0000000100
0.0000000100
0.0000000100
0.0000000100
0.0000000100
0.0000000100
0.0000000100
0.0000000100
0.0000000100
0.0000000100
0.0000000100
0.0000000100
0.0000000100
0.0000000100
0.0000000100
0.0000000100
0.0000000100
0.0000000100
0.0000000100
0.0000000100
0.0000000100
0.0000000100
0.0000000100
0.0000000100
0.0000000100
0.0000000100
0.0000000100
0.0000000100
0.0000000100
0.0000000100
0.0000000100
0.0000000100
0.0000000100
0.0000000100
0.0000000100
0.0000000100
0.0000000100
0.0000000100
0.0000000100
0.0000000100
0.0000000100
0.0000000100
0.0000000100
0.0000000100
0.0000000100
0.0000000100
0.0000000100
0.0000000100
0.0000000100
0.0000000100
0.0000000100
0.0000000100
0.0000000100
0.0000000100
0.0000000100
0.0000000100
0.0000000100
0.0000000100
0.0000000100
0.0000000100
0.0000000100
0.0000000100
0.0000000100
0.0000000100
0.0000000100
0.0000000100
0.0000000100
0.0000000100
0.0000000100
0.0000000100
0.0000000100
0.0000000100
0.0000000100
0.0000000100
0.0000000100
0.0000000100
0.0000000100
0.0000000100
0.0000000100
0.0000000100
0.0000000100
0.0000000100
0.0000000100
0.0000000100
0.0000000100
0.0000000100
0.0000000100
0.0000000100
0.0000000100
0.0000000100
0.0000000100
0.0000000100
0.0000000100
0.0000000100
0.0000000100
0.0000000100
0.0000000100
0.0000000100
0.0000000100
0.0000000100
0.0000000100
0.0000000100
0.0000000100
0.0000000100
0.0000000100
0.0000000100
0.0000000100
0.0000000100
0.0000000100
0.0000000100
0.0000000100
0.0000000100
0.0000000100
0.0000000100
0.0000000100
0.0000000100
0.0000000100
0.0000000100
0.0000000100
0.0000000100
0.0000000100
0.0000000100
0.0000000100
0.0000000100
0.0000000100
0.0000000100
0.0000000100
0.0000000100
0.0000000100
0.0000000100
0.0000000100
0.0000000100
0.0000000100
0.0000000100
0.0000000100
0.0000000100
0.0000000100
0.0000000100
0.0000000100
0.0000000100
0.0000000100
0.0000000100
0.0000000100
0.0000000100
0.0000000100
0.0000000100
0.0000000100
0.0000000100
0.0000000100
0.0000000100
0.0000000100
0.0000000100
0.0000000100
0.0000000100
0.0000000100
0.0000000100
0.0000000100
0.0000000100
0.0000000100
0.0000000100
0.0000000100
0.0000000100
0.0000000100
0.0000000100
0.0000000100
0.0000000100
0.0000000100
0.0000000100
0.0000000100
0.0000000100
0.0000000100
0.0000000100
0.0000000100
0.0000000100
0.0000000100
0.0000000100
0.0000000100
0.0000000100
0.0000000100
0.0000000100
0.0000000100
0.0000000100
0.0000000100
0.0000000100
0.0000000100
0.0000000100
0.0000000100
0.0000000100
0.0000000100
0.0000000100
0.0000000100
0.0000000100
0.0000000100
0.0000000100
0.0000000100
0.0000000100
0.0000000100
0.0000000100
0.0000000100
0.0000000100
