0.9521600000
0.9033600000
0.9200000000
0.8867200000
0.9238400000
0.9971200000
0.8593600000
0.9638400000
0.9307200000
0.9257600000
0.9902400000
0.8652800000
0.8857600000
1.0000000000
0.9902400000
0.9502400000
1.0000000000
1.0000000000
0.9160000000
0.9052800000
0.9200000000
0.9286400000
1.0000000000
0.8838400000
0.9609600000
0.8360000000
0.8652800000
0.9033600000
1.0000000000
0.9619200000
0.8828800000
0.8828800000
0.8936000000
0.9384000000
0.9033600000
0.9072000000
0.8281600000
0.8486400000
0.8691200000
0.9678400000
0.8817600000
0.9081600000
0.9364800000
0.8310400000
0.9424000000
0.8964800000
0.8388800000
0.7920000000
0.8076800000
0.7870400000
0.7803200000
0.8291200000
0.7948800000
0.8056000000
0.8046400000
0.8027200000
0.7734400000
0.7772800000
0.7939200000
0.8067200000
0.8232000000
0.8046400000
0.7900800000
0.8212800000
0.9014400000
0.8388800000
0.8360000000
0.8555200000
0.8564800000
0.8310400000
0.8369600000
0.8339200000
0.8867200000
0.8534400000
0.8926400000
0.8867200000
0.9619200000
0.8926400000
0.9667200000
0.8886400000
0.9286400000
0.8691200000
0.8633600000
0.9003200000
0.8926400000
0.8905600000
0.9540800000
0.9502400000
1.0000000000
0.9014400000
0.8662400000
0.9100800000
0.9052800000
0.9521600000
0.8417600000
0.8848000000
0.9414400000
0.8905600000
0.9483200000
0.9667200000
0.8281600000
0.9336000000
0.9707200000
0.9550400000
0.8672000000
0.8886400000
0.9452800000
0.9628800000
0.9131200000
0.9824000000
0.9345600000
0.9150400000
0.9355200000
0.9833600000
0.9395200000
0.9307200000
0.8926400000
0.9404800000
0.8926400000
0.9209600000
0.9003200000
0.9638400000
1.0000000000
1.0000000000
1.0000000000
0.9433600000
1.0000000000
1.0000000000
1.0000000000
1.0000000000
0.8798400000
1.0000000000
1.0000000000
1.0000000000
0.8251200000
0.9228800000
1.0000000000
1.0000000000
1.0000000000
1.0000000000
0.8603200000
0.9531200000
0.8964800000
1.0000000000
0.8505600000
1.0000000000
1.0000000000
1.0000000000
1.0000000000
1.0000000000
1.0000000000
1.0000000000
1.0000000000
1.0000000000
1.0000000000
1.0000000000
1.0000000000
1.0000000000
1.0000000000
1.0000000000
1.0000000000
1.0000000000
1.0000000000
1.0000000000
1.0000000000
1.0000000000
1.0000000000
1.0000000000
1.0000000000
1.0000000000
1.0000000000
1.0000000000
1.0000000000
1.0000000000
1.0000000000
1.0000000000
1.0000000000
1.0000000000
1.0000000000
1.0000000000
1.0000000000
1.0000000000
1.0000000000
1.0000000000
1.0000000000
1.0000000000
1.0000000000
1.0000000000
1.0000000000
1.0000000000
1.0000000000
1.0000000000
0.8524800000
1.0000000000
1.0000000000
1.0000000000
1.0000000000
1.0000000000
1.0000000000
1.0000000000
0.9228800000
0.9600000000
0.9609600000
1.0000000000
1.0000000000
1.0000000000
0.9707200000
1.0000000000
1.0000000000
1.0000000000
1.0000000000
1.0000000000
1.0000000000
1.0000000000
1.0000000000
1.0000000000
1.0000000000
1.0000000000
1.0000000000
1.0000000000
1.0000000000
1.0000000000
1.0000000000
1.0000000000
1.0000000000
1.0000000000
1.0000000000
1.0000000000
1.0000000000
1.0000000000
1.0000000000
1.0000000000
1.0000000000
1.0000000000
1.0000000000
1.0000000000
1.0000000000
1.0000000000
1.0000000000
1.0000000000
1.0000000000
1.0000000000
1.0000000000
1.0000000000
1.0000000000
1.0000000000
1.0000000000
1.0000000000
1.0000000000
1.0000000000
1.0000000000
1.0000000000
1.0000000000
1.0000000000
1.0000000000
1.0000000000
1.0000000000
1.0000000000
1.0000000000
1.0000000000
1.0000000000
1.0000000000
1.0000000000
1.0000000000
1.0000000000
1.0000000000
1.0000000000
1.0000000000
1.0000000000
1.0000000000
1.0000000000
1.0000000000
1.0000000000
1.0000000000
1.0000000000
1.0000000000
1.0000000000
1.0000000000
0.9892800000
1.0000000000
0.9492800000
1.0000000000
1.0000000000
1.0000000000
1.0000000000
0.9766400000
0.8691200000
0.9384000000
0.9219200000
0.9745600000
0.9883200000
1.0000000000
0.9892800000
0.8808000000
0.9785600000
1.0000000000
0.9716800000
1.0000000000
1.0000000000
1.0000000000
0.7665600000
0.9628800000
0.9355200000
1.0000000000
1.0000000000
1.0000000000
0.9121600000
0.9179200000
1.0000000000
1.0000000000
0.9531200000
0.9921600000
1.0000000000
1.0000000000
0.9657600000
1.0000000000
0.9443200000
1.0000000000
1.0000000000
1.0000000000
1.0000000000
1.0000000000
1.0000000000
1.0000000000
0.9940800000
1.0000000000
1.0000000000
1.0000000000
0.9902400000
1.0000000000
1.0000000000
1.0000000000
0.9657600000
0.8984000000
0.9081600000
0.9100800000
0.9062400000
0.8633600000
0.8622400000
0.8436800000
0.9902400000
0.8691200000
0.8838400000
0.9316800000
0.8164800000
0.8750400000
0.8388800000
0.9228800000
0.8750400000
0.9531200000
0.9404800000
0.8926400000
0.9257600000
0.8838400000
0.8643200000
0.9024000000
0.9433600000
1.0000000000
0.9433600000
0.9384000000
0.8700800000
0.9619200000
0.9667200000
1.0000000000
0.9755200000
0.9540800000
0.9931200000
0.9795200000
0.9580800000
0.9902400000
0.9590400000
0.9081600000
0.9560000000
0.9200000000
0.9169600000
0.9766400000
1.0000000000
0.9286400000
1.0000000000
0.9852800000
1.0000000000
1.0000000000
1.0000000000
0.9590400000
0.9950400000
1.0000000000
0.8652800000
0.9276800000
0.9424000000
0.9716800000
1.0000000000
0.9364800000
0.9131200000
0.8857600000
0.8916800000
0.8974400000
0.8788800000
0.9091200000
1.0000000000
0.9169600000
0.9238400000
0.9502400000
1.0000000000
1.0000000000
0.9766400000
1.0000000000
1.0000000000
1.0000000000
0.9931200000
1.0000000000
0.9502400000
1.0000000000
1.0000000000
1.0000000000
1.0000000000
1.0000000000
1.0000000000
0.9569600000
0.9433600000
1.0000000000
1.0000000000
1.0000000000
1.0000000000
1.0000000000
1.0000000000
1.0000000000
1.0000000000
1.0000000000
1.0000000000
1.0000000000
1.0000000000
1.0000000000
1.0000000000
1.0000000000
1.0000000000
1.0000000000
1.0000000000
1.0000000000
1.0000000000
1.0000000000
1.0000000000
1.0000000000
1.0000000000
1.0000000000
1.0000000000
1.0000000000
1.0000000000
1.0000000000
0.9188800000
1.0000000000
1.0000000000
1.0000000000
1.0000000000
1.0000000000
1.0000000000
1.0000000000
1.0000000000
1.0000000000
1.0000000000
1.0000000000
1.0000000000
1.0000000000
1.0000000000
0.7510400000
0.6347200000
0.6552000000
1.0000000000
1.0000000000
1.0000000000
1.0000000000
1.0000000000
1.0000000000
1.0000000000
1.0000000000
1.0000000000
1.0000000000
1.0000000000
1.0000000000
1.0000000000
1.0000000000
1.0000000000
1.0000000000
1.0000000000
1.0000000000
1.0000000000
1.0000000000
0.9648000000
1.0000000000
1.0000000000
1.0000000000
1.0000000000
1.0000000000
1.0000000000
1.0000000000
1.0000000000
1.0000000000
1.0000000000
1.0000000000
1.0000000000
1.0000000000
1.0000000000
1.0000000000
0.0000000100
0.0000000100
0.0000000100
0.0000000100
0.0000000100
0.0000000100
0.0000000100
0.0000000100
0.0000000100
0.0000000100
0.0000000100
0.0000000100
0.0000000100
0.0000000100
0.0000000100
0.0000000100
0.0000000100
0.0000000100
0.0000000100
0.0000000100
0.0000000100
0.0000000100
0.0000000100
0.0000000100
0.0000000100
0.0000000100
0.0000000100
0.0000000100
0.0000000100
0.0000000100
0.0000000100
0.0000000100
0.0000000100
0.0000000100
0.0000000100
0.0000000100
0.0000000100
0.0000000100
0.0000000100
0.0000000100
0.0000000100
0.0000000100
0.0000000100
0.0000000100
0.0000000100
0.0000000100
0.0000000100
0.0000000100
0.0000000100
0.0000000100
0.0000000100
0.0000000100
0.0000000100
0.0000000100
0.0000000100
0.0000000100
0.0000000100
0.0000000100
0.0000000100
0.0000000100
0.0000000100
0.0000000100
0.0000000100
0.0000000100
0.0000000100
0.0000000100
0.0000000100
0.0000000100
0.0000000100
0.0000000100
0.0000000100
0.0000000100
0.0000000100
0.0000000100
0.0000000100
0.0000000100
0.0000000100
0.0000000100
0.0000000100
0.0000000100
0.0000000100
0.0000000100
0.0000000100
0.0000000100
0.0000000100
0.0000000100
0.0000000100
0.0000000100
0.0000000100
0.0000000100
0.0000000100
0.0000000100
0.0000000100
0.0000000100
0.0000000100
0.0000000100
0.0000000100
0.0000000100
0.0000000100
0.0000000100
0.0000000100
0.0000000100
0.0000000100
0.0000000100
0.0000000100
0.0000000100
0.0000000100
0.0000000100
0.0000000100
0.0000000100
0.0000000100
0.0000000100
0.0000000100
0.0000000100
0.0000000100
0.0000000100
0.0000000100
0.0000000100
0.0000000100
0.0000000100
0.0000000100
0.0000000100
0.0000000100
0.0000000100
0.0000000100
0.0000000100
0.0000000100
0.0000000100
0.0000000100
0.0000000100
0.0000000100
0.0000000100
0.0000000100
0.0000000100
0.0000000100
0.0000000100
0.0000000100
0.0000000100
0.0000000100
0.0000000100
0.0000000100
0.0000000100
0.0000000100
0.0000000100
0.0000000100
0.0000000100
0.0000000100
0.0000000100
0.0000000100
0.0000000100
0.0000000100
0.0000000100
0.0000000100
0.0000000100
0.0000000100
0.0000000100
0.0000000100
0.0000000100
0.0000000100
0.0000000100
0.0000000100
0.0000000100
0.0000000100
0.0000000100
0.0000000100
0.0000000100
0.0000000100
0.0000000100
0.0000000100
0.0000000100
0.0000000100
0.0000000100
0.0000000100
0.0000000100
0.0000000100
0.0000000100
0.0000000100
0.0000000100
0.0000000100
0.0000000100
0.0000000100
0.0000000100
0.0000000100
0.0000000100
0.0000000100
0.0000000100
0.0000000100
0.0000000100
0.0000000100
0.0000000100
0.0000000100
0.0000000100
0.0000000100
0.0000000100
0.0000000100
0.0000000100
0.0000000100
0.0000000100
0.0000000100
0.0000000100
0.0000000100
0.0000000100
0.0000000100
0.0000000100
0.0000000100
0.0000000100
0.0000000100
0.0000000100
0.0000000100
0.0000000100
0.0000000100
0.0000000100
0.0000000100
0.0000000100
0.0000000100
0.0000000100
0.0000000100
0.0000000100
0.0000000100
0.0000000100
0.0000000100
0.0000000100
0.0000000100
0.0000000100
0.0000000100
0.0000000100
0.0000000100
0.0000000100
0.0000000100
0.0000000100
0.0000000100
0.0000000100
0.0000000100
0.0000000100
0.0000000100
0.0000000100
0.0000000100
0.0000000100
0.0000000100
0.0000000100
0.0000000100
0.0000000100
0.0000000100
0.0000000100
0.0000000100
0.0000000100
0.0000000100
0.0000000100
0.0000000100
0.0000000100
0.0000000100
0.0000000100
0.0000000100
0.0000000100
0.0000000100
0.0000000100
0.0000000100
0.0000000100
0.0000000100
0.0000000100
0.0000000100
0.0000000100
0.0000000100
0.0000000100
0.0000000100
0.0000000100
0.0000000100
0.0000000100
0.0000000100
0.0000000100
0.0000000100
0.0000000100
0.0000000100
0.0000000100
0.0000000100
0.0000000100
0.0000000100
0.0000000100
0.0000000100
0.0000000100
0.0000000100
0.0000000100
0.0000000100
0.0000000100
0.0000000100
0.0000000100
0.0000000100
0.0000000100
0.0000000100
0.0000000100
0.0000000100
0.0000000100
0.0000000100
0.0000000100
0.0000000100
0.0000000100
0.0000000100
0.0000000100
0.0000000100
0.0000000100
0.0000000100
0.0000000100
0.0000000100
0.0000000100
0.0000000100
0.0000000100
0.0000000100
0.0000000100
0.0000000100
0.0000000100
0.0000000100
0.0000000100
0.0000000100
0.0000000100
0.0000000100
0.0000000100
0.0000000100
0.0000000100
0.0000000100
0.0000000100
0.0000000100
0.0000000100
0.0000000100
0.0000000100
0.0000000100
0.0000000100
0.0000000100
0.0000000100
0.0000000100
0.0000000100
0.0000000100
0.0000000100
0.0000000100
0.0000000100
0.0000000100
0.0000000100
0.0000000100
0.0000000100
0.0000000100
0.0000000100
0.0000000100
0.0000000100
0.0000000100
0.0000000100
0.0000000100
0.0000000100
0.0000000100
0.0000000100
0.0000000100
0.0000000100
0.0000000100
0.0000000100
0.0000000100
0.0000000100
0.0000000100
0.0000000100
0.0000000100
0.0000000100
0.0000000100
0.0000000100
0.0000000100
0.0000000100
0.0000000100
0.0000000100
0.0000000100
0.0000000100
0.0000000100
0.0000000100
