0.0387773236
0.0435933890
0.0429180736
0.0440021326
0.0429180736
0.0711746934
0.0456904212
0.0438599609
0.0530833481
0.0438599609
0.0430424738
0.0545050649
0.0401279545
0.0524080327
0.0674604585
0.0571530123
0.0427759019
0.0786387062
0.0435223032
0.0440732184
0.0402701262
0.0391149813
0.5043540075
0.5326106273
0.5693975475
0.4480184823
0.4609916474
0.5537586636
0.6431491025
0.5574906700
0.5997867425
0.4636573663
0.5384752088
0.4480184823
0.5358094900
0.5119957348
0.5693975475
0.6291096499
0.5249688999
0.5191043185
0.4702328061
0.5455837924
0.5532255198
0.5640661098
0.5987204549
0.5693975475
0.4929802737
0.5162608850
0.3883063800
0.4615247912
0.5059534388
0.4935134175
0.4485516261
0.4544162076
0.4350453172
0.4110538475
0.4625910787
0.4110538475
0.4149635685
0.4316687400
0.4924471299
0.4165629998
0.4137195664
0.4306024525
0.4604585036
0.4099875600
0.3676914875
0.4490847699
0.4316687400
0.4131864226
0.3872400924
0.3703572063
0.4506842012
0.4137195664
0.3531188911
0.4252710148
0.4327350275
0.4826728274
0.3595166163
0.4137195664
0.3433445886
0.3465434512
0.4332681713
0.4631242225
0.3357028612
0.3383685801
0.4224275813
0.3253954150
0.3557846099
0.2646170251
0.4083881287
0.3893726675
0.3925715301
0.4105207037
0.4517504887
0.4858716901
0.4224275813
0.4393104674
0.3628931935
0.4247378710
0.4018126888
0.3188199751
0.3193531189
0.3779989337
0.3644926248
0.3655589124
0.4041229785
0.4338013151
0.3486760263
0.2717256087
0.3237959837
0.3541851786
0.4647236538
0.3552514661
0.3200639773
0.3182868313
0.3721343522
0.4078549849
0.2706593211
0.2896747823
0.3367691487
0.3221965523
0.3259285587
0.4099875600
0.2589301582
0.3790652213
0.3470765950
0.3721343522
0.3991469700
0.3644926248
0.3835080860
0.3779989337
0.3264617025
0.3269948463
0.3280611338
0.2804336236
0.3285942776
0.3502754576
0.3671583437
0.3676914875
0.4316687400
0.2674604585
0.3378354363
0.3362360050
0.3417451573
0.3362360050
0.3748000711
0.3785320775
0.3557846099
0.3335702861
0.3232628399
0.2982050826
0.3269948463
0.3280611338
0.4252710148
0.3531188911
0.3676914875
0.3470765950
0.3486760263
0.4544162076
0.3954149636
0.4258041585
0.5944553048
0.5093300160
0.5374089213
0.5455837924
0.4935134175
0.6127599076
0.6008530300
0.5791718500
0.4766305314
0.5342100586
0.5548249511
0.5564243824
0.5770392749
0.5564243824
0.7277412476
0.5802381376
0.4800071086
0.6280433624
0.6594988449
0.6573662698
0.5727741248
0.6507908299
0.6877554647
0.5585569575
0.6671405722
0.7083703572
0.5466500800
0.6116936200
0.6074284699
0.7094366447
0.6898880398
0.7083703572
0.7506664297
0.7398258397
0.6866891772
0.8199751200
0.7472898525
0.7744801848
0.7472898525
0.6616314199
0.5402523547
0.7224098098
0.6573662698
0.5878798649
0.6822463124
0.7517327173
0.6888217523
0.6259107873
0.6952194775
0.7451572774
0.6769148747
0.6333748001
0.6367513773
0.6756708726
0.7017949174
0.8818197974
0.8645814821
0.8233516972
0.7810556247
0.7906522125
0.6985960547
0.7039274924
0.5900124400
0.5770392749
0.6843788875
0.6280433624
0.5878798649
0.8146436822
0.7007286298
0.6843788875
0.7060600675
0.7744801848
0.7462235650
0.8125111072
0.8070019549
0.7604407322
0.7375155500
0.7408921272
0.6442153901
0.6584325573
0.6833126000
0.6660742847
0.6562999822
0.6941531900
0.6019193176
0.6941531900
0.7549315799
0.6888217523
0.6616314199
0.6930869024
0.6756708726
0.6333748001
0.6529234050
0.6616314199
0.6291096499
0.7266749600
0.7115692198
0.6518571175
0.7083703572
0.7049937800
0.6801137373
0.6584325573
0.6248444997
0.5738404123
0.6431491025
0.6735382975
0.6518571175
0.6616314199
0.6616314199
0.6084947574
0.6127599076
0.5965878799
0.5997867425
0.5759729874
0.5532255198
0.5629998223
0.5585569575
0.5640661098
0.5672649725
0.5900124400
0.5717078372
0.5585569575
0.5813044251
0.5781055625
0.5619335347
0.5505598010
0.5087968722
0.5352763462
0.5564243824
0.5889461525
0.4990225698
0.5342100586
0.5207037498
0.5813044251
0.5770392749
0.5661986849
0.5889461525
0.5661986849
0.5857472899
0.5532255198
0.5537586636
0.5704638351
0.6140039097
0.5738404123
0.6454593922
0.6052958948
0.6019193176
0.5759729874
0.5651323974
0.5836147148
0.5955215923
0.6410165275
0.6063621823
0.5651323974
0.5987204549
0.6465256798
0.6019193176
0.6193353474
0.6084947574
0.6127599076
0.5889461525
0.5987204549
0.5944553048
0.5532255198
0.5717078372
0.5629998223
0.5889461525
0.5825484272
0.5791718500
0.5910787276
0.6084947574
0.5672649725
0.5487826551
0.5450506487
0.5596232451
0.5651323974
0.5608672472
0.5493157988
0.5223031811
0.5374089213
0.5151945975
0.5233694686
0.5363426337
0.5212368935
0.5064865825
0.5260351875
0.4945797050
0.4707659499
0.4620579350
0.4734316687
0.4702328061
0.4686333748
0.4403767549
0.4181624311
0.4170961436
0.4234938688
0.4110538475
0.3650257686
0.3996801137
0.4512173449
0.4382441798
0.4121201351
0.3877732362
0.3835080860
0.3595166163
0.3525857473
0.3476097388
0.3428114448
0.3676914875
0.3394348676
0.3525857473
0.3200639773
0.3579171850
0.3573840412
0.3726674960
0.3595166163
0.3600497601
0.3557846099
0.3563177537
0.3508086014
0.3508086014
0.3335702861
0.3579171850
0.3753332149
0.3692909188
0.3742669273
0.3449440199
0.3497423138
0.3438777324
0.3422783010
0.3460103074
0.3232628399
0.3367691487
0.3536520348
0.3628931935
0.3568508975
0.3811977963
0.3801315088
0.3753332149
0.3692909188
0.3817309401
0.3692909188
0.3769326462
0.3650257686
0.3986138262
0.3541851786
0.3383685801
0.3611160476
0.3600497601
0.3412120135
0.3357028612
0.3682246312
0.3563177537
0.3508086014
0.3319708548
0.3964812511
0.3835080860
0.3698240626
0.3822640839
0.3525857473
0.3671583437
0.3422783010
0.3285942776
0.3275279900
0.3367691487
0.3795983650
0.3481428825
0.3753332149
0.4018126888
0.3444108761
0.3525857473
0.3584503288
0.3557846099
0.3888395237
0.3714234939
0.3714234939
0.3811977963
0.3726674960
0.4110538475
0.4474853385
0.4371778923
0.4425093300
0.4274035898
0.4903145548
0.5191043185
0.5146614537
0.5038208637
0.5103963035
0.5103963035
0.4972454238
0.5196374622
0.5759729874
0.5619335347
0.5770392749
0.5505598010
0.5255020437
0.5510929447
0.5651323974
0.5955215923
0.6214679225
0.6714057224
0.6822463124
0.6301759374
0.6529234050
0.6465256798
0.6779811623
0.6442153901
0.6833126000
0.7538652923
0.6920206149
0.6497245424
0.6779811623
0.7017949174
0.6539896926
0.7007286298
0.7950950773
0.7311178248
0.6573662698
0.6116936200
0.6909543274
0.7483561400
0.6888217523
0.7083703572
0.6626977075
0.6552336947
0.6735382975
0.6822463124
0.7419584148
0.6301759374
0.6269770748
0.7007286298
0.6529234050
0.7647058824
0.6790474498
0.7440909899
0.7321841123
0.7549315799
0.7192109472
0.7017949174
0.6854451750
0.0000000100
0.0000000100
0.0000000100
0.0000000100
0.0000000100
0.0000000100
0.0000000100
0.0000000100
0.0000000100
0.0000000100
0.0000000100
0.0000000100
0.0000000100
0.0000000100
0.0000000100
0.0000000100
0.0000000100
0.0000000100
0.0000000100
0.0000000100
0.0000000100
0.0000000100
0.0000000100
0.0000000100
0.0000000100
0.0000000100
0.0000000100
0.0000000100
0.0000000100
0.0000000100
0.0000000100
0.0000000100
0.0000000100
0.0000000100
0.0000000100
0.0000000100
0.0000000100
0.0000000100
0.0000000100
0.0000000100
0.0000000100
0.0000000100
0.0000000100
0.0000000100
0.0000000100
0.0000000100
0.0000000100
0.0000000100
0.0000000100
0.0000000100
0.0000000100
0.0000000100
0.0000000100
0.0000000100
0.0000000100
0.0000000100
0.0000000100
0.0000000100
0.0000000100
0.0000000100
0.0000000100
0.0000000100
0.0000000100
0.0000000100
0.0000000100
0.0000000100
0.0000000100
0.0000000100
0.0000000100
0.0000000100
0.0000000100
0.0000000100
0.0000000100
0.0000000100
0.0000000100
0.0000000100
0.0000000100
0.0000000100
0.0000000100
0.0000000100
0.0000000100
0.0000000100
0.0000000100
0.0000000100
0.0000000100
0.0000000100
0.0000000100
0.0000000100
0.0000000100
0.0000000100
0.0000000100
0.0000000100
0.0000000100
0.0000000100
0.0000000100
0.0000000100
0.0000000100
0.0000000100
0.0000000100
0.0000000100
0.0000000100
0.0000000100
0.0000000100
0.0000000100
0.0000000100
0.0000000100
0.0000000100
0.0000000100
0.0000000100
0.0000000100
0.0000000100
0.0000000100
0.0000000100
0.0000000100
0.0000000100
0.0000000100
0.0000000100
0.0000000100
0.0000000100
0.0000000100
0.0000000100
0.0000000100
0.0000000100
0.0000000100
0.0000000100
0.0000000100
0.0000000100
0.0000000100
0.0000000100
0.0000000100
0.0000000100
0.0000000100
0.0000000100
0.0000000100
0.0000000100
0.0000000100
0.0000000100
0.0000000100
0.0000000100
0.0000000100
0.0000000100
0.0000000100
0.0000000100
0.0000000100
0.0000000100
0.0000000100
0.0000000100
0.0000000100
0.0000000100
0.0000000100
0.0000000100
0.0000000100
0.0000000100
0.0000000100
0.0000000100
0.0000000100
0.0000000100
0.0000000100
0.0000000100
0.0000000100
0.0000000100
0.0000000100
0.0000000100
0.0000000100
0.0000000100
0.0000000100
0.0000000100
0.0000000100
0.0000000100
0.0000000100
0.0000000100
0.0000000100
0.0000000100
0.0000000100
0.0000000100
0.0000000100
0.0000000100
0.0000000100
0.0000000100
0.0000000100
0.0000000100
0.0000000100
0.0000000100
0.0000000100
0.0000000100
0.0000000100
0.0000000100
0.0000000100
0.0000000100
0.0000000100
0.0000000100
0.0000000100
0.0000000100
0.0000000100
0.0000000100
0.0000000100
0.0000000100
0.0000000100
0.0000000100
0.0000000100
0.0000000100
0.0000000100
0.0000000100
0.0000000100
0.0000000100
0.0000000100
0.0000000100
0.0000000100
0.0000000100
0.0000000100
0.0000000100
0.0000000100
0.0000000100
0.0000000100
0.0000000100
0.0000000100
0.0000000100
0.0000000100
0.0000000100
0.0000000100
0.0000000100
0.0000000100
0.0000000100
0.0000000100
0.0000000100
0.0000000100
0.0000000100
0.0000000100
0.0000000100
0.0000000100
0.0000000100
0.0000000100
0.0000000100
0.0000000100
0.0000000100
0.0000000100
0.0000000100
0.0000000100
0.0000000100
0.0000000100
0.0000000100
0.0000000100
0.0000000100
0.0000000100
0.0000000100
0.0000000100
0.0000000100
0.0000000100
0.0000000100
0.0000000100
0.0000000100
0.0000000100
0.0000000100
0.0000000100
0.0000000100
0.0000000100
0.0000000100
0.0000000100
0.0000000100
0.0000000100
0.0000000100
0.0000000100
0.0000000100
0.0000000100
0.0000000100
0.0000000100
0.0000000100
0.0000000100
0.0000000100
0.0000000100
0.0000000100
0.0000000100
0.0000000100
0.0000000100
0.0000000100
0.0000000100
0.0000000100
0.0000000100
0.0000000100
0.0000000100
0.0000000100
0.0000000100
0.0000000100
0.0000000100
0.0000000100
0.0000000100
0.0000000100
0.0000000100
0.0000000100
0.0000000100
0.0000000100
0.0000000100
0.0000000100
0.0000000100
0.0000000100
0.0000000100
0.0000000100
0.0000000100
0.0000000100
0.0000000100
0.0000000100
0.0000000100
0.0000000100
0.0000000100
0.0000000100
0.0000000100
0.0000000100
0.0000000100
0.0000000100
0.0000000100
0.0000000100
0.0000000100
0.0000000100
0.0000000100
0.0000000100
0.0000000100
0.0000000100
0.0000000100
0.0000000100
0.0000000100
0.0000000100
0.0000000100
0.0000000100
0.0000000100
0.0000000100
0.0000000100
0.0000000100
0.0000000100
0.0000000100
0.0000000100
0.0000000100
0.0000000100
0.0000000100
0.0000000100
0.0000000100
0.0000000100
0.0000000100
0.0000000100
0.0000000100
0.0000000100
0.0000000100
0.0000000100
0.0000000100
0.0000000100
0.0000000100
0.0000000100
0.0000000100
0.0000000100
0.0000000100
0.0000000100
0.0000000100
0.0000000100
0.0000000100
0.0000000100
0.0000000100
0.0000000100
0.0000000100
0.0000000100
0.0000000100
0.0000000100
0.0000000100
0.0000000100
0.0000000100
0.0000000100
0.0000000100
0.0000000100
0.0000000100
0.0000000100
