0.0823466667
0.0903466667
0.0877333333
0.0901866667
0.0792533333
0.0798400000
0.0744000000
0.0824533333
0.0808000000
0.0844800000
0.0841600000
0.0825066667
0.0877333333
0.0869333333
0.0813866667
0.0851200000
0.0775466667
0.0840000000
0.0813866667
0.0883733333
0.0811200000
0.0785066667
0.0821333333
0.0798933333
0.0806400000
0.0769600000
0.0800533333
0.0781333333
0.0713600000
0.0750933333
0.0740800000
0.0700800000
0.0659733333
0.0754133333
0.0735466667
0.0657600000
0.0637333333
0.0681066667
0.0657600000
0.0678933333
0.0620800000
0.0590933333
0.0573866667
0.0572266667
0.0552000000
0.0511093333
0.0479306667
0.0487466667
0.0463893333
0.0454080000
0.0383733333
0.0428853333
0.0427253333
0.0370293333
0.0357280000
0.0328373333
0.0326346667
0.0303146667
0.0327146667
0.0286880000
0.0294613333
0.0230293333
0.0227466667
0.0229920000
0.0246986667
0.0220960000
0.0231520000
0.0216480000
0.0181493333
0.0181280000
0.0162346667
0.0176213333
0.0136533333
0.0131840000
0.0133653333
0.0132426667
0.0109440000
0.0115360000
0.0114133333
0.0133653333
0.0095840000
0.0098453333
0.0127786667
0.0121280000
0.0111093333
0.0126773333
0.0102026667
0.0122880000
0.0122666667
0.0126933333
0.0088320000
0.0112693333
0.0107413333
0.0095200000
0.0091146667
0.0088106667
0.0094186667
0.0077386667
0.0074773333
0.0076800000
0.0059840000
0.0089226667
0.0073760000
0.0078133333
0.0068960000
0.0093173333
0.0070293333
0.0084746667
0.0062026667
0.0072320000
0.0048677333
0.0058186667
0.0062666667
0.0075360000
0.0060960000
0.0067040000
0.0063786667
0.0078720000
0.0092853333
0.0074986667
0.0072320000
0.0067946667
0.0080053333
0.0058400000
0.0072640000
0.0093066667
0.0096213333
0.0112693333
0.0113120000
0.0099093333
0.0107200000
0.0104053333
0.0116586667
0.0120426667
0.0113706667
0.0111893333
0.0138560000
0.0171520000
0.0121280000
0.0144853333
0.0174773333
0.0145866667
0.0137920000
0.0132426667
0.0130186667
0.0162346667
0.0136906667
0.0157493333
0.0183520000
0.0189226667
0.0184106667
0.0170293333
0.0176373333
0.0211573333
0.0246986667
0.0233173333
0.0225440000
0.0214026667
0.0226240000
0.0256746667
0.0332053333
0.0441920000
0.0498026667
0.0493973333
0.0497226667
0.0543466667
0.0494773333
0.0564800000
0.0577600000
0.0540266667
0.0631466667
0.0586666667
0.0562133333
0.0604800000
0.0636266667
0.0646933333
0.0621866667
0.0669866667
0.0678933333
0.0630933333
0.0643733333
0.0675200000
0.0707200000
0.0708266667
0.0773866667
0.0763200000
0.0729066667
0.0702933333
0.0668266667
0.0779733333
0.0717866667
0.0778133333
0.0714666667
0.0747733333
0.0792000000
0.0714666667
0.0813866667
0.0785066667
0.0815466667
0.0773866667
0.0862400000
0.0818666667
0.0866133333
0.0978133333
0.0832533333
0.0872533333
0.0942400000
0.0914666667
0.0929600000
0.0931200000
0.0921066667
0.0936000000
0.1010666667
0.0976533333
0.0966933333
0.1062933333
0.0976533333
0.1005866667
0.1082133333
0.1072533333
0.1074133333
0.1116800000
0.1120000000
0.1052800000
0.1017066667
0.1386666667
0.2428266667
0.2689066667
0.2672533333
0.2669333333
0.2330666667
0.1253333333
0.0864000000
0.0844800000
0.0714666667
0.0763200000
0.0750400000
0.0761600000
0.0788800000
0.0782933333
0.0783466667
0.0764800000
0.0760000000
0.0744533333
0.0781866667
0.0761066667
0.0813866667
0.0802666667
0.0769066667
0.0814400000
0.0810666667
0.0781866667
0.0790400000
0.0818666667
0.0765866667
0.0738666667
0.0776533333
0.0821333333
0.0737066667
0.0752000000
0.0808000000
0.0786133333
0.0787733333
0.0774933333
0.0774933333
0.0756266667
0.0733866667
0.0752533333
0.0827733333
0.0867733333
0.0835200000
0.0829866667
0.0882133333
0.0886933333
0.0835200000
0.0903466667
0.0844800000
0.0924266667
0.0891733333
0.0888533333
0.0945600000
0.0952000000
0.1020266667
0.1005866667
0.0968533333
0.1004266667
0.0989333333
0.0987733333
0.0944000000
0.1009066667
0.0974933333
0.1004266667
0.0971733333
0.1075733333
0.1072533333
0.1036800000
0.1114666667
0.1105066667
0.1093866667
0.1166933333
0.1124800000
0.1183466667
0.1165333333
0.1142400000
0.1144000000
0.1129600000
0.1149333333
0.1154133333
0.1064533333
0.1072533333
0.1137600000
0.1038400000
0.1080533333
0.1121600000
0.1056533333
0.0989333333
0.0917866667
0.0877333333
0.0900266667
0.0860800000
0.0848000000
0.0816000000
0.0830933333
0.0785066667
0.0762666667
0.0742400000
0.0650133333
0.0653333333
0.0659733333
0.0611733333
0.0656533333
0.0625600000
0.0611733333
0.0608000000
0.0534933333
0.0485013333
0.0504533333
0.0477706667
0.0486666667
0.0472800000
0.0454080000
0.0454080000
0.0408533333
0.0404853333
0.0371520000
0.0337706667
0.0351146667
0.0318186667
0.0279946667
0.0290933333
0.0290133333
0.0274666667
0.0244533333
0.0205866667
0.0210346667
0.0152800000
0.0203466667
0.0196320000
0.0196106667
0.0151573333
0.0148320000
0.0164800000
0.0154613333
0.0133066667
0.0128586667
0.0119040000
0.0141386667
0.0157493333
0.0118026667
0.0156480000
0.0130186667
0.0121280000
0.0123306667
0.0114560000
0.0103573333
0.0104586667
0.0110880000
0.0114720000
0.0107040000
0.0108853333
0.0132640000
0.0098560000
0.0094080000
0.0119840000
0.0085973333
0.0084213333
0.0087893333
0.0094293333
0.0072960000
0.0086186667
0.0076906667
0.0096960000
0.0086880000
0.0083413333
0.0092586667
0.0053306667
0.0077706667
0.0077226667
0.0056373333
0.0013173333
0.0008496000
0.0029397333
0.0033061333
0.0071413333
0.0077013333
0.0085760000
0.0082986667
0.0096053333
0.0063360000
0.0049029333
0.0075466667
0.0084320000
0.0081600000
0.0068853333
0.0066933333
0.0082293333
0.0079360000
0.0072426667
0.0094400000
0.0082080000
0.0102026667
0.0115946667
0.0111306667
0.0107626667
0.0119840000
0.0132640000
0.0125546667
0.0127146667
0.0137760000
0.0127946667
0.0146293333
0.0137333333
0.0140160000
0.0129386667
0.0129813333
0.0174346667
0.0128586667
0.0147893333
0.0189600000
0.0154240000
0.0185333333
0.0187200000
0.0215253333
0.0214826667
0.0206720000
0.0186773333
0.0195306667
0.0220533333
0.0224586667
0.0227040000
0.0225813333
0.0236426667
0.0254293333
0.0244160000
0.0299093333
0.0268960000
0.0299893333
0.0305173333
0.0284000000
0.0309226667
0.0333226667
0.0338133333
0.0349120000
0.0378026667
0.0340960000
0.0324693333
0.0362133333
0.0406080000
0.0351146667
0.0358453333
0.0386133333
0.0363360000
0.0346293333
0.0376000000
0.0398346667
0.0356053333
0.0390240000
0.0371093333
0.0406506667
0.0380426667
0.0393866667
0.0402826667
0.0395093333
0.0404053333
0.0424000000
0.0414613333
0.0449226667
0.0386560000
0.0443520000
0.0441066667
0.0452480000
0.0432960000
0.0401226667
0.0426453333
0.0477706667
0.0463893333
0.0457333333
0.0428853333
0.0472800000
0.0474453333
0.0496426667
0.0503733333
0.0000000100
0.0000000100
0.0000000100
0.0000000100
0.0000000100
0.0000000100
0.0000000100
0.0000000100
0.0000000100
0.0000000100
0.0000000100
0.0000000100
0.0000000100
0.0000000100
0.0000000100
0.0000000100
0.0000000100
0.0000000100
0.0000000100
0.0000000100
0.0000000100
0.0000000100
0.0000000100
0.0000000100
0.0000000100
0.0000000100
0.0000000100
0.0000000100
0.0000000100
0.0000000100
0.0000000100
0.0000000100
0.0000000100
0.0000000100
0.0000000100
0.0000000100
0.0000000100
0.0000000100
0.0000000100
0.0000000100
0.0000000100
0.0000000100
0.0000000100
0.0000000100
0.0000000100
0.0000000100
0.0000000100
0.0000000100
0.0000000100
0.0000000100
0.0000000100
0.0000000100
0.0000000100
0.0000000100
0.0000000100
0.0000000100
0.0000000100
0.0000000100
0.0000000100
0.0000000100
0.0000000100
0.0000000100
0.0000000100
0.0000000100
0.0000000100
0.0000000100
0.0000000100
0.0000000100
0.0000000100
0.0000000100
0.0000000100
0.0000000100
0.0000000100
0.0000000100
0.0000000100
0.0000000100
0.0000000100
0.0000000100
0.0000000100
0.0000000100
0.0000000100
0.0000000100
0.0000000100
0.0000000100
0.0000000100
0.0000000100
0.0000000100
0.0000000100
0.0000000100
0.0000000100
0.0000000100
0.0000000100
0.0000000100
0.0000000100
0.0000000100
0.0000000100
0.0000000100
0.0000000100
0.0000000100
0.0000000100
0.0000000100
0.0000000100
0.0000000100
0.0000000100
0.0000000100
0.0000000100
0.0000000100
0.0000000100
0.0000000100
0.0000000100
0.0000000100
0.0000000100
0.0000000100
0.0000000100
0.0000000100
0.0000000100
0.0000000100
0.0000000100
0.0000000100
0.0000000100
0.0000000100
0.0000000100
0.0000000100
0.0000000100
0.0000000100
0.0000000100
0.0000000100
0.0000000100
0.0000000100
0.0000000100
0.0000000100
0.0000000100
0.0000000100
0.0000000100
0.0000000100
0.0000000100
0.0000000100
0.0000000100
0.0000000100
0.0000000100
0.0000000100
0.0000000100
0.0000000100
0.0000000100
0.0000000100
0.0000000100
0.0000000100
0.0000000100
0.0000000100
0.0000000100
0.0000000100
0.0000000100
0.0000000100
0.0000000100
0.0000000100
0.0000000100
0.0000000100
0.0000000100
0.0000000100
0.0000000100
0.0000000100
0.0000000100
0.0000000100
0.0000000100
0.0000000100
0.0000000100
0.0000000100
0.0000000100
0.0000000100
0.0000000100
0.0000000100
0.0000000100
0.0000000100
0.0000000100
0.0000000100
0.0000000100
0.0000000100
0.0000000100
0.0000000100
0.0000000100
0.0000000100
0.0000000100
0.0000000100
0.0000000100
0.0000000100
0.0000000100
0.0000000100
0.0000000100
0.0000000100
0.0000000100
0.0000000100
0.0000000100
0.0000000100
0.0000000100
0.0000000100
0.0000000100
0.0000000100
0.0000000100
0.0000000100
0.0000000100
0.0000000100
0.0000000100
0.0000000100
0.0000000100
0.0000000100
0.0000000100
0.0000000100
0.0000000100
0.0000000100
0.0000000100
0.0000000100
0.0000000100
0.0000000100
0.0000000100
0.0000000100
0.0000000100
0.0000000100
0.0000000100
0.0000000100
0.0000000100
0.0000000100
0.0000000100
0.0000000100
0.0000000100
0.0000000100
0.0000000100
0.0000000100
0.0000000100
0.0000000100
0.0000000100
0.0000000100
0.0000000100
0.0000000100
0.0000000100
0.0000000100
0.0000000100
0.0000000100
0.0000000100
0.0000000100
0.0000000100
0.0000000100
0.0000000100
0.0000000100
0.0000000100
0.0000000100
0.0000000100
0.0000000100
0.0000000100
0.0000000100
0.0000000100
0.0000000100
0.0000000100
0.0000000100
0.0000000100
0.0000000100
0.0000000100
0.0000000100
0.0000000100
0.0000000100
0.0000000100
0.0000000100
0.0000000100
0.0000000100
0.0000000100
0.0000000100
0.0000000100
0.0000000100
0.0000000100
0.0000000100
0.0000000100
0.0000000100
0.0000000100
0.0000000100
0.0000000100
0.0000000100
0.0000000100
0.0000000100
0.0000000100
0.0000000100
0.0000000100
0.0000000100
0.0000000100
0.0000000100
0.0000000100
0.0000000100
0.0000000100
0.0000000100
0.0000000100
0.0000000100
0.0000000100
0.0000000100
0.0000000100
0.0000000100
0.0000000100
0.0000000100
0.0000000100
0.0000000100
0.0000000100
0.0000000100
0.0000000100
0.0000000100
0.0000000100
0.0000000100
0.0000000100
0.0000000100
0.0000000100
0.0000000100
0.0000000100
0.0000000100
0.0000000100
0.0000000100
0.0000000100
0.0000000100
0.0000000100
0.0000000100
0.0000000100
0.0000000100
0.0000000100
0.0000000100
0.0000000100
0.0000000100
0.0000000100
0.0000000100
0.0000000100
0.0000000100
0.0000000100
0.0000000100
0.0000000100
0.0000000100
0.0000000100
0.0000000100
0.0000000100
0.0000000100
0.0000000100
0.0000000100
0.0000000100
0.0000000100
0.0000000100
0.0000000100
0.0000000100
0.0000000100
0.0000000100
0.0000000100
0.0000000100
0.0000000100
0.0000000100
0.0000000100
0.0000000100
0.0000000100
0.0000000100
0.0000000100
0.0000000100
0.0000000100
0.0000000100
0.0000000100
0.0000000100
0.0000000100
0.0000000100
0.0000000100
0.0000000100
0.0000000100
0.0000000100
0.0000000100
0.0000000100
0.0000000100
0.0000000100
0.0000000100
0.0000000100
