0.2483634312
0.2211060948
0.2366252822
0.2424943567
0.2345372460
0.2073363431
0.2328442438
0.2221783296
0.2262979684
0.2310948081
0.2273137698
0.1860045147
0.1870203160
0.1928893905
0.1829006772
0.1808126411
0.1593115124
0.1208803612
0.1341422122
0.1298532731
0.1443002257
0.1216139955
0.1401805869
0.1443002257
0.1555304740
0.1684537246
0.1727426637
0.1753386005
0.1873589165
0.1608352144
0.1784424379
0.2090857788
0.2652370203
0.3926636569
0.4415914221
0.4877539503
0.4395033860
0.6021444695
0.4663656885
0.4773702032
0.5049661400
0.4959932280
0.4932279910
0.4629232506
0.4250564334
0.4773702032
0.4849887133
0.4643340858
0.4863431151
0.4870203160
0.4856659142
0.4408577878
0.4581264108
0.5393905192
0.4787810384
0.4973476298
0.5173250564
0.4781038375
0.5063205418
0.5380361174
0.5621331828
0.4064334086
0.5469525959
0.5580135440
0.5511286682
0.5311512415
0.4760158014
0.4739277652
0.4863431151
0.4746613995
0.4498306998
0.4519187359
0.4588036117
0.4698081264
0.4725733634
0.4608916479
0.4450338600
0.4918735892
0.4650112867
0.4360609481
0.4443566591
0.4374153499
0.4029909707
0.4257336343
0.2438487585
0.3898984199
0.3809255079
0.3499435666
0.4381489842
0.5042889391
0.4698081264
0.4470654628
0.4450338600
0.4029909707
0.3864559819
0.3913092551
0.4326185102
0.4222911964
0.4009029345
0.4023137698
0.3981941309
0.4381489842
0.4126410835
0.3995485327
0.3892212190
0.3768058691
0.4312641084
0.4147291196
0.4064334086
0.3851015801
0.4250564334
0.3981941309
0.3664785553
0.3961060948
0.4560383747
0.4408577878
0.4477990971
0.4553611738
0.4436230248
0.4057562077
0.4601580135
0.5056433409
0.4105530474
0.4347065463
0.4553611738
0.4588036117
0.4904627540
0.4650112867
0.4808690745
0.4670428894
0.4064334086
0.4257336343
0.4332957111
0.4477990971
0.3926636569
0.3816591422
0.4133182844
0.4305304740
0.4298532731
0.3926636569
0.3658013544
0.3795711061
0.3768058691
0.3595936795
0.3919864560
0.3609480813
0.3705981941
0.4098758465
0.3358352144
0.3368510158
0.3554740406
0.3089729120
0.3275395034
0.3489277652
0.3417042889
0.3379232506
0.3444695260
0.3623589165
0.3836907449
0.3306433409
0.3351580135
0.2914221219
0.3031038375
0.3358352144
0.3774830700
0.3664785553
0.3230812641
0.3995485327
0.3802483070
0.3209932280
0.2955417607
0.3086343115
0.3954288939
0.3568284424
0.3609480813
0.3816591422
0.4181715576
0.3988713318
0.4422686230
0.4884311512
0.4436230248
0.4436230248
0.4257336343
0.3892212190
0.3561512415
0.3857787810
0.3995485327
0.4071106095
0.4181715576
0.4029909707
0.4443566591
0.4546839729
0.4643340858
0.4573927765
0.4154063205
0.4463882619
0.4429458239
0.4760158014
0.4835778781
0.4739277652
0.4815462754
0.4787810384
0.4918735892
0.4966704289
0.4691309255
0.4422686230
0.4594808126
0.4305304740
0.4332957111
0.4546839729
0.4849887133
0.5621331828
0.5469525959
0.4794582393
0.5511286682
0.4870203160
0.5200902935
0.4463882619
0.4863431151
0.4904627540
0.4787810384
0.4725733634
0.4167607223
0.4415914221
0.4091986456
0.4429458239
0.4712189616
0.4491534989
0.4443566591
0.4636004515
0.4429458239
0.4911963883
0.4863431151
0.5090857788
0.5049661400
0.4959932280
0.5593679458
0.4932279910
0.4918735892
0.4766930023
0.4608916479
0.4367381490
0.4133182844
0.4160835214
0.4305304740
0.4326185102
0.4112866817
0.3871331828
0.3533860045
0.3830135440
0.4002257336
0.3919864560
0.3726862302
0.4291760722
0.4236455982
0.4091986456
0.4154063205
0.4457110609
0.4347065463
0.4216139955
0.4091986456
0.3905756208
0.3892212190
0.3823363431
0.3892212190
0.3540632054
0.3836907449
0.3898984199
0.3871331828
0.4139954853
0.4085214447
0.4208803612
0.4050790068
0.4677765237
0.3823363431
0.3967832957
0.4470654628
0.3389390519
0.3489277652
0.3754514673
0.3726862302
0.3885440181
0.4119638826
0.3940180587
0.3747742664
0.3761286682
0.3685665914
0.3616817156
0.3678893905
0.3974604966
0.4298532731
0.4298532731
0.4588036117
0.3554740406
0.3926636569
0.4298532731
0.4126410835
0.4505079007
0.3933408578
0.3788939052
0.3575056433
0.4216139955
0.3595936795
0.3713318284
0.4133182844
0.4160835214
0.4160835214
0.3851015801
0.3836907449
0.4160835214
0.3995485327
0.3589164786
0.3351580135
0.2989841986
0.2945259594
0.3368510158
0.3292889391
0.2979683973
0.2845372460
0.2280474041
0.2676072235
0.2883182844
0.3099887133
0.2680022573
0.2790067720
0.2983069977
0.2614559819
0.2590293454
0.2806997743
0.2721218962
0.3120767494
0.2931151242
0.2476297968
0.2369638826
0.2262979684
0.3027652370
0.3658013544
0.3644469526
0.4643340858
0.3451467269
0.3461625282
0.3561512415
0.3568284424
0.3058690745
0.2617945824
0.2821106095
0.2476297968
0.3289503386
0.3227426637
0.3072234763
0.2875846501
0.2717832957
0.4202031603
0.4160835214
0.3685665914
0.3182844244
0.3458239278
0.3623589165
0.2989841986
0.3292889391
0.3454853273
0.3433972912
0.3234198646
0.3623589165
0.3496049661
0.3351580135
0.3327313770
0.3320541761
0.3251693002
0.3141083521
0.3768058691
0.3396162528
0.3533860045
0.3209932280
0.2989841986
0.2858916479
0.2793453725
0.2714446953
0.2717832957
0.2648984199
0.2872460497
0.2710496614
0.2821106095
0.2814334086
0.3000000000
0.3616817156
0.3713318284
0.3568284424
0.3568284424
0.3554740406
0.3851015801
0.4057562077
0.4264108352
0.3761286682
0.3947516930
0.4071106095
0.3967832957
0.3506207675
0.4278216704
0.4222911964
0.4429458239
0.4891083521
0.4629232506
0.5215011287
0.4718961625
0.4581264108
0.4029909707
0.4691309255
0.4773702032
0.4994356659
0.4581264108
0.4546839729
0.4512415350
0.4622460497
0.4808690745
0.4629232506
0.4698081264
0.4904627540
0.4174379233
0.4312641084
0.4698081264
0.4463882619
0.4298532731
0.4491534989
0.4167607223
0.3913092551
0.3726862302
0.3967832957
0.4463882619
0.4546839729
0.4594808126
0.4222911964
0.4250564334
0.4332957111
0.4725733634
0.5373024831
0.5366252822
0.5277088036
0.5035553047
0.4677765237
0.5090857788
0.4718961625
0.5077313770
0.5393905192
0.4670428894
0.4491534989
0.4208803612
0.3967832957
0.4505079007
0.4573927765
0.4525959368
0.4105530474
0.3871331828
0.3905756208
0.4154063205
0.4202031603
0.4801354402
0.4939051919
0.5318284424
0.4918735892
0.4987584650
0.4491534989
0.4573927765
0.5077313770
0.5111738149
0.5304176072
0.5001128668
0.3678893905
0.4636004515
0.3836907449
0.4973476298
0.4332957111
0.4181715576
0.4588036117
0.5001128668
0.5180586907
0.5660270880
0.5784424379
0.5442437923
0.5677200903
0.5566027088
0.5642212190
0.5711060948
0.5503950339
0.5795711061
0.5600451467
0.5269751693
0.4677765237
0.3926636569
0.5761851016
0.5580135440
0.5277088036
0.5435101580
0.5614559819
0.5455981941
0.5069977427
0.4698081264
0.4284988713
0.4085214447
0.4567155756
0.5497178330
0.4463882619
0.0000000100
0.0000000100
0.0000000100
0.0000000100
0.0000000100
0.0000000100
0.0000000100
0.0000000100
0.0000000100
0.0000000100
0.0000000100
0.0000000100
0.0000000100
0.0000000100
0.0000000100
0.0000000100
0.0000000100
0.0000000100
0.0000000100
0.0000000100
0.0000000100
0.0000000100
0.0000000100
0.0000000100
0.0000000100
0.0000000100
0.0000000100
0.0000000100
0.0000000100
0.0000000100
0.0000000100
0.0000000100
0.0000000100
0.0000000100
0.0000000100
0.0000000100
0.0000000100
0.0000000100
0.0000000100
0.0000000100
0.0000000100
0.0000000100
0.0000000100
0.0000000100
0.0000000100
0.0000000100
0.0000000100
0.0000000100
0.0000000100
0.0000000100
0.0000000100
0.0000000100
0.0000000100
0.0000000100
0.0000000100
0.0000000100
0.0000000100
0.0000000100
0.0000000100
0.0000000100
0.0000000100
0.0000000100
0.0000000100
0.0000000100
0.0000000100
0.0000000100
0.0000000100
0.0000000100
0.0000000100
0.0000000100
0.0000000100
0.0000000100
0.0000000100
0.0000000100
0.0000000100
0.0000000100
0.0000000100
0.0000000100
0.0000000100
0.0000000100
0.0000000100
0.0000000100
0.0000000100
0.0000000100
0.0000000100
0.0000000100
0.0000000100
0.0000000100
0.0000000100
0.0000000100
0.0000000100
0.0000000100
0.0000000100
0.0000000100
0.0000000100
0.0000000100
0.0000000100
0.0000000100
0.0000000100
0.0000000100
0.0000000100
0.0000000100
0.0000000100
0.0000000100
0.0000000100
0.0000000100
0.0000000100
0.0000000100
0.0000000100
0.0000000100
0.0000000100
0.0000000100
0.0000000100
0.0000000100
0.0000000100
0.0000000100
0.0000000100
0.0000000100
0.0000000100
0.0000000100
0.0000000100
0.0000000100
0.0000000100
0.0000000100
0.0000000100
0.0000000100
0.0000000100
0.0000000100
0.0000000100
0.0000000100
0.0000000100
0.0000000100
0.0000000100
0.0000000100
0.0000000100
0.0000000100
0.0000000100
0.0000000100
0.0000000100
0.0000000100
0.0000000100
0.0000000100
0.0000000100
0.0000000100
0.0000000100
0.0000000100
0.0000000100
0.0000000100
0.0000000100
0.0000000100
0.0000000100
0.0000000100
0.0000000100
0.0000000100
0.0000000100
0.0000000100
0.0000000100
0.0000000100
0.0000000100
0.0000000100
0.0000000100
0.0000000100
0.0000000100
0.0000000100
0.0000000100
0.0000000100
0.0000000100
0.0000000100
0.0000000100
0.0000000100
0.0000000100
0.0000000100
0.0000000100
0.0000000100
0.0000000100
0.0000000100
0.0000000100
0.0000000100
0.0000000100
0.0000000100
0.0000000100
0.0000000100
0.0000000100
0.0000000100
0.0000000100
0.0000000100
0.0000000100
0.0000000100
0.0000000100
0.0000000100
0.0000000100
0.0000000100
0.0000000100
0.0000000100
0.0000000100
0.0000000100
0.0000000100
0.0000000100
0.0000000100
0.0000000100
0.0000000100
0.0000000100
0.0000000100
0.0000000100
0.0000000100
0.0000000100
0.0000000100
0.0000000100
0.0000000100
0.0000000100
0.0000000100
0.0000000100
0.0000000100
0.0000000100
0.0000000100
0.0000000100
0.0000000100
0.0000000100
0.0000000100
0.0000000100
0.0000000100
0.0000000100
0.0000000100
0.0000000100
0.0000000100
0.0000000100
0.0000000100
0.0000000100
0.0000000100
0.0000000100
0.0000000100
0.0000000100
0.0000000100
0.0000000100
0.0000000100
0.0000000100
0.0000000100
0.0000000100
0.0000000100
0.0000000100
0.0000000100
0.0000000100
0.0000000100
0.0000000100
0.0000000100
0.0000000100
0.0000000100
0.0000000100
0.0000000100
0.0000000100
0.0000000100
0.0000000100
0.0000000100
0.0000000100
0.0000000100
0.0000000100
0.0000000100
0.0000000100
0.0000000100
0.0000000100
0.0000000100
0.0000000100
0.0000000100
0.0000000100
0.0000000100
0.0000000100
0.0000000100
0.0000000100
0.0000000100
0.0000000100
0.0000000100
0.0000000100
0.0000000100
0.0000000100
0.0000000100
0.0000000100
0.0000000100
0.0000000100
0.0000000100
0.0000000100
0.0000000100
0.0000000100
0.0000000100
0.0000000100
0.0000000100
0.0000000100
0.0000000100
0.0000000100
0.0000000100
0.0000000100
0.0000000100
0.0000000100
0.0000000100
0.0000000100
0.0000000100
0.0000000100
0.0000000100
0.0000000100
0.0000000100
0.0000000100
0.0000000100
0.0000000100
0.0000000100
0.0000000100
0.0000000100
0.0000000100
0.0000000100
0.0000000100
0.0000000100
0.0000000100
0.0000000100
0.0000000100
0.0000000100
0.0000000100
0.0000000100
0.0000000100
0.0000000100
0.0000000100
0.0000000100
0.0000000100
0.0000000100
0.0000000100
0.0000000100
0.0000000100
0.0000000100
0.0000000100
0.0000000100
0.0000000100
0.0000000100
0.0000000100
0.0000000100
0.0000000100
0.0000000100
0.0000000100
0.0000000100
0.0000000100
0.0000000100
0.0000000100
0.0000000100
0.0000000100
0.0000000100
0.0000000100
0.0000000100
0.0000000100
0.0000000100
0.0000000100
0.0000000100
0.0000000100
0.0000000100
0.0000000100
0.0000000100
0.0000000100
0.0000000100
0.0000000100
0.0000000100
0.0000000100
0.0000000100
0.0000000100
0.0000000100
0.0000000100
0.0000000100
0.0000000100
0.0000000100
0.0000000100
0.0000000100
0.0000000100
0.0000000100
0.0000000100
