0.0833066667
0.0866133333
0.0857600000
0.0874133333
0.0815466667
0.0841600000
0.0788800000
0.0921066667
0.0817066667
0.0852800000
0.0891733333
0.0893333333
0.0835200000
0.0875733333
0.0832533333
0.0781866667
0.0806400000
0.0807466667
0.0824533333
0.0793600000
0.0867733333
0.0763200000
0.0875733333
0.0878933333
0.0798933333
0.0803200000
0.0753600000
0.0851200000
0.0768000000
0.0782933333
0.0763200000
0.0681066667
0.0681066667
0.0699733333
0.0771733333
0.0674666667
0.0611200000
0.0677333333
0.0611733333
0.0628266667
0.0584533333
0.0542933333
0.0549866667
0.0535466667
0.0534933333
0.0495626667
0.0489920000
0.0476053333
0.0490720000
0.0448426667
0.0381280000
0.0420746667
0.0398346667
0.0364586667
0.0360906667
0.0338133333
0.0293386667
0.0281173333
0.0320213333
0.0303573333
0.0266506667
0.0247786667
0.0226240000
0.0218080000
0.0204853333
0.0188373333
0.0202826667
0.0185973333
0.0189813333
0.0157866667
0.0153013333
0.0172746667
0.0115573333
0.0146666667
0.0143253333
0.0123306667
0.0126933333
0.0099093333
0.0112320000
0.0111093333
0.0103840000
0.0095946667
0.0110666667
0.0120213333
0.0122080000
0.0128160000
0.0120853333
0.0136906667
0.0128373333
0.0097653333
0.0092480000
0.0121653333
0.0104053333
0.0096106667
0.0080480000
0.0079040000
0.0079040000
0.0056960000
0.0066133333
0.0067520000
0.0062880000
0.0068480000
0.0058506667
0.0065386667
0.0066826667
0.0083093333
0.0089920000
0.0084640000
0.0073973333
0.0071626667
0.0056853333
0.0054346667
0.0060106667
0.0083306667
0.0054933333
0.0060000000
0.0070506667
0.0077226667
0.0087093333
0.0088106667
0.0088000000
0.0065226667
0.0093173333
0.0084640000
0.0102026667
0.0102560000
0.0101813333
0.0095946667
0.0115946667
0.0091946667
0.0113920000
0.0102720000
0.0112906667
0.0116586667
0.0113706667
0.0119840000
0.0118026667
0.0124533333
0.0164800000
0.0140000000
0.0149333333
0.0166826667
0.0122293333
0.0162986667
0.0134880000
0.0146506667
0.0172106667
0.0147306667
0.0137760000
0.0171306667
0.0189600000
0.0183306667
0.0189013333
0.0199360000
0.0239680000
0.0200373333
0.0209973333
0.0244533333
0.0217706667
0.0254293333
0.0283626667
0.0413386667
0.0482560000
0.0478506667
0.0491520000
0.0502133333
0.0546133333
0.0520000000
0.0586133333
0.0560533333
0.0587733333
0.0598933333
0.0576000000
0.0584533333
0.0603200000
0.0621866667
0.0654933333
0.0659733333
0.0697600000
0.0665600000
0.0684266667
0.0685333333
0.0705600000
0.0772266667
0.0836800000
0.0732266667
0.0726933333
0.0713066667
0.0744533333
0.0795200000
0.0701333333
0.0794133333
0.0767466667
0.0752000000
0.0723733333
0.0761066667
0.0767466667
0.0825066667
0.0777066667
0.0867733333
0.0859200000
0.0802666667
0.0821333333
0.0786133333
0.0830933333
0.0913066667
0.0940800000
0.0991466667
0.0913066667
0.0958400000
0.0929600000
0.0934400000
0.0978133333
0.0940800000
0.0931200000
0.0981333333
0.1038400000
0.0974933333
0.1114666667
0.1162133333
0.1131200000
0.1170133333
0.1105066667
0.1040000000
0.0956800000
0.1542933333
0.2519466667
0.2675733333
0.2754133333
0.2728000000
0.2347200000
0.1240000000
0.0880533333
0.0790933333
0.0773333333
0.0778133333
0.0741333333
0.0813866667
0.0801600000
0.0753600000
0.0801600000
0.0774933333
0.0796800000
0.0803200000
0.0797333333
0.0816000000
0.0826666667
0.0800000000
0.0793600000
0.0821333333
0.0726933333
0.0796800000
0.0805866667
0.0766400000
0.0756266667
0.0822933333
0.0778133333
0.0764266667
0.0759466667
0.0821866667
0.0812800000
0.0798400000
0.0790933333
0.0780266667
0.0789333333
0.0790400000
0.0800000000
0.0789333333
0.0790933333
0.0821866667
0.0867733333
0.0779733333
0.0882133333
0.0849600000
0.0898666667
0.0877333333
0.0864000000
0.0921066667
0.0856000000
0.0875733333
0.0913066667
0.1044800000
0.1032000000
0.0993066667
0.1056533333
0.0976533333
0.1046400000
0.1030400000
0.1001066667
0.1027200000
0.0981333333
0.1040000000
0.0996266667
0.1061333333
0.1028800000
0.1113066667
0.1160533333
0.1109866667
0.1126400000
0.1136000000
0.1196266667
0.1140800000
0.1157333333
0.1171733333
0.1139200000
0.1227200000
0.1183466667
0.1106666667
0.1137600000
0.1108266667
0.1095466667
0.1124800000
0.1074133333
0.1064533333
0.1001066667
0.0989333333
0.0955200000
0.0901866667
0.0878933333
0.0905066667
0.0921066667
0.0833066667
0.0747733333
0.0765866667
0.0737066667
0.0733866667
0.0667200000
0.0733333333
0.0688533333
0.0667200000
0.0629866667
0.0646933333
0.0673066667
0.0619200000
0.0530613333
0.0509440000
0.0533066667
0.0528960000
0.0453280000
0.0480160000
0.0458986667
0.0441920000
0.0416266667
0.0367840000
0.0383306667
0.0384906667
0.0338133333
0.0316160000
0.0274240000
0.0300693333
0.0294186667
0.0243306667
0.0266506667
0.0217280000
0.0197120000
0.0167040000
0.0192693333
0.0183306667
0.0183733333
0.0150560000
0.0118026667
0.0159733333
0.0144640000
0.0129386667
0.0141386667
0.0128586667
0.0154240000
0.0146880000
0.0118400000
0.0121440000
0.0157653333
0.0125920000
0.0140000000
0.0093600000
0.0089440000
0.0099893333
0.0105973333
0.0131040000
0.0105173333
0.0106186667
0.0104053333
0.0104586667
0.0082613333
0.0102453333
0.0093280000
0.0095093333
0.0089920000
0.0097546667
0.0065386667
0.0072853333
0.0081493333
0.0086986667
0.0068640000
0.0065600000
0.0094186667
0.0075680000
0.0076693333
0.0062453333
0.0064000000
0.0010069333
0.0006101333
0.0015765333
0.0029146667
0.0080053333
0.0093173333
0.0080160000
0.0086986667
0.0083946667
0.0063893333
0.0050762667
0.0072853333
0.0082400000
0.0070400000
0.0080746667
0.0070080000
0.0094186667
0.0061653333
0.0080960000
0.0099200000
0.0108053333
0.0081066667
0.0097226667
0.0106826667
0.0112106667
0.0114720000
0.0118186667
0.0114720000
0.0136906667
0.0116960000
0.0130400000
0.0125920000
0.0120426667
0.0127360000
0.0140586667
0.0160320000
0.0166400000
0.0131626667
0.0134880000
0.0162986667
0.0140586667
0.0160320000
0.0168480000
0.0196533333
0.0208320000
0.0212426667
0.0185120000
0.0202826667
0.0191466667
0.0211573333
0.0216053333
0.0237653333
0.0238826667
0.0251466667
0.0254293333
0.0279146667
0.0305173333
0.0245760000
0.0294613333
0.0302720000
0.0270613333
0.0343040000
0.0341386667
0.0335680000
0.0347093333
0.0347520000
0.0327946667
0.0370666667
0.0432960000
0.0359306667
0.0376800000
0.0363360000
0.0360106667
0.0378026667
0.0387360000
0.0319413333
0.0379626667
0.0382880000
0.0379626667
0.0436213333
0.0393066667
0.0400373333
0.0412586667
0.0476906667
0.0428053333
0.0414240000
0.0376373333
0.0445173333
0.0399146667
0.0414613333
0.0410986667
0.0469546667
0.0452480000
0.0410133333
0.0423200000
0.0442720000
0.0467946667
0.0476906667
0.0477706667
0.0440266667
0.0480160000
0.0476906667
0.0462240000
0.0000000100
0.0000000100
0.0000000100
0.0000000100
0.0000000100
0.0000000100
0.0000000100
0.0000000100
0.0000000100
0.0000000100
0.0000000100
0.0000000100
0.0000000100
0.0000000100
0.0000000100
0.0000000100
0.0000000100
0.0000000100
0.0000000100
0.0000000100
0.0000000100
0.0000000100
0.0000000100
0.0000000100
0.0000000100
0.0000000100
0.0000000100
0.0000000100
0.0000000100
0.0000000100
0.0000000100
0.0000000100
0.0000000100
0.0000000100
0.0000000100
0.0000000100
0.0000000100
0.0000000100
0.0000000100
0.0000000100
0.0000000100
0.0000000100
0.0000000100
0.0000000100
0.0000000100
0.0000000100
0.0000000100
0.0000000100
0.0000000100
0.0000000100
0.0000000100
0.0000000100
0.0000000100
0.0000000100
0.0000000100
0.0000000100
0.0000000100
0.0000000100
0.0000000100
0.0000000100
0.0000000100
0.0000000100
0.0000000100
0.0000000100
0.0000000100
0.0000000100
0.0000000100
0.0000000100
0.0000000100
0.0000000100
0.0000000100
0.0000000100
0.0000000100
0.0000000100
0.0000000100
0.0000000100
0.0000000100
0.0000000100
0.0000000100
0.0000000100
0.0000000100
0.0000000100
0.0000000100
0.0000000100
0.0000000100
0.0000000100
0.0000000100
0.0000000100
0.0000000100
0.0000000100
0.0000000100
0.0000000100
0.0000000100
0.0000000100
0.0000000100
0.0000000100
0.0000000100
0.0000000100
0.0000000100
0.0000000100
0.0000000100
0.0000000100
0.0000000100
0.0000000100
0.0000000100
0.0000000100
0.0000000100
0.0000000100
0.0000000100
0.0000000100
0.0000000100
0.0000000100
0.0000000100
0.0000000100
0.0000000100
0.0000000100
0.0000000100
0.0000000100
0.0000000100
0.0000000100
0.0000000100
0.0000000100
0.0000000100
0.0000000100
0.0000000100
0.0000000100
0.0000000100
0.0000000100
0.0000000100
0.0000000100
0.0000000100
0.0000000100
0.0000000100
0.0000000100
0.0000000100
0.0000000100
0.0000000100
0.0000000100
0.0000000100
0.0000000100
0.0000000100
0.0000000100
0.0000000100
0.0000000100
0.0000000100
0.0000000100
0.0000000100
0.0000000100
0.0000000100
0.0000000100
0.0000000100
0.0000000100
0.0000000100
0.0000000100
0.0000000100
0.0000000100
0.0000000100
0.0000000100
0.0000000100
0.0000000100
0.0000000100
0.0000000100
0.0000000100
0.0000000100
0.0000000100
0.0000000100
0.0000000100
0.0000000100
0.0000000100
0.0000000100
0.0000000100
0.0000000100
0.0000000100
0.0000000100
0.0000000100
0.0000000100
0.0000000100
0.0000000100
0.0000000100
0.0000000100
0.0000000100
0.0000000100
0.0000000100
0.0000000100
0.0000000100
0.0000000100
0.0000000100
0.0000000100
0.0000000100
0.0000000100
0.0000000100
0.0000000100
0.0000000100
0.0000000100
0.0000000100
0.0000000100
0.0000000100
0.0000000100
0.0000000100
0.0000000100
0.0000000100
0.0000000100
0.0000000100
0.0000000100
0.0000000100
0.0000000100
0.0000000100
0.0000000100
0.0000000100
0.0000000100
0.0000000100
0.0000000100
0.0000000100
0.0000000100
0.0000000100
0.0000000100
0.0000000100
0.0000000100
0.0000000100
0.0000000100
0.0000000100
0.0000000100
0.0000000100
0.0000000100
0.0000000100
0.0000000100
0.0000000100
0.0000000100
0.0000000100
0.0000000100
0.0000000100
0.0000000100
0.0000000100
0.0000000100
0.0000000100
0.0000000100
0.0000000100
0.0000000100
0.0000000100
0.0000000100
0.0000000100
0.0000000100
0.0000000100
0.0000000100
0.0000000100
0.0000000100
0.0000000100
0.0000000100
0.0000000100
0.0000000100
0.0000000100
0.0000000100
0.0000000100
0.0000000100
0.0000000100
0.0000000100
0.0000000100
0.0000000100
0.0000000100
0.0000000100
0.0000000100
0.0000000100
0.0000000100
0.0000000100
0.0000000100
0.0000000100
0.0000000100
0.0000000100
0.0000000100
0.0000000100
0.0000000100
0.0000000100
0.0000000100
0.0000000100
0.0000000100
0.0000000100
0.0000000100
0.0000000100
0.0000000100
0.0000000100
0.0000000100
0.0000000100
0.0000000100
0.0000000100
0.0000000100
0.0000000100
0.0000000100
0.0000000100
0.0000000100
0.0000000100
0.0000000100
0.0000000100
0.0000000100
0.0000000100
0.0000000100
0.0000000100
0.0000000100
0.0000000100
0.0000000100
0.0000000100
0.0000000100
0.0000000100
0.0000000100
0.0000000100
0.0000000100
0.0000000100
0.0000000100
0.0000000100
0.0000000100
0.0000000100
0.0000000100
0.0000000100
0.0000000100
0.0000000100
0.0000000100
0.0000000100
0.0000000100
0.0000000100
0.0000000100
0.0000000100
0.0000000100
0.0000000100
0.0000000100
0.0000000100
0.0000000100
0.0000000100
0.0000000100
0.0000000100
0.0000000100
0.0000000100
0.0000000100
0.0000000100
0.0000000100
0.0000000100
0.0000000100
0.0000000100
0.0000000100
0.0000000100
0.0000000100
0.0000000100
0.0000000100
0.0000000100
0.0000000100
0.0000000100
0.0000000100
0.0000000100
0.0000000100
0.0000000100
0.0000000100
0.0000000100
0.0000000100
0.0000000100
0.0000000100
0.0000000100
0.0000000100
0.0000000100
0.0000000100
0.0000000100
0.0000000100
0.0000000100
0.0000000100
0.0000000100
0.0000000100
0.0000000100
0.0000000100
0.0000000100
0.0000000100
0.0000000100
