0.8761841227
0.8908605737
0.8713809206
0.6971314209
0.7679786524
0.7753168779
0.8388258839
0.8306871247
0.6995330220
0.6612408272
0.7549032688
0.8420280187
0.8265510340
0.8200133422
0.8827218145
0.8729819880
0.8404269513
0.8420280187
0.7834556371
0.7507671781
0.6140093396
0.6921947965
0.7573048699
0.7979986658
0.8021347565
0.7793195464
0.8322881921
0.7394262842
0.7491661107
0.6376250834
0.6799199466
0.7296864576
0.6799199466
0.7336891261
0.7898599066
0.7898599066
0.6572381588
0.7190126751
0.6523015344
0.6539026017
0.6751167445
0.6921947965
0.6116077385
0.6376250834
0.6360240160
0.6229486324
0.6368245497
0.6563042028
0.6001334223
0.6172114743
0.6318879253
0.6197464977
0.6336224149
0.6473649099
0.6164109406
0.6050700467
0.5838559039
0.6058705804
0.6221480987
0.5903935957
0.6009339560
0.5586390927
0.5008672448
0.5594396264
0.5651767845
0.5407605070
0.5260840560
0.5570380254
0.5578385590
0.5871914610
0.5627751835
0.5659773182
0.5455637091
0.5219479653
0.5195463642
0.5195463642
0.4943295530
0.4609739827
0.0847898599
0.0618945964
0.1618412275
0.7769179453
0.6547031354
0.6808539026
0.6644429620
0.6735156771
0.6979319546
0.6987324883
0.7199466311
0.7271514343
0.6653769179
0.6751167445
0.6751167445
0.6523015344
0.6612408272
0.6701801201
0.6596397598
0.6791194129
0.6580386925
0.6775183456
0.6791194129
0.7142094730
0.7223482322
0.7100733823
0.7019346231
0.7247498332
0.6824549700
0.6840560374
0.6775183456
0.6376250834
0.6751167445
0.7182121414
0.7362241494
0.7255503669
0.6897931955
0.6864576384
0.7622414943
0.7549032688
0.7394262842
0.7344896598
0.6979319546
0.7231487658
0.6937958639
0.7271514343
0.8045363576
0.7362241494
0.6767178119
0.6921947965
0.7402268179
0.7679786524
0.7182121414
0.6945963976
0.6848565710
0.7418278853
0.7386257505
0.6987324883
0.7320880587
0.7003335557
0.6751167445
0.7116744496
0.7312875250
0.8192128085
0.8102735157
0.7793195464
0.7296864576
0.7679786524
0.7573048699
0.7483655771
0.7533022015
0.7589059373
0.7370246831
0.6799199466
0.6090727151
0.6066711141
0.6905937292
0.7320880587
0.7142094730
0.7410273516
0.6701801201
0.6783188793
0.7207471648
0.6921947965
0.6701801201
0.6515010007
0.6717811875
0.6515010007
0.6490993996
0.6759172782
0.7108739159
0.7174116077
0.7304869913
0.6799199466
0.6945963976
0.7370246831
0.7557038025
0.7842561708
0.8110740494
0.7223482322
0.7174116077
0.7174116077
0.7370246831
0.7426284189
0.7866577718
0.7459639760
0.7296864576
0.7280853903
0.7695797198
0.7320880587
0.6889926618
0.7882588392
0.7874583055
0.7370246831
0.7247498332
0.7467645097
0.7336891261
0.7207471648
0.6880587058
0.6352234823
0.7271514343
0.6799199466
0.7158105404
0.7467645097
0.6090727151
0.5496997999
0.4845897265
0.7370246831
0.7239492995
0.7370246831
0.6100066711
0.6090727151
0.6352234823
0.7223482322
0.6473649099
0.6987324883
0.6743162108
0.6783188793
0.7044696464
0.6326884590
0.6693795864
0.6620413609
0.6376250834
0.6425617078
0.6042695130
0.6953969313
0.7052701801
0.7019346231
0.6987324883
0.6937958639
0.7158105404
0.6701801201
0.5643762508
0.6880587058
0.7239492995
0.7134089393
0.6669779853
0.6775183456
0.6580386925
0.5945296865
0.6042695130
0.6465643763
0.7271514343
0.6213475650
0.6709806538
0.6661774516
0.7882588392
0.6172114743
0.6425617078
0.7174116077
0.7126084056
0.6913942628
0.6596397598
0.6717811875
0.6490993996
0.6743162108
0.6677785190
0.6783188793
0.7011340894
0.6937958639
0.6156104069
0.6017344897
0.6880587058
0.6449633089
0.5969312875
0.6074716478
0.5822548366
0.7443629086
0.7108739159
0.7166110740
0.7199466311
0.7557038025
0.7418278853
0.7150100067
0.7068712475
0.7174116077
0.7044696464
0.6336224149
0.5709139426
0.6864576384
0.6116077385
0.6156104069
0.6132088059
0.6074716478
0.6995330220
0.6751167445
0.7060707138
0.6441627752
0.6009339560
0.6384256171
0.7320880587
0.5699799867
0.5537024683
0.6897931955
0.6848565710
0.6181454303
0.6042695130
0.5806537692
0.6326884590
0.7060707138
0.6929953302
0.6547031354
0.5610406938
0.6132088059
0.6310873916
0.5366244163
0.4853902602
0.6490993996
0.6824549700
0.6310873916
0.7239492995
0.7255503669
0.6832555037
0.7271514343
0.6213475650
0.6302868579
0.6620413609
0.6921947965
0.6653769179
0.6408272181
0.6017344897
0.5830553702
0.5407605070
0.5610406938
0.5675783856
0.5627751835
0.5342228152
0.5334222815
0.5374249500
0.5757171448
0.5757171448
0.4429619746
0.5008672448
0.5472981988
0.5757171448
0.5480987325
0.5300867245
0.5090060040
0.4665777185
0.4715143429
0.4812541694
0.4494996664
0.4568378919
0.4927284857
0.4405603736
0.4141427618
0.4300200133
0.4210807205
0.4486991328
0.4348232155
0.4169446298
0.4201467645
0.3685123416
0.3655770514
0.3705136758
0.4002668446
0.4282855237
0.3677118079
0.3697131421
0.3961307538
0.3925283522
0.3492995330
0.3627751835
0.4133422282
0.3274182789
0.3941294196
0.3334222815
0.3244829887
0.1140093396
0.0847898599
0.0791994663
0.0771581054
0.4576384256
0.6229486324
0.7370246831
0.6987324883
0.6735156771
0.6743162108
0.5594396264
0.7533022015
0.6971314209
0.7166110740
0.7271514343
0.6824549700
0.7418278853
0.7370246831
0.7011340894
0.7044696464
0.6905937292
0.6987324883
0.6995330220
0.7979986658
0.6653769179
0.6636424283
0.5423615744
0.7898599066
0.7418278853
0.7801200801
0.7606404270
0.7092728486
0.6897931955
0.7711807872
0.7076717812
0.7507671781
0.7166110740
0.7084723149
0.6759172782
0.7825216811
0.7517011341
0.6270847231
0.6017344897
0.7443629086
0.8388258839
0.7671781187
0.7370246831
0.7703802535
0.8021347565
0.7126084056
0.7850567045
0.7573048699
0.7239492995
0.7947965310
0.7761174116
0.7834556371
0.7394262842
0.8876584390
0.8941961308
0.8061374249
0.7068712475
0.4901934623
0.6727151434
0.8330887258
0.8860573716
0.8533689126
0.8184122748
0.8134756504
0.8233488993
0.8257505003
0.3030020013
0.0813342228
0.0905937292
0.8168112075
0.6677785190
0.5521014009
0.6441627752
0.6278852568
0.6905937292
0.6294863242
0.6465643763
0.5350233489
0.6473649099
0.6913942628
0.6620413609
0.6344229486
0.6808539026
0.6449633089
0.6653769179
0.6987324883
0.7263509006
0.7084723149
0.6921947965
0.6897931955
0.6945963976
0.7182121414
0.7320880587
0.7280853903
0.6082721815
0.6987324883
0.7134089393
0.7483655771
0.7182121414
0.7362241494
0.7451634423
0.7239492995
0.7174116077
0.7142094730
0.7027351568
0.6709806538
0.6775183456
0.7499666444
0.7271514343
0.7719813209
0.7565043362
0.7671781187
0.8053368913
0.7654436291
0.6278852568
0.6677785190
0.7044696464
0.7435623749
0.7898599066
0.8314876584
0.8184122748
0.8583055370
0.8192128085
0.7923949300
0.7491661107
0.7939959973
0.7687791861
0.7271514343
0.6221480987
0.6449633089
0.7793195464
0.6953969313
0.0000000100
0.0000000100
0.0000000100
0.0000000100
0.0000000100
0.0000000100
0.0000000100
0.0000000100
0.0000000100
0.0000000100
0.0000000100
0.0000000100
0.0000000100
0.0000000100
0.0000000100
0.0000000100
0.0000000100
0.0000000100
0.0000000100
0.0000000100
0.0000000100
0.0000000100
0.0000000100
0.0000000100
0.0000000100
0.0000000100
0.0000000100
0.0000000100
0.0000000100
0.0000000100
0.0000000100
0.0000000100
0.0000000100
0.0000000100
0.0000000100
0.0000000100
0.0000000100
0.0000000100
0.0000000100
0.0000000100
0.0000000100
0.0000000100
0.0000000100
0.0000000100
0.0000000100
0.0000000100
0.0000000100
0.0000000100
0.0000000100
0.0000000100
0.0000000100
0.0000000100
0.0000000100
0.0000000100
0.0000000100
0.0000000100
0.0000000100
0.0000000100
0.0000000100
0.0000000100
0.0000000100
0.0000000100
0.0000000100
0.0000000100
0.0000000100
0.0000000100
0.0000000100
0.0000000100
0.0000000100
0.0000000100
0.0000000100
0.0000000100
0.0000000100
0.0000000100
0.0000000100
0.0000000100
0.0000000100
0.0000000100
0.0000000100
0.0000000100
0.0000000100
0.0000000100
0.0000000100
0.0000000100
0.0000000100
0.0000000100
0.0000000100
0.0000000100
0.0000000100
0.0000000100
0.0000000100
0.0000000100
0.0000000100
0.0000000100
0.0000000100
0.0000000100
0.0000000100
0.0000000100
0.0000000100
0.0000000100
0.0000000100
0.0000000100
0.0000000100
0.0000000100
0.0000000100
0.0000000100
0.0000000100
0.0000000100
0.0000000100
0.0000000100
0.0000000100
0.0000000100
0.0000000100
0.0000000100
0.0000000100
0.0000000100
0.0000000100
0.0000000100
0.0000000100
0.0000000100
0.0000000100
0.0000000100
0.0000000100
0.0000000100
0.0000000100
0.0000000100
0.0000000100
0.0000000100
0.0000000100
0.0000000100
0.0000000100
0.0000000100
0.0000000100
0.0000000100
0.0000000100
0.0000000100
0.0000000100
0.0000000100
0.0000000100
0.0000000100
0.0000000100
0.0000000100
0.0000000100
0.0000000100
0.0000000100
0.0000000100
0.0000000100
0.0000000100
0.0000000100
0.0000000100
0.0000000100
0.0000000100
0.0000000100
0.0000000100
0.0000000100
0.0000000100
0.0000000100
0.0000000100
0.0000000100
0.0000000100
0.0000000100
0.0000000100
0.0000000100
0.0000000100
0.0000000100
0.0000000100
0.0000000100
0.0000000100
0.0000000100
0.0000000100
0.0000000100
0.0000000100
0.0000000100
0.0000000100
0.0000000100
0.0000000100
0.0000000100
0.0000000100
0.0000000100
0.0000000100
0.0000000100
0.0000000100
0.0000000100
0.0000000100
0.0000000100
0.0000000100
0.0000000100
0.0000000100
0.0000000100
0.0000000100
0.0000000100
0.0000000100
0.0000000100
0.0000000100
0.0000000100
0.0000000100
0.0000000100
0.0000000100
0.0000000100
0.0000000100
0.0000000100
0.0000000100
0.0000000100
0.0000000100
0.0000000100
0.0000000100
0.0000000100
0.0000000100
0.0000000100
0.0000000100
0.0000000100
0.0000000100
0.0000000100
0.0000000100
0.0000000100
0.0000000100
0.0000000100
0.0000000100
0.0000000100
0.0000000100
0.0000000100
0.0000000100
0.0000000100
0.0000000100
0.0000000100
0.0000000100
0.0000000100
0.0000000100
0.0000000100
0.0000000100
0.0000000100
0.0000000100
0.0000000100
0.0000000100
0.0000000100
0.0000000100
0.0000000100
0.0000000100
0.0000000100
0.0000000100
0.0000000100
0.0000000100
0.0000000100
0.0000000100
0.0000000100
0.0000000100
0.0000000100
0.0000000100
0.0000000100
0.0000000100
0.0000000100
0.0000000100
0.0000000100
0.0000000100
0.0000000100
0.0000000100
0.0000000100
0.0000000100
0.0000000100
0.0000000100
0.0000000100
0.0000000100
0.0000000100
0.0000000100
0.0000000100
0.0000000100
0.0000000100
0.0000000100
0.0000000100
0.0000000100
0.0000000100
0.0000000100
0.0000000100
0.0000000100
0.0000000100
0.0000000100
0.0000000100
0.0000000100
0.0000000100
0.0000000100
0.0000000100
0.0000000100
0.0000000100
0.0000000100
0.0000000100
0.0000000100
0.0000000100
0.0000000100
0.0000000100
0.0000000100
0.0000000100
0.0000000100
0.0000000100
0.0000000100
0.0000000100
0.0000000100
0.0000000100
0.0000000100
0.0000000100
0.0000000100
0.0000000100
0.0000000100
0.0000000100
0.0000000100
0.0000000100
0.0000000100
0.0000000100
0.0000000100
0.0000000100
0.0000000100
0.0000000100
0.0000000100
0.0000000100
0.0000000100
0.0000000100
0.0000000100
0.0000000100
0.0000000100
0.0000000100
0.0000000100
0.0000000100
0.0000000100
0.0000000100
0.0000000100
0.0000000100
0.0000000100
0.0000000100
0.0000000100
0.0000000100
0.0000000100
0.0000000100
0.0000000100
0.0000000100
0.0000000100
0.0000000100
0.0000000100
0.0000000100
0.0000000100
0.0000000100
0.0000000100
0.0000000100
0.0000000100
0.0000000100
0.0000000100
0.0000000100
0.0000000100
0.0000000100
0.0000000100
0.0000000100
0.0000000100
0.0000000100
0.0000000100
0.0000000100
0.0000000100
0.0000000100
0.0000000100
0.0000000100
0.0000000100
0.0000000100
0.0000000100
0.0000000100
0.0000000100
0.0000000100
0.0000000100
0.0000000100
0.0000000100
0.0000000100
0.0000000100
