0.0803200000
0.0856000000
0.0936000000
0.0891733333
0.0840000000
0.0886933333
0.0859200000
0.0825066667
0.0785066667
0.0888533333
0.0883733333
0.0906666667
0.0804266667
0.0821333333
0.0854400000
0.0796800000
0.0781333333
0.0818666667
0.0788800000
0.0826133333
0.0812800000
0.0798400000
0.0874133333
0.0848000000
0.0798933333
0.0833066667
0.0763200000
0.0798400000
0.0787200000
0.0781333333
0.0713600000
0.0710400000
0.0704533333
0.0793600000
0.0726933333
0.0707200000
0.0654400000
0.0656000000
0.0634666667
0.0636266667
0.0641066667
0.0567466667
0.0581866667
0.0557333333
0.0555733333
0.0523253333
0.0529760000
0.0533866667
0.0522453333
0.0435360000
0.0455733333
0.0436213333
0.0450826667
0.0355200000
0.0377600000
0.0372746667
0.0340960000
0.0288906667
0.0312480000
0.0319413333
0.0293760000
0.0211573333
0.0220160000
0.0205066667
0.0217280000
0.0230720000
0.0212800000
0.0202613333
0.0188800000
0.0169280000
0.0154826667
0.0150133333
0.0139573333
0.0126933333
0.0131840000
0.0134506667
0.0125920000
0.0124693333
0.0119413333
0.0092266667
0.0107626667
0.0104586667
0.0110293333
0.0132640000
0.0119200000
0.0114933333
0.0138346667
0.0125706667
0.0113920000
0.0096426667
0.0089493333
0.0115573333
0.0119200000
0.0107413333
0.0076000000
0.0094826667
0.0101706667
0.0081866667
0.0091680000
0.0072640000
0.0082986667
0.0072213333
0.0090560000
0.0087466667
0.0076586667
0.0094826667
0.0078240000
0.0077493333
0.0063253333
0.0070720000
0.0061333333
0.0068640000
0.0065386667
0.0077386667
0.0067520000
0.0054026667
0.0072426667
0.0071306667
0.0088800000
0.0074986667
0.0075093333
0.0087306667
0.0092480000
0.0079840000
0.0090613333
0.0110880000
0.0110080000
0.0088000000
0.0108640000
0.0105813333
0.0087466667
0.0128800000
0.0130400000
0.0101546667
0.0109226667
0.0135893333
0.0131413333
0.0136320000
0.0144266667
0.0145280000
0.0177226667
0.0150346667
0.0167040000
0.0173760000
0.0154826667
0.0140000000
0.0149920000
0.0167413333
0.0165226667
0.0173333333
0.0186133333
0.0183893333
0.0183733333
0.0222560000
0.0221760000
0.0221760000
0.0250240000
0.0224586667
0.0220533333
0.0280373333
0.0338933333
0.0445973333
0.0472800000
0.0511093333
0.0547733333
0.0521653333
0.0506186667
0.0521653333
0.0575466667
0.0555200000
0.0620266667
0.0608533333
0.0642133333
0.0608533333
0.0654933333
0.0648533333
0.0706133333
0.0706133333
0.0698133333
0.0701333333
0.0719466667
0.0704000000
0.0801600000
0.0814400000
0.0787733333
0.0737066667
0.0718400000
0.0753600000
0.0702933333
0.0770666667
0.0744000000
0.0761600000
0.0787200000
0.0775466667
0.0800533333
0.0803200000
0.0792000000
0.0838400000
0.0866133333
0.0854400000
0.0864000000
0.0937600000
0.0866133333
0.0931200000
0.0856000000
0.0900266667
0.0922666667
0.0996266667
0.0999466667
0.0984533333
0.0968533333
0.1025600000
0.1018666667
0.1054933333
0.0978133333
0.1043200000
0.0974933333
0.1018666667
0.1101866667
0.1126400000
0.1185066667
0.1168533333
0.1129600000
0.1059733333
0.1070933333
0.1539733333
0.2561600000
0.2754133333
0.2825600000
0.2783466667
0.2493333333
0.1277866667
0.0911466667
0.0795733333
0.0769066667
0.0821333333
0.0733866667
0.0829866667
0.0818133333
0.0820266667
0.0795200000
0.0802666667
0.0795733333
0.0840000000
0.0841600000
0.0838400000
0.0846400000
0.0804800000
0.0771733333
0.0794133333
0.0831466667
0.0866133333
0.0779733333
0.0874133333
0.0824533333
0.0838400000
0.0846400000
0.0829866667
0.0878933333
0.0795733333
0.0804266667
0.0807466667
0.0817066667
0.0796800000
0.0809600000
0.0812266667
0.0789333333
0.0794133333
0.0878933333
0.0890133333
0.0843200000
0.0866133333
0.0958400000
0.0773333333
0.0925866667
0.0862400000
0.0883733333
0.0886933333
0.0914666667
0.0919466667
0.0966933333
0.1015466667
0.0982933333
0.1109866667
0.1064533333
0.0994666667
0.1032000000
0.0997866667
0.1054933333
0.1041600000
0.1041600000
0.1035200000
0.1033600000
0.1121600000
0.1089066667
0.1114666667
0.1036800000
0.1142400000
0.1212800000
0.1142400000
0.1152533333
0.1155733333
0.1196266667
0.1183466667
0.1261333333
0.1180266667
0.1282666667
0.1165333333
0.1219200000
0.1108266667
0.1072533333
0.1059733333
0.1054933333
0.1015466667
0.0971733333
0.0936000000
0.0966933333
0.0898666667
0.0932800000
0.0877333333
0.0901866667
0.0859200000
0.0857600000
0.0857600000
0.0733866667
0.0719466667
0.0725866667
0.0757866667
0.0723733333
0.0702400000
0.0684266667
0.0677333333
0.0657600000
0.0622400000
0.0586666667
0.0550933333
0.0541333333
0.0555200000
0.0473653333
0.0485013333
0.0511893333
0.0458186667
0.0442720000
0.0439466667
0.0404053333
0.0393066667
0.0365013333
0.0322240000
0.0277120000
0.0329973333
0.0260426667
0.0264480000
0.0260800000
0.0212426667
0.0209546667
0.0161920000
0.0169280000
0.0169866667
0.0210773333
0.0147680000
0.0156266667
0.0141013333
0.0129013333
0.0154826667
0.0142613333
0.0137546667
0.0123093333
0.0136693333
0.0126773333
0.0148906667
0.0137120000
0.0130186667
0.0126346667
0.0118026667
0.0128800000
0.0119413333
0.0101546667
0.0118613333
0.0098986667
0.0109866667
0.0110880000
0.0076320000
0.0106613333
0.0101120000
0.0090026667
0.0091146667
0.0124533333
0.0100213333
0.0086560000
0.0071840000
0.0082293333
0.0082613333
0.0081973333
0.0075466667
0.0090720000
0.0086666667
0.0052389333
0.0073120000
0.0068853333
0.0014293333
0.0010682667
0.0032805333
0.0046181333
0.0077226667
0.0094720000
0.0091733333
0.0098453333
0.0109653333
0.0067840000
0.0061866667
0.0086453333
0.0073546667
0.0088000000
0.0082080000
0.0086666667
0.0087466667
0.0073440000
0.0082080000
0.0108426667
0.0103466667
0.0091680000
0.0130613333
0.0103466667
0.0102826667
0.0130400000
0.0113706667
0.0124906667
0.0133440000
0.0146293333
0.0138560000
0.0125333333
0.0156853333
0.0125706667
0.0133866667
0.0179626667
0.0174560000
0.0169280000
0.0157280000
0.0154613333
0.0136693333
0.0156053333
0.0169066667
0.0188213333
0.0215253333
0.0210346667
0.0188373333
0.0213600000
0.0209973333
0.0196320000
0.0249813333
0.0236426667
0.0232746667
0.0279946667
0.0279520000
0.0264053333
0.0259626667
0.0286026667
0.0325120000
0.0280373333
0.0322666667
0.0368266667
0.0327573333
0.0361333333
0.0369440000
0.0391040000
0.0313333333
0.0378400000
0.0341813333
0.0385760000
0.0389013333
0.0355200000
0.0355200000
0.0330400000
0.0360533333
0.0400373333
0.0358080000
0.0407306667
0.0376373333
0.0408960000
0.0406506667
0.0397546667
0.0441920000
0.0456533333
0.0452480000
0.0413386667
0.0391413333
0.0423200000
0.0428853333
0.0463040000
0.0443520000
0.0448426667
0.0424000000
0.0442720000
0.0459786667
0.0499680000
0.0486666667
0.0438613333
0.0485813333
0.0439466667
0.0490720000
0.0481760000
0.0502933333
0.0000000100
0.0000000100
0.0000000100
0.0000000100
0.0000000100
0.0000000100
0.0000000100
0.0000000100
0.0000000100
0.0000000100
0.0000000100
0.0000000100
0.0000000100
0.0000000100
0.0000000100
0.0000000100
0.0000000100
0.0000000100
0.0000000100
0.0000000100
0.0000000100
0.0000000100
0.0000000100
0.0000000100
0.0000000100
0.0000000100
0.0000000100
0.0000000100
0.0000000100
0.0000000100
0.0000000100
0.0000000100
0.0000000100
0.0000000100
0.0000000100
0.0000000100
0.0000000100
0.0000000100
0.0000000100
0.0000000100
0.0000000100
0.0000000100
0.0000000100
0.0000000100
0.0000000100
0.0000000100
0.0000000100
0.0000000100
0.0000000100
0.0000000100
0.0000000100
0.0000000100
0.0000000100
0.0000000100
0.0000000100
0.0000000100
0.0000000100
0.0000000100
0.0000000100
0.0000000100
0.0000000100
0.0000000100
0.0000000100
0.0000000100
0.0000000100
0.0000000100
0.0000000100
0.0000000100
0.0000000100
0.0000000100
0.0000000100
0.0000000100
0.0000000100
0.0000000100
0.0000000100
0.0000000100
0.0000000100
0.0000000100
0.0000000100
0.0000000100
0.0000000100
0.0000000100
0.0000000100
0.0000000100
0.0000000100
0.0000000100
0.0000000100
0.0000000100
0.0000000100
0.0000000100
0.0000000100
0.0000000100
0.0000000100
0.0000000100
0.0000000100
0.0000000100
0.0000000100
0.0000000100
0.0000000100
0.0000000100
0.0000000100
0.0000000100
0.0000000100
0.0000000100
0.0000000100
0.0000000100
0.0000000100
0.0000000100
0.0000000100
0.0000000100
0.0000000100
0.0000000100
0.0000000100
0.0000000100
0.0000000100
0.0000000100
0.0000000100
0.0000000100
0.0000000100
0.0000000100
0.0000000100
0.0000000100
0.0000000100
0.0000000100
0.0000000100
0.0000000100
0.0000000100
0.0000000100
0.0000000100
0.0000000100
0.0000000100
0.0000000100
0.0000000100
0.0000000100
0.0000000100
0.0000000100
0.0000000100
0.0000000100
0.0000000100
0.0000000100
0.0000000100
0.0000000100
0.0000000100
0.0000000100
0.0000000100
0.0000000100
0.0000000100
0.0000000100
0.0000000100
0.0000000100
0.0000000100
0.0000000100
0.0000000100
0.0000000100
0.0000000100
0.0000000100
0.0000000100
0.0000000100
0.0000000100
0.0000000100
0.0000000100
0.0000000100
0.0000000100
0.0000000100
0.0000000100
0.0000000100
0.0000000100
0.0000000100
0.0000000100
0.0000000100
0.0000000100
0.0000000100
0.0000000100
0.0000000100
0.0000000100
0.0000000100
0.0000000100
0.0000000100
0.0000000100
0.0000000100
0.0000000100
0.0000000100
0.0000000100
0.0000000100
0.0000000100
0.0000000100
0.0000000100
0.0000000100
0.0000000100
0.0000000100
0.0000000100
0.0000000100
0.0000000100
0.0000000100
0.0000000100
0.0000000100
0.0000000100
0.0000000100
0.0000000100
0.0000000100
0.0000000100
0.0000000100
0.0000000100
0.0000000100
0.0000000100
0.0000000100
0.0000000100
0.0000000100
0.0000000100
0.0000000100
0.0000000100
0.0000000100
0.0000000100
0.0000000100
0.0000000100
0.0000000100
0.0000000100
0.0000000100
0.0000000100
0.0000000100
0.0000000100
0.0000000100
0.0000000100
0.0000000100
0.0000000100
0.0000000100
0.0000000100
0.0000000100
0.0000000100
0.0000000100
0.0000000100
0.0000000100
0.0000000100
0.0000000100
0.0000000100
0.0000000100
0.0000000100
0.0000000100
0.0000000100
0.0000000100
0.0000000100
0.0000000100
0.0000000100
0.0000000100
0.0000000100
0.0000000100
0.0000000100
0.0000000100
0.0000000100
0.0000000100
0.0000000100
0.0000000100
0.0000000100
0.0000000100
0.0000000100
0.0000000100
0.0000000100
0.0000000100
0.0000000100
0.0000000100
0.0000000100
0.0000000100
0.0000000100
0.0000000100
0.0000000100
0.0000000100
0.0000000100
0.0000000100
0.0000000100
0.0000000100
0.0000000100
0.0000000100
0.0000000100
0.0000000100
0.0000000100
0.0000000100
0.0000000100
0.0000000100
0.0000000100
0.0000000100
0.0000000100
0.0000000100
0.0000000100
0.0000000100
0.0000000100
0.0000000100
0.0000000100
0.0000000100
0.0000000100
0.0000000100
0.0000000100
0.0000000100
0.0000000100
0.0000000100
0.0000000100
0.0000000100
0.0000000100
0.0000000100
0.0000000100
0.0000000100
0.0000000100
0.0000000100
0.0000000100
0.0000000100
0.0000000100
0.0000000100
0.0000000100
0.0000000100
0.0000000100
0.0000000100
0.0000000100
0.0000000100
0.0000000100
0.0000000100
0.0000000100
0.0000000100
0.0000000100
0.0000000100
0.0000000100
0.0000000100
0.0000000100
0.0000000100
0.0000000100
0.0000000100
0.0000000100
0.0000000100
0.0000000100
0.0000000100
0.0000000100
0.0000000100
0.0000000100
0.0000000100
0.0000000100
0.0000000100
0.0000000100
0.0000000100
0.0000000100
0.0000000100
0.0000000100
0.0000000100
0.0000000100
0.0000000100
0.0000000100
0.0000000100
0.0000000100
0.0000000100
0.0000000100
0.0000000100
0.0000000100
0.0000000100
0.0000000100
0.0000000100
0.0000000100
0.0000000100
0.0000000100
0.0000000100
0.0000000100
0.0000000100
0.0000000100
0.0000000100
0.0000000100
0.0000000100
0.0000000100
0.0000000100
0.0000000100
0.0000000100
0.0000000100
0.0000000100
