0.2358400000
0.2603200000
0.2539200000
0.2432000000
0.2505600000
0.2603200000
0.2438400000
0.2443200000
0.2312000000
0.2284800000
0.2243200000
0.2340800000
0.2315200000
0.2214400000
0.2139200000
0.2190400000
0.2278400000
0.2355200000
0.2448000000
0.2529600000
0.2505600000
0.2622400000
0.2459200000
0.2438400000
0.2209600000
0.2163200000
0.2270400000
0.2236800000
0.2216000000
0.2180800000
0.2222400000
0.2168000000
0.2150400000
0.2158400000
0.2113600000
0.2134400000
0.2011200000
0.2075200000
0.2092800000
0.2089600000
0.2038400000
0.2051200000
0.2065600000
0.2072000000
0.1985600000
0.2048000000
0.1852800000
0.1838400000
0.1852800000
0.1745600000
0.1740800000
0.1814400000
0.1680000000
0.1648000000
0.1614400000
0.1609600000
0.1619200000
0.1604800000
0.1589280000
0.1557600000
0.1552800000
0.1499040000
0.1520960000
0.1511200000
0.1557600000
0.1474560000
0.1464800000
0.1460000000
0.1481920000
0.1420960000
0.1496640000
0.1442880000
0.1435520000
0.1428160000
0.1423360000
0.1433120000
0.1389120000
0.1379360000
0.1284160000
0.1311040000
0.1357440000
0.1311040000
0.1308640000
0.1303680000
0.1274400000
0.1252480000
0.1226880000
0.1213440000
0.1192640000
0.1167040000
0.1187680000
0.1235360000
0.1276800000
0.1223200000
0.1264640000
0.1182880000
0.1220640000
0.1180480000
0.1153600000
0.1177920000
0.1163360000
0.1164480000
0.1121760000
0.1081600000
0.1119360000
0.1072960000
0.1091360000
0.1022880000
0.1026560000
0.0997280000
0.1043680000
0.1080320000
0.1030240000
0.1029120000
0.1058400000
0.1022880000
0.1156000000
0.1128000000
0.1120640000
0.1109600000
0.1120640000
0.1044960000
0.1077920000
0.1021760000
0.1086400000
0.1108320000
0.1033920000
0.1181600000
0.1187680000
0.1235360000
0.1274400000
0.1252480000
0.1176800000
0.1153600000
0.1141280000
0.1105920000
0.1192640000
0.1394080000
0.1328160000
0.1381760000
0.1528320000
0.1552800000
0.1582080000
0.1696000000
0.1662400000
0.1684800000
0.1764800000
0.1841600000
0.1796800000
0.1841600000
0.1811200000
0.1796800000
0.1944000000
0.1958400000
0.1972800000
0.2150400000
0.2038400000
0.2001600000
0.2084800000
0.2014400000
0.2126400000
0.2160000000
0.2150400000
0.2148800000
0.2348800000
0.2414400000
0.2534400000
0.2592000000
0.2651200000
0.2665600000
0.2715200000
0.2710400000
0.2841600000
0.2793600000
0.2958400000
0.2953600000
0.2846400000
0.2929600000
0.2860800000
0.2772800000
0.2934400000
0.2915200000
0.2993600000
0.2920000000
0.3003200000
0.3110400000
0.3203200000
0.3060800000
0.2860800000
0.2798400000
0.2665600000
0.2636800000
0.2763200000
0.2851200000
0.2958400000
0.3169600000
0.3096000000
0.2958400000
0.2929600000
0.2934400000
0.2963200000
0.2963200000
0.3027200000
0.3227200000
0.3067200000
0.3067200000
0.2998400000
0.2856000000
0.2993600000
0.3003200000
0.2920000000
0.2856000000
0.2896000000
0.2891200000
0.3041600000
0.3203200000
0.3300800000
0.3100800000
0.3032000000
0.3036800000
0.2886400000
0.3012800000
0.3056000000
0.3105600000
0.3144000000
0.3041600000
0.2988800000
0.3017600000
0.3036800000
0.2948800000
0.2832000000
0.2841600000
0.2822400000
0.2881600000
0.2915200000
0.2891200000
0.2886400000
0.2617600000
0.2696000000
0.2696000000
0.2670400000
0.2724800000
0.2763200000
0.2784000000
0.2827200000
0.2758400000
0.2875200000
0.2812800000
0.2870400000
0.2860800000
0.2993600000
0.2984000000
0.2896000000
0.2812800000
0.2817600000
0.2929600000
0.2979200000
0.3072000000
0.3036800000
0.2920000000
0.2875200000
0.2886400000
0.2836800000
0.2748800000
0.2696000000
0.2734400000
0.2691200000
0.2670400000
0.2646400000
0.2651200000
0.2612800000
0.2772800000
0.2822400000
0.2865600000
0.2998400000
0.2744000000
0.2744000000
0.2665600000
0.2608000000
0.2092800000
0.2195200000
0.2275200000
0.2185600000
0.2345600000
0.2355200000
0.2308800000
0.2107200000
0.2102400000
0.2248000000
0.2377600000
0.2246400000
0.2350400000
0.2432000000
0.2553600000
0.2438400000
0.2617600000
0.2422400000
0.2539200000
0.2572800000
0.2568000000
0.2739200000
0.2598400000
0.2592000000
0.2577600000
0.2289600000
0.2134400000
0.2155200000
0.2238400000
0.2329600000
0.2312000000
0.2307200000
0.2371200000
0.2408000000
0.2126400000
0.2158400000
0.2214400000
0.2257600000
0.2385600000
0.2553600000
0.2387200000
0.2107200000
0.2134400000
0.1960000000
0.1904000000
0.1979200000
0.2009600000
0.2094400000
0.2134400000
0.2144000000
0.2124800000
0.2180800000
0.2268800000
0.2280000000
0.2216000000
0.2176000000
0.2164800000
0.2136000000
0.2046400000
0.2019200000
0.1990400000
0.2001600000
0.1931200000
0.1848000000
0.1800000000
0.1881600000
0.1865600000
0.1881600000
0.1892800000
0.1852800000
0.1737600000
0.1782400000
0.1758400000
0.1772800000
0.1702400000
0.1696000000
0.1680000000
0.1656000000
0.1579520000
0.1481920000
0.1452640000
0.1489280000
0.1460000000
0.1328160000
0.1311040000
0.1249920000
0.1264640000
0.1198720000
0.1120640000
0.1093760000
0.1164480000
0.1177920000
0.1204800000
0.1174240000
0.1192640000
0.1234080000
0.1230400000
0.1230400000
0.1246400000
0.1350080000
0.1286560000
0.1352480000
0.1352480000
0.1337920000
0.1313440000
0.1340320000
0.1313440000
0.1350080000
0.1355040000
0.1374560000
0.1374560000
0.1376960000
0.1347680000
0.1308640000
0.1364800000
0.1323200000
0.1328160000
0.1279360000
0.1313440000
0.1296320000
0.1203680000
0.1190240000
0.1105920000
0.1032640000
0.1012000000
0.1031520000
0.1065600000
0.1037600000
0.1046080000
0.0999680000
0.1066880000
0.1086400000
0.1128000000
0.1149920000
0.1114560000
0.1192640000
0.1147520000
0.1153600000
0.1173120000
0.1207200000
0.1159680000
0.1214560000
0.1259840000
0.1241440000
0.1306080000
0.1306080000
0.1384320000
0.1418400000
0.1391680000
0.1381760000
0.1484320000
0.1606400000
0.1547840000
0.1656000000
0.1716800000
0.1736000000
0.1811200000
0.1870400000
0.1788800000
0.1675200000
0.1564960000
0.1633600000
0.1665600000
0.1689600000
0.1716800000
0.1758400000
0.1704000000
0.1732800000
0.1894400000
0.1958400000
0.1870400000
0.1737600000
0.1721600000
0.1788800000
0.1894400000
0.1982400000
0.1876800000
0.1875200000
0.1918400000
0.1963200000
0.1918400000
0.1985600000
0.2140800000
0.2252800000
0.2195200000
0.2180800000
0.2190400000
0.2248000000
0.2148800000
0.2177600000
0.2190400000
0.2243200000
0.2284800000
0.2385600000
0.2353600000
0.2284800000
0.2294400000
0.2257600000
0.2251200000
0.2206400000
0.2248000000
0.2283200000
0.2201600000
0.1750400000
0.2344000000
0.3339200000
0.3524800000
0.3633600000
0.3584000000
0.3486400000
0.3217600000
0.3198400000
0.2988800000
0.3100800000
0.3032000000
0.3096000000
0.3232000000
0.3198400000
0.3374400000
0.3667200000
0.3696000000
0.3817600000
0.3848000000
0.0000000100
0.0000000100
0.0000000100
0.0000000100
0.0000000100
0.0000000100
0.0000000100
0.0000000100
0.0000000100
0.0000000100
0.0000000100
0.0000000100
0.0000000100
0.0000000100
0.0000000100
0.0000000100
0.0000000100
0.0000000100
0.0000000100
0.0000000100
0.0000000100
0.0000000100
0.0000000100
0.0000000100
0.0000000100
0.0000000100
0.0000000100
0.0000000100
0.0000000100
0.0000000100
0.0000000100
0.0000000100
0.0000000100
0.0000000100
0.0000000100
0.0000000100
0.0000000100
0.0000000100
0.0000000100
0.0000000100
0.0000000100
0.0000000100
0.0000000100
0.0000000100
0.0000000100
0.0000000100
0.0000000100
0.0000000100
0.0000000100
0.0000000100
0.0000000100
0.0000000100
0.0000000100
0.0000000100
0.0000000100
0.0000000100
0.0000000100
0.0000000100
0.0000000100
0.0000000100
0.0000000100
0.0000000100
0.0000000100
0.0000000100
0.0000000100
0.0000000100
0.0000000100
0.0000000100
0.0000000100
0.0000000100
0.0000000100
0.0000000100
0.0000000100
0.0000000100
0.0000000100
0.0000000100
0.0000000100
0.0000000100
0.0000000100
0.0000000100
0.0000000100
0.0000000100
0.0000000100
0.0000000100
0.0000000100
0.0000000100
0.0000000100
0.0000000100
0.0000000100
0.0000000100
0.0000000100
0.0000000100
0.0000000100
0.0000000100
0.0000000100
0.0000000100
0.0000000100
0.0000000100
0.0000000100
0.0000000100
0.0000000100
0.0000000100
0.0000000100
0.0000000100
0.0000000100
0.0000000100
0.0000000100
0.0000000100
0.0000000100
0.0000000100
0.0000000100
0.0000000100
0.0000000100
0.0000000100
0.0000000100
0.0000000100
0.0000000100
0.0000000100
0.0000000100
0.0000000100
0.0000000100
0.0000000100
0.0000000100
0.0000000100
0.0000000100
0.0000000100
0.0000000100
0.0000000100
0.0000000100
0.0000000100
0.0000000100
0.0000000100
0.0000000100
0.0000000100
0.0000000100
0.0000000100
0.0000000100
0.0000000100
0.0000000100
0.0000000100
0.0000000100
0.0000000100
0.0000000100
0.0000000100
0.0000000100
0.0000000100
0.0000000100
0.0000000100
0.0000000100
0.0000000100
0.0000000100
0.0000000100
0.0000000100
0.0000000100
0.0000000100
0.0000000100
0.0000000100
0.0000000100
0.0000000100
0.0000000100
0.0000000100
0.0000000100
0.0000000100
0.0000000100
0.0000000100
0.0000000100
0.0000000100
0.0000000100
0.0000000100
0.0000000100
0.0000000100
0.0000000100
0.0000000100
0.0000000100
0.0000000100
0.0000000100
0.0000000100
0.0000000100
0.0000000100
0.0000000100
0.0000000100
0.0000000100
0.0000000100
0.0000000100
0.0000000100
0.0000000100
0.0000000100
0.0000000100
0.0000000100
0.0000000100
0.0000000100
0.0000000100
0.0000000100
0.0000000100
0.0000000100
0.0000000100
0.0000000100
0.0000000100
0.0000000100
0.0000000100
0.0000000100
0.0000000100
0.0000000100
0.0000000100
0.0000000100
0.0000000100
0.0000000100
0.0000000100
0.0000000100
0.0000000100
0.0000000100
0.0000000100
0.0000000100
0.0000000100
0.0000000100
0.0000000100
0.0000000100
0.0000000100
0.0000000100
0.0000000100
0.0000000100
0.0000000100
0.0000000100
0.0000000100
0.0000000100
0.0000000100
0.0000000100
0.0000000100
0.0000000100
0.0000000100
0.0000000100
0.0000000100
0.0000000100
0.0000000100
0.0000000100
0.0000000100
0.0000000100
0.0000000100
0.0000000100
0.0000000100
0.0000000100
0.0000000100
0.0000000100
0.0000000100
0.0000000100
0.0000000100
0.0000000100
0.0000000100
0.0000000100
0.0000000100
0.0000000100
0.0000000100
0.0000000100
0.0000000100
0.0000000100
0.0000000100
0.0000000100
0.0000000100
0.0000000100
0.0000000100
0.0000000100
0.0000000100
0.0000000100
0.0000000100
0.0000000100
0.0000000100
0.0000000100
0.0000000100
0.0000000100
0.0000000100
0.0000000100
0.0000000100
0.0000000100
0.0000000100
0.0000000100
0.0000000100
0.0000000100
0.0000000100
0.0000000100
0.0000000100
0.0000000100
0.0000000100
0.0000000100
0.0000000100
0.0000000100
0.0000000100
0.0000000100
0.0000000100
0.0000000100
0.0000000100
0.0000000100
0.0000000100
0.0000000100
0.0000000100
0.0000000100
0.0000000100
0.0000000100
0.0000000100
0.0000000100
0.0000000100
0.0000000100
0.0000000100
0.0000000100
0.0000000100
0.0000000100
0.0000000100
0.0000000100
0.0000000100
0.0000000100
0.0000000100
0.0000000100
0.0000000100
0.0000000100
0.0000000100
0.0000000100
0.0000000100
0.0000000100
0.0000000100
0.0000000100
0.0000000100
0.0000000100
0.0000000100
0.0000000100
0.0000000100
0.0000000100
0.0000000100
0.0000000100
0.0000000100
0.0000000100
0.0000000100
0.0000000100
0.0000000100
0.0000000100
0.0000000100
0.0000000100
0.0000000100
0.0000000100
0.0000000100
0.0000000100
0.0000000100
0.0000000100
0.0000000100
0.0000000100
0.0000000100
0.0000000100
0.0000000100
0.0000000100
0.0000000100
0.0000000100
0.0000000100
0.0000000100
0.0000000100
0.0000000100
0.0000000100
0.0000000100
0.0000000100
0.0000000100
0.0000000100
0.0000000100
0.0000000100
0.0000000100
0.0000000100
0.0000000100
0.0000000100
0.0000000100
0.0000000100
0.0000000100
0.0000000100
