0.8533689126
0.8989993329
0.8795196798
0.8729819880
0.8680453636
0.8811207472
0.8697798532
0.8469646431
0.8599066044
0.8567044696
0.8168112075
0.8485657105
0.8485657105
0.8908605737
0.8941961308
0.8795196798
0.7931954636
0.8485657105
0.8664442962
0.8176117412
0.8281521014
0.7971981321
0.7785190127
0.8160106738
0.7769179453
0.8086724483
0.7785190127
0.7931954636
0.8322881921
0.7955970647
0.7817211474
0.7719813209
0.7426284189
0.7158105404
0.7320880587
0.7410273516
0.7280853903
0.7035356905
0.6880587058
0.6400266845
0.6563042028
0.6971314209
0.6563042028
0.6572381588
0.6669779853
0.6563042028
0.6523015344
0.6799199466
0.6384256171
0.6612408272
0.6628418946
0.7190126751
0.7035356905
0.6808539026
0.6515010007
0.6465643763
0.6653769179
0.6237491661
0.6344229486
0.6042695130
0.5863909273
0.5935957305
0.5586390927
0.6254836558
0.6116077385
0.5887925284
0.5830553702
0.5691794530
0.5496997999
0.5439626418
0.5155436958
0.5252835223
0.4975316878
0.4665777185
0.4788525684
0.4853902602
0.4812541694
0.4723148766
0.0868312208
0.0642294863
0.1657104736
0.8037358239
0.6880587058
0.6727151434
0.6783188793
0.6727151434
0.7011340894
0.7134089393
0.7581054036
0.7834556371
0.7223482322
0.7108739159
0.7336891261
0.7116744496
0.6963308873
0.7288859239
0.7247498332
0.7475650434
0.7207471648
0.7410273516
0.7378252168
0.7565043362
0.7378252168
0.7662441628
0.7598398933
0.8094729820
0.7777184790
0.8452301534
0.8037358239
0.7679786524
0.7533022015
0.8289526351
0.8567044696
0.8404269513
0.8005336891
0.8110740494
0.8876584390
0.8713809206
0.8713809206
0.8680453636
0.8289526351
0.8664442962
0.8281521014
0.8551034023
0.8924616411
0.8664442962
0.8388258839
0.7866577718
0.7842561708
0.8485657105
0.7753168779
0.8013342228
0.8102735157
0.8811207472
0.8664442962
0.8306871247
0.8697798532
0.8338892595
0.8045363576
0.8452301534
0.8697798532
0.9853235490
0.9706470981
0.9527685123
0.9218145430
0.9934623082
0.9658438959
0.9674449633
0.9983989326
1.0000000000
1.0000000000
0.9642428286
0.8795196798
0.9039359573
0.9396931288
0.9577051368
0.9430286858
0.9609072715
0.9202134757
0.9088725817
0.9218145430
0.9478318879
0.9642428286
0.9495663776
0.9642428286
0.9267511674
0.9186124083
0.8729819880
0.8860573716
0.9446297532
0.9396931288
0.7915943963
0.7336891261
0.7589059373
0.7638425617
0.8184122748
0.8957971981
0.7997331554
0.7606404270
0.7459639760
0.7955970647
0.7679786524
0.8551034023
0.7997331554
0.7777184790
0.7753168779
0.7989326217
0.7850567045
0.7939959973
0.8338892595
0.8184122748
0.7979986658
0.7589059373
0.7662441628
0.7858572382
0.7939959973
0.7939959973
0.7517011341
0.7761174116
0.7541027352
0.7915943963
0.7654436291
0.7459639760
0.7467645097
0.7467645097
0.7907938626
0.7890593729
0.8354903269
0.8021347565
0.7971981321
0.8354903269
0.8551034023
0.8599066044
0.8297531688
0.8297531688
0.8330887258
0.8338892595
0.7622414943
0.7328885924
0.7769179453
0.7239492995
0.7443629086
0.7280853903
0.7459639760
0.7483655771
0.7614409606
0.7435623749
0.7475650434
0.7735823883
0.7923949300
0.7963975984
0.7671781187
0.7483655771
0.7410273516
0.7150100067
0.7622414943
0.7410273516
0.7541027352
0.7182121414
0.6872581721
0.7166110740
0.7108739159
0.7459639760
0.7019346231
0.7068712475
0.6945963976
0.7589059373
0.7271514343
0.7271514343
0.7320880587
0.6889926618
0.7068712475
0.6824549700
0.7328885924
0.7581054036
0.7394262842
0.7320880587
0.7573048699
0.6913942628
0.6693795864
0.7174116077
0.7076717812
0.7190126751
0.7280853903
0.7394262842
0.7842561708
0.7711807872
0.7402268179
0.7491661107
0.7557038025
0.7614409606
0.7565043362
0.7842561708
0.7581054036
0.7549032688
0.7614409606
0.7296864576
0.7671781187
0.7443629086
0.7402268179
0.7280853903
0.6840560374
0.7581054036
0.7223482322
0.7166110740
0.7451634423
0.7662441628
0.7557038025
0.7769179453
0.7280853903
0.7344896598
0.7483655771
0.7158105404
0.7654436291
0.7003335557
0.7150100067
0.7150100067
0.7182121414
0.7150100067
0.7499666444
0.7100733823
0.6897931955
0.6905937292
0.7207471648
0.7671781187
0.7459639760
0.7182121414
0.7483655771
0.7108739159
0.7019346231
0.7011340894
0.6701801201
0.6864576384
0.6953969313
0.6864576384
0.7207471648
0.7060707138
0.7027351568
0.6515010007
0.6090727151
0.5838559039
0.5895930620
0.5945296865
0.5472981988
0.5284856571
0.5211474316
0.5284856571
0.5570380254
0.5260840560
0.5252835223
0.5513008672
0.5513008672
0.5179452969
0.5472981988
0.5244829887
0.5554369580
0.5276851234
0.4901934623
0.4755170113
0.4901934623
0.4853902602
0.5024683122
0.4617745163
0.4983322215
0.5439626418
0.5292861908
0.5130086724
0.4796531021
0.4478985991
0.4356237492
0.4072048032
0.4292194797
0.4193462308
0.4282855237
0.4193462308
0.4014676451
0.3969312875
0.4124082722
0.3806537692
0.3655770514
0.3538358906
0.3468979320
0.3566377585
0.3595730487
0.3758505670
0.3436957972
0.1327418279
0.0868312208
0.0806137425
0.0823482322
0.5887925284
0.7304869913
0.7296864576
0.7280853903
0.7451634423
0.7743829219
0.7630420280
0.8160106738
0.7630420280
0.7777184790
0.7703802535
0.7541027352
0.7793195464
0.7646430954
0.7801200801
0.7997331554
0.7606404270
0.8078719146
0.7979986658
0.7890593729
0.7809206137
0.7459639760
0.7598398933
0.8330887258
0.8160106738
0.8583055370
0.8452301534
0.7743829219
0.7247498332
0.8200133422
0.7793195464
0.8354903269
0.7654436291
0.7923949300
0.7777184790
0.7989326217
0.8078719146
0.8110740494
0.7947965310
0.8485657105
0.8533689126
0.7979986658
0.7858572382
0.8037358239
0.8322881921
0.7939959973
0.8045363576
0.8632421614
0.8404269513
0.8599066044
0.8330887258
0.8436290861
0.8761841227
0.9152768512
0.8632421614
0.8583055370
0.8583055370
0.8144096064
0.8354903269
0.8957971981
0.9283522348
0.9202134757
0.8973982655
0.8583055370
0.8330887258
0.8249499666
0.2947298199
0.0847898599
0.0864176117
0.8370913943
0.7662441628
0.7435623749
0.7320880587
0.6963308873
0.7182121414
0.6832555037
0.7239492995
0.7565043362
0.7793195464
0.7215476985
0.7459639760
0.6963308873
0.7541027352
0.7491661107
0.7223482322
0.7483655771
0.7769179453
0.7671781187
0.7418278853
0.7320880587
0.7525016678
0.7777184790
0.7874583055
0.8134756504
0.7923949300
0.7654436291
0.7418278853
0.7850567045
0.7898599066
0.8314876584
0.8216144096
0.7793195464
0.7735823883
0.8102735157
0.8029352902
0.7158105404
0.7019346231
0.7483655771
0.7435623749
0.7743829219
0.7874583055
0.7573048699
0.8134756504
0.7890593729
0.7525016678
0.7223482322
0.7785190127
0.7793195464
0.8029352902
0.8616410941
0.8501667779
0.8811207472
0.9104736491
0.9283522348
0.8713809206
0.9283522348
0.8233488993
0.8086724483
0.7971981321
0.7711807872
0.8160106738
0.7785190127
0.0000000100
0.0000000100
0.0000000100
0.0000000100
0.0000000100
0.0000000100
0.0000000100
0.0000000100
0.0000000100
0.0000000100
0.0000000100
0.0000000100
0.0000000100
0.0000000100
0.0000000100
0.0000000100
0.0000000100
0.0000000100
0.0000000100
0.0000000100
0.0000000100
0.0000000100
0.0000000100
0.0000000100
0.0000000100
0.0000000100
0.0000000100
0.0000000100
0.0000000100
0.0000000100
0.0000000100
0.0000000100
0.0000000100
0.0000000100
0.0000000100
0.0000000100
0.0000000100
0.0000000100
0.0000000100
0.0000000100
0.0000000100
0.0000000100
0.0000000100
0.0000000100
0.0000000100
0.0000000100
0.0000000100
0.0000000100
0.0000000100
0.0000000100
0.0000000100
0.0000000100
0.0000000100
0.0000000100
0.0000000100
0.0000000100
0.0000000100
0.0000000100
0.0000000100
0.0000000100
0.0000000100
0.0000000100
0.0000000100
0.0000000100
0.0000000100
0.0000000100
0.0000000100
0.0000000100
0.0000000100
0.0000000100
0.0000000100
0.0000000100
0.0000000100
0.0000000100
0.0000000100
0.0000000100
0.0000000100
0.0000000100
0.0000000100
0.0000000100
0.0000000100
0.0000000100
0.0000000100
0.0000000100
0.0000000100
0.0000000100
0.0000000100
0.0000000100
0.0000000100
0.0000000100
0.0000000100
0.0000000100
0.0000000100
0.0000000100
0.0000000100
0.0000000100
0.0000000100
0.0000000100
0.0000000100
0.0000000100
0.0000000100
0.0000000100
0.0000000100
0.0000000100
0.0000000100
0.0000000100
0.0000000100
0.0000000100
0.0000000100
0.0000000100
0.0000000100
0.0000000100
0.0000000100
0.0000000100
0.0000000100
0.0000000100
0.0000000100
0.0000000100
0.0000000100
0.0000000100
0.0000000100
0.0000000100
0.0000000100
0.0000000100
0.0000000100
0.0000000100
0.0000000100
0.0000000100
0.0000000100
0.0000000100
0.0000000100
0.0000000100
0.0000000100
0.0000000100
0.0000000100
0.0000000100
0.0000000100
0.0000000100
0.0000000100
0.0000000100
0.0000000100
0.0000000100
0.0000000100
0.0000000100
0.0000000100
0.0000000100
0.0000000100
0.0000000100
0.0000000100
0.0000000100
0.0000000100
0.0000000100
0.0000000100
0.0000000100
0.0000000100
0.0000000100
0.0000000100
0.0000000100
0.0000000100
0.0000000100
0.0000000100
0.0000000100
0.0000000100
0.0000000100
0.0000000100
0.0000000100
0.0000000100
0.0000000100
0.0000000100
0.0000000100
0.0000000100
0.0000000100
0.0000000100
0.0000000100
0.0000000100
0.0000000100
0.0000000100
0.0000000100
0.0000000100
0.0000000100
0.0000000100
0.0000000100
0.0000000100
0.0000000100
0.0000000100
0.0000000100
0.0000000100
0.0000000100
0.0000000100
0.0000000100
0.0000000100
0.0000000100
0.0000000100
0.0000000100
0.0000000100
0.0000000100
0.0000000100
0.0000000100
0.0000000100
0.0000000100
0.0000000100
0.0000000100
0.0000000100
0.0000000100
0.0000000100
0.0000000100
0.0000000100
0.0000000100
0.0000000100
0.0000000100
0.0000000100
0.0000000100
0.0000000100
0.0000000100
0.0000000100
0.0000000100
0.0000000100
0.0000000100
0.0000000100
0.0000000100
0.0000000100
0.0000000100
0.0000000100
0.0000000100
0.0000000100
0.0000000100
0.0000000100
0.0000000100
0.0000000100
0.0000000100
0.0000000100
0.0000000100
0.0000000100
0.0000000100
0.0000000100
0.0000000100
0.0000000100
0.0000000100
0.0000000100
0.0000000100
0.0000000100
0.0000000100
0.0000000100
0.0000000100
0.0000000100
0.0000000100
0.0000000100
0.0000000100
0.0000000100
0.0000000100
0.0000000100
0.0000000100
0.0000000100
0.0000000100
0.0000000100
0.0000000100
0.0000000100
0.0000000100
0.0000000100
0.0000000100
0.0000000100
0.0000000100
0.0000000100
0.0000000100
0.0000000100
0.0000000100
0.0000000100
0.0000000100
0.0000000100
0.0000000100
0.0000000100
0.0000000100
0.0000000100
0.0000000100
0.0000000100
0.0000000100
0.0000000100
0.0000000100
0.0000000100
0.0000000100
0.0000000100
0.0000000100
0.0000000100
0.0000000100
0.0000000100
0.0000000100
0.0000000100
0.0000000100
0.0000000100
0.0000000100
0.0000000100
0.0000000100
0.0000000100
0.0000000100
0.0000000100
0.0000000100
0.0000000100
0.0000000100
0.0000000100
0.0000000100
0.0000000100
0.0000000100
0.0000000100
0.0000000100
0.0000000100
0.0000000100
0.0000000100
0.0000000100
0.0000000100
0.0000000100
0.0000000100
0.0000000100
0.0000000100
0.0000000100
0.0000000100
0.0000000100
0.0000000100
0.0000000100
0.0000000100
0.0000000100
0.0000000100
0.0000000100
0.0000000100
0.0000000100
0.0000000100
0.0000000100
0.0000000100
0.0000000100
0.0000000100
0.0000000100
0.0000000100
0.0000000100
0.0000000100
0.0000000100
0.0000000100
0.0000000100
0.0000000100
0.0000000100
0.0000000100
0.0000000100
0.0000000100
0.0000000100
0.0000000100
0.0000000100
0.0000000100
0.0000000100
0.0000000100
0.0000000100
0.0000000100
0.0000000100
0.0000000100
0.0000000100
0.0000000100
0.0000000100
0.0000000100
0.0000000100
0.0000000100
0.0000000100
0.0000000100
0.0000000100
0.0000000100
0.0000000100
0.0000000100
0.0000000100
0.0000000100
0.0000000100
0.0000000100
0.0000000100
