0.0897066667
0.0864000000
0.0891733333
0.0764266667
0.0849600000
0.0882133333
0.0833066667
0.0831466667
0.0796800000
0.0812266667
0.0843200000
0.0846400000
0.0822933333
0.0827733333
0.0836800000
0.0798400000
0.0802666667
0.0821866667
0.0822933333
0.0747200000
0.0763200000
0.0804266667
0.0827733333
0.0795200000
0.0768000000
0.0766400000
0.0673600000
0.0735466667
0.0809600000
0.0786133333
0.0768000000
0.0648533333
0.0677333333
0.0756266667
0.0754133333
0.0696000000
0.0658133333
0.0649600000
0.0633066667
0.0637866667
0.0604800000
0.0547733333
0.0579200000
0.0553600000
0.0544533333
0.0539733333
0.0471200000
0.0472000000
0.0465493333
0.0424000000
0.0439466667
0.0410133333
0.0394720000
0.0349546667
0.0354400000
0.0339786667
0.0279520000
0.0323893333
0.0315360000
0.0298666667
0.0240906667
0.0220533333
0.0217280000
0.0204853333
0.0207733333
0.0201226667
0.0195306667
0.0184746667
0.0181066667
0.0165813333
0.0163786667
0.0159893333
0.0154400000
0.0151146667
0.0117173333
0.0118186667
0.0125120000
0.0138560000
0.0134080000
0.0115146667
0.0106826667
0.0084320000
0.0113546667
0.0112533333
0.0114720000
0.0125333333
0.0128373333
0.0129173333
0.0123680000
0.0120426667
0.0101120000
0.0117600000
0.0104160000
0.0104586667
0.0087466667
0.0105173333
0.0098453333
0.0070506667
0.0087893333
0.0068053333
0.0068960000
0.0085866667
0.0089440000
0.0080586667
0.0068960000
0.0104373333
0.0088320000
0.0071520000
0.0064480000
0.0063893333
0.0047813333
0.0059093333
0.0056480000
0.0064906667
0.0080160000
0.0063146667
0.0068480000
0.0063146667
0.0077493333
0.0066826667
0.0060960000
0.0059520000
0.0075093333
0.0084000000
0.0098346667
0.0100320000
0.0094400000
0.0101546667
0.0113706667
0.0093493333
0.0113333333
0.0127786667
0.0102453333
0.0105973333
0.0124693333
0.0128800000
0.0140160000
0.0124320000
0.0141813333
0.0142026667
0.0152586667
0.0160320000
0.0140160000
0.0131413333
0.0151573333
0.0161546667
0.0136693333
0.0151146667
0.0147306667
0.0145653333
0.0176586667
0.0172320000
0.0193866667
0.0198346667
0.0199573333
0.0251040000
0.0223786667
0.0218506667
0.0210773333
0.0288906667
0.0351573333
0.0453280000
0.0506986667
0.0495626667
0.0510240000
0.0533866667
0.0548266667
0.0544533333
0.0512693333
0.0557333333
0.0600000000
0.0473653333
0.0677866667
0.0606400000
0.0626666667
0.0603733333
0.0696533333
0.0659200000
0.0677866667
0.0771733333
0.0664000000
0.0749333333
0.0747733333
0.0786133333
0.0739733333
0.0700800000
0.0713600000
0.0716266667
0.0672000000
0.0717866667
0.0656533333
0.0690133333
0.0730666667
0.0696533333
0.0750933333
0.0733333333
0.0766400000
0.0744533333
0.0817066667
0.0821866667
0.0836800000
0.0870933333
0.0787200000
0.0840000000
0.0843200000
0.0790400000
0.0864000000
0.0919466667
0.0905066667
0.0906666667
0.0919466667
0.0948800000
0.0958400000
0.0996266667
0.0984533333
0.0982933333
0.0900266667
0.0919466667
0.1085866667
0.1106666667
0.1129600000
0.1098666667
0.1058133333
0.1025600000
0.0974933333
0.1422400000
0.2321066667
0.2565333333
0.2627200000
0.2692266667
0.2307733333
0.1227200000
0.0805866667
0.0768000000
0.0758400000
0.0733866667
0.0713066667
0.0819733333
0.0739733333
0.0793600000
0.0769600000
0.0722666667
0.0757866667
0.0730666667
0.0708800000
0.0747200000
0.0825066667
0.0796800000
0.0769600000
0.0756800000
0.0775466667
0.0817066667
0.0731733333
0.0753600000
0.0726933333
0.0740800000
0.0750933333
0.0786133333
0.0787200000
0.0796800000
0.0821333333
0.0784533333
0.0790400000
0.0773333333
0.0755200000
0.0795200000
0.0724266667
0.0752000000
0.0778666667
0.0729066667
0.0772266667
0.0760000000
0.0817066667
0.0785066667
0.0823466667
0.0836800000
0.0901866667
0.0829866667
0.0851200000
0.0864000000
0.0856000000
0.0940800000
0.0944000000
0.1048000000
0.1005866667
0.0936000000
0.1030400000
0.0989333333
0.0994666667
0.0966933333
0.0948800000
0.1012266667
0.0987733333
0.1005866667
0.1018666667
0.1052800000
0.0909866667
0.1142400000
0.1100266667
0.1123200000
0.1145600000
0.1103466667
0.1120000000
0.1165333333
0.1075733333
0.1098666667
0.1111466667
0.1098666667
0.1083733333
0.1103466667
0.1087466667
0.1041600000
0.1012266667
0.1061333333
0.0981333333
0.0913066667
0.0948800000
0.0869333333
0.0955200000
0.0857600000
0.0811200000
0.0830933333
0.0764266667
0.0660800000
0.0668800000
0.0653333333
0.0637333333
0.0666666667
0.0730133333
0.0673600000
0.0674666667
0.0637333333
0.0667200000
0.0629333333
0.0558933333
0.0476053333
0.0511893333
0.0553600000
0.0454933333
0.0474453333
0.0453280000
0.0450026667
0.0415040000
0.0416640000
0.0358453333
0.0376800000
0.0354400000
0.0298240000
0.0310080000
0.0306826667
0.0291733333
0.0251893333
0.0188213333
0.0244960000
0.0220960000
0.0173973333
0.0180853333
0.0180480000
0.0181866667
0.0125706667
0.0137120000
0.0153386667
0.0124906667
0.0138560000
0.0124693333
0.0133653333
0.0144640000
0.0162560000
0.0129013333
0.0118186667
0.0134506667
0.0131200000
0.0121066667
0.0118400000
0.0111893333
0.0095626667
0.0112533333
0.0133866667
0.0098666667
0.0090933333
0.0105386667
0.0091733333
0.0106400000
0.0091946667
0.0097333333
0.0092960000
0.0103573333
0.0087360000
0.0085333333
0.0094986667
0.0073973333
0.0096960000
0.0080746667
0.0069760000
0.0088480000
0.0082293333
0.0071200000
0.0067520000
0.0058400000
0.0010480000
0.0007525333
0.0023141333
0.0027973333
0.0060853333
0.0085226667
0.0082613333
0.0085333333
0.0090346667
0.0055360000
0.0062346667
0.0076586667
0.0074346667
0.0096640000
0.0076800000
0.0087466667
0.0071413333
0.0083413333
0.0088106667
0.0101226667
0.0111466667
0.0100213333
0.0132266667
0.0132640000
0.0111466667
0.0120053333
0.0121440000
0.0123893333
0.0144640000
0.0125333333
0.0132053333
0.0131413333
0.0125706667
0.0145866667
0.0118613333
0.0138133333
0.0161760000
0.0124906667
0.0139360000
0.0154826667
0.0124533333
0.0147520000
0.0170506667
0.0186560000
0.0183733333
0.0221333333
0.0173333333
0.0201600000
0.0185333333
0.0229920000
0.0208746667
0.0225013333
0.0239253333
0.0300266667
0.0277920000
0.0255520000
0.0290933333
0.0250240000
0.0289280000
0.0291733333
0.0305973333
0.0310080000
0.0301920000
0.0300266667
0.0346666667
0.0336533333
0.0329173333
0.0341813333
0.0367413333
0.0383733333
0.0378026667
0.0371893333
0.0392640000
0.0338933333
0.0339360000
0.0364160000
0.0386986667
0.0387786667
0.0398773333
0.0351946667
0.0398346667
0.0360106667
0.0400373333
0.0391413333
0.0384106667
0.0365386667
0.0414240000
0.0412213333
0.0394720000
0.0435360000
0.0419093333
0.0413386667
0.0441920000
0.0437813333
0.0437013333
0.0474453333
0.0421546667
0.0424000000
0.0413013333
0.0476053333
0.0452480000
0.0452480000
0.0448426667
0.0000000100
0.0000000100
0.0000000100
0.0000000100
0.0000000100
0.0000000100
0.0000000100
0.0000000100
0.0000000100
0.0000000100
0.0000000100
0.0000000100
0.0000000100
0.0000000100
0.0000000100
0.0000000100
0.0000000100
0.0000000100
0.0000000100
0.0000000100
0.0000000100
0.0000000100
0.0000000100
0.0000000100
0.0000000100
0.0000000100
0.0000000100
0.0000000100
0.0000000100
0.0000000100
0.0000000100
0.0000000100
0.0000000100
0.0000000100
0.0000000100
0.0000000100
0.0000000100
0.0000000100
0.0000000100
0.0000000100
0.0000000100
0.0000000100
0.0000000100
0.0000000100
0.0000000100
0.0000000100
0.0000000100
0.0000000100
0.0000000100
0.0000000100
0.0000000100
0.0000000100
0.0000000100
0.0000000100
0.0000000100
0.0000000100
0.0000000100
0.0000000100
0.0000000100
0.0000000100
0.0000000100
0.0000000100
0.0000000100
0.0000000100
0.0000000100
0.0000000100
0.0000000100
0.0000000100
0.0000000100
0.0000000100
0.0000000100
0.0000000100
0.0000000100
0.0000000100
0.0000000100
0.0000000100
0.0000000100
0.0000000100
0.0000000100
0.0000000100
0.0000000100
0.0000000100
0.0000000100
0.0000000100
0.0000000100
0.0000000100
0.0000000100
0.0000000100
0.0000000100
0.0000000100
0.0000000100
0.0000000100
0.0000000100
0.0000000100
0.0000000100
0.0000000100
0.0000000100
0.0000000100
0.0000000100
0.0000000100
0.0000000100
0.0000000100
0.0000000100
0.0000000100
0.0000000100
0.0000000100
0.0000000100
0.0000000100
0.0000000100
0.0000000100
0.0000000100
0.0000000100
0.0000000100
0.0000000100
0.0000000100
0.0000000100
0.0000000100
0.0000000100
0.0000000100
0.0000000100
0.0000000100
0.0000000100
0.0000000100
0.0000000100
0.0000000100
0.0000000100
0.0000000100
0.0000000100
0.0000000100
0.0000000100
0.0000000100
0.0000000100
0.0000000100
0.0000000100
0.0000000100
0.0000000100
0.0000000100
0.0000000100
0.0000000100
0.0000000100
0.0000000100
0.0000000100
0.0000000100
0.0000000100
0.0000000100
0.0000000100
0.0000000100
0.0000000100
0.0000000100
0.0000000100
0.0000000100
0.0000000100
0.0000000100
0.0000000100
0.0000000100
0.0000000100
0.0000000100
0.0000000100
0.0000000100
0.0000000100
0.0000000100
0.0000000100
0.0000000100
0.0000000100
0.0000000100
0.0000000100
0.0000000100
0.0000000100
0.0000000100
0.0000000100
0.0000000100
0.0000000100
0.0000000100
0.0000000100
0.0000000100
0.0000000100
0.0000000100
0.0000000100
0.0000000100
0.0000000100
0.0000000100
0.0000000100
0.0000000100
0.0000000100
0.0000000100
0.0000000100
0.0000000100
0.0000000100
0.0000000100
0.0000000100
0.0000000100
0.0000000100
0.0000000100
0.0000000100
0.0000000100
0.0000000100
0.0000000100
0.0000000100
0.0000000100
0.0000000100
0.0000000100
0.0000000100
0.0000000100
0.0000000100
0.0000000100
0.0000000100
0.0000000100
0.0000000100
0.0000000100
0.0000000100
0.0000000100
0.0000000100
0.0000000100
0.0000000100
0.0000000100
0.0000000100
0.0000000100
0.0000000100
0.0000000100
0.0000000100
0.0000000100
0.0000000100
0.0000000100
0.0000000100
0.0000000100
0.0000000100
0.0000000100
0.0000000100
0.0000000100
0.0000000100
0.0000000100
0.0000000100
0.0000000100
0.0000000100
0.0000000100
0.0000000100
0.0000000100
0.0000000100
0.0000000100
0.0000000100
0.0000000100
0.0000000100
0.0000000100
0.0000000100
0.0000000100
0.0000000100
0.0000000100
0.0000000100
0.0000000100
0.0000000100
0.0000000100
0.0000000100
0.0000000100
0.0000000100
0.0000000100
0.0000000100
0.0000000100
0.0000000100
0.0000000100
0.0000000100
0.0000000100
0.0000000100
0.0000000100
0.0000000100
0.0000000100
0.0000000100
0.0000000100
0.0000000100
0.0000000100
0.0000000100
0.0000000100
0.0000000100
0.0000000100
0.0000000100
0.0000000100
0.0000000100
0.0000000100
0.0000000100
0.0000000100
0.0000000100
0.0000000100
0.0000000100
0.0000000100
0.0000000100
0.0000000100
0.0000000100
0.0000000100
0.0000000100
0.0000000100
0.0000000100
0.0000000100
0.0000000100
0.0000000100
0.0000000100
0.0000000100
0.0000000100
0.0000000100
0.0000000100
0.0000000100
0.0000000100
0.0000000100
0.0000000100
0.0000000100
0.0000000100
0.0000000100
0.0000000100
0.0000000100
0.0000000100
0.0000000100
0.0000000100
0.0000000100
0.0000000100
0.0000000100
0.0000000100
0.0000000100
0.0000000100
0.0000000100
0.0000000100
0.0000000100
0.0000000100
0.0000000100
0.0000000100
0.0000000100
0.0000000100
0.0000000100
0.0000000100
0.0000000100
0.0000000100
0.0000000100
0.0000000100
0.0000000100
0.0000000100
0.0000000100
0.0000000100
0.0000000100
0.0000000100
0.0000000100
0.0000000100
0.0000000100
0.0000000100
0.0000000100
0.0000000100
0.0000000100
0.0000000100
0.0000000100
0.0000000100
0.0000000100
0.0000000100
0.0000000100
0.0000000100
0.0000000100
0.0000000100
0.0000000100
0.0000000100
0.0000000100
0.0000000100
0.0000000100
0.0000000100
0.0000000100
0.0000000100
0.0000000100
0.0000000100
0.0000000100
0.0000000100
0.0000000100
0.0000000100
0.0000000100
0.0000000100
