0.1356671070
0.1479524439
0.1479524439
0.1414795244
0.1396961691
0.1274108322
0.1348745046
0.1318361955
0.1423381770
0.1439233818
0.1542272127
0.1453104359
0.1447159841
0.1376486129
0.1447159841
0.1383091149
0.1261558785
0.1374504624
0.1324306473
0.1400924703
0.1533685601
0.1391017173
0.1451122853
0.1457067371
0.1322324967
0.1272126816
0.1251651255
0.1425363276
0.1320343461
0.1310435931
0.1255614267
0.1197490092
0.1199471598
0.1276089828
0.1322324967
0.1163143989
0.1203434610
0.1102377807
0.1110964333
0.1149273448
0.1120871863
0.0987450462
0.0928005284
0.0937252312
0.0879128137
0.0853368560
0.0774108322
0.0778071334
0.0826287979
0.0743064729
0.0698150594
0.0608718626
0.0673051519
0.0569418758
0.0604689564
0.0628863937
0.0526089828
0.0562351387
0.0473712021
0.0492338177
0.0422258917
0.0350726552
0.0397622193
0.0298811096
0.0367833554
0.0359313078
0.0315455746
0.0252972259
0.0284214003
0.0264068692
0.0241611625
0.0255482166
0.0214927345
0.0219220608
0.0253698811
0.0228797886
0.0205350066
0.0201585205
0.0169286658
0.0185931308
0.0173117569
0.0167305152
0.0235601057
0.0202047556
0.0192272127
0.0188969617
0.0193989432
0.0194517834
0.0230779392
0.0177410832
0.0190488771
0.0179392338
0.0149933950
0.0181175694
0.0127476882
0.0152443857
0.0146895641
0.0154953765
0.0150924703
0.0134544254
0.0134544254
0.0150396301
0.0127741083
0.0114134742
0.0129986790
0.0150660502
0.0131241744
0.0142073976
0.0094583884
0.0091941876
0.0083619551
0.0119286658
0.0112879789
0.0130250991
0.0100660502
0.0094253633
0.0115653897
0.0095838838
0.0142073976
0.0108586526
0.0123447820
0.0111756935
0.0136327609
0.0117437252
0.0136789960
0.0163276090
0.0137318362
0.0135535007
0.0184940555
0.0139365918
0.0185468956
0.0201056803
0.0172853369
0.0159511229
0.0182166446
0.0187450462
0.0205878468
0.0229062087
0.0182892999
0.0188441215
0.0236856011
0.0223513871
0.0228269485
0.0266578600
0.0215653897
0.0193262880
0.0227741083
0.0284214003
0.0206869221
0.0285733157
0.0336591810
0.0271136063
0.0315455746
0.0353764861
0.0329590489
0.0358256275
0.0339167768
0.0355284016
0.0322523118
0.0409180978
0.0490290621
0.0709379128
0.0676354029
0.0745706737
0.0749669749
0.0700132100
0.0723910172
0.0766842801
0.0893659181
0.0822324967
0.0877807133
0.0887054161
0.0947159841
0.0910832232
0.0947159841
0.0998018494
0.1019154557
0.1076618230
0.1013210040
0.1015191546
0.1040290621
0.1056142668
0.1130779392
0.1153236460
0.1134742404
0.1074636724
0.1140686922
0.1120871863
0.1056142668
0.1084544254
0.1080581242
0.1072655218
0.1130779392
0.1253632761
0.1116908851
0.1161162483
0.1180977543
0.1186922061
0.1249669749
0.1299867900
0.1297886394
0.1257595773
0.1231836196
0.1213342140
0.1332232497
0.1261558785
0.1445178336
0.1420739762
0.1380449141
0.1431307794
0.1443196830
0.1396961691
0.1471598415
0.1537648613
0.1443196830
0.1604359313
0.1489431968
0.1507926024
0.1598414795
0.1540290621
0.1471598415
0.1537648613
0.1632760898
0.1293923382
0.1207397622
0.2322324967
0.4063408190
0.4256935271
0.4724570674
0.4700792602
0.3438573316
0.1638705416
0.1180977543
0.1299867900
0.1050198151
0.1060105680
0.0998018494
0.1102377807
0.1066050198
0.1173051519
0.1155217966
0.1090488771
0.1046235139
0.1068031704
0.1108322325
0.1008586526
0.1038309115
0.1068031704
0.1116908851
0.1046235139
0.1066050198
0.1124834875
0.1096433289
0.1092470277
0.1084544254
0.1163143989
0.1189564069
0.1102377807
0.1132760898
0.1155217966
0.1090488771
0.1114927345
0.1080581242
0.1031704095
0.1151254954
0.1146631440
0.1126816380
0.0958388375
0.1100396301
0.1140686922
0.1140686922
0.1161162483
0.1201453104
0.1178996037
0.1165125495
0.1159180978
0.1082562748
0.1100396301
0.1251651255
0.1223249670
0.1266182299
0.1320343461
0.1299867900
0.1297886394
0.1308454425
0.1276089828
0.1389035667
0.1370541612
0.1316380449
0.1314398943
0.1270145310
0.1278071334
0.1287978864
0.1346763540
0.1483487450
0.1435270806
0.1529722589
0.1632760898
0.1560105680
0.1517833554
0.1542272127
0.1447159841
0.1473579921
0.1571994716
0.1513870542
0.1416776750
0.1463672391
0.1507926024
0.1475561427
0.1443196830
0.1473579921
0.1291941876
0.1406869221
0.1389035667
0.1285997358
0.1257595773
0.1274108322
0.1098414795
0.1209379128
0.1297886394
0.1217305152
0.1098414795
0.1102377807
0.1034346103
0.0989431968
0.0933289300
0.1027741083
0.1082562748
0.1002642008
0.0872523118
0.0906208719
0.0887054161
0.0841479524
0.0904887715
0.0774108322
0.0719286658
0.0665125495
0.0676354029
0.0625891678
0.0643989432
0.0600660502
0.0612747688
0.0566380449
0.0525099075
0.0435402906
0.0448018494
0.0420805812
0.0347688243
0.0374438573
0.0360303831
0.0318494055
0.0304359313
0.0283685601
0.0226023778
0.0244385733
0.0188441215
0.0198546896
0.0197027741
0.0195046235
0.0205350066
0.0162747688
0.0179656539
0.0149405548
0.0163276090
0.0181175694
0.0175363276
0.0171598415
0.0191479524
0.0166578600
0.0178665786
0.0190752972
0.0175099075
0.0168295905
0.0157463672
0.0149669749
0.0141875826
0.0151453104
0.0187978864
0.0145640687
0.0140092470
0.0141611625
0.0121334214
0.0127476882
0.0144649934
0.0134280053
0.0137054161
0.0118956407
0.0085138705
0.0104689564
0.0114398943
0.0109247028
0.0128599736
0.0084676354
0.0084280053
0.0105548217
0.0116512550
0.0097159841
0.0097357992
0.0077608983
0.0009887715
0.0013355350
0.0036096433
0.0057192867
0.0121928666
0.0107727873
0.0104293263
0.0116512550
0.0113143989
0.0092206077
0.0081505945
0.0111096433
0.0117767503
0.0114002642
0.0129788639
0.0121070013
0.0128137384
0.0112879789
0.0120541612
0.0156737120
0.0137846764
0.0131241744
0.0175891678
0.0180911493
0.0158256275
0.0143857332
0.0160501982
0.0170343461
0.0191215324
0.0211624835
0.0209907530
0.0182430647
0.0194253633
0.0204623514
0.0196301189
0.0232298547
0.0307926024
0.0205350066
0.0249207398
0.0215455746
0.0241875826
0.0212153236
0.0247424042
0.0297820343
0.0303368560
0.0311426684
0.0293262880
0.0268097754
0.0288771466
0.0331571995
0.0334081902
0.0331571995
0.0302840159
0.0385997358
0.0391017173
0.0453038309
0.0411228534
0.0401651255
0.0452509908
0.0482760898
0.0454029062
0.0546235139
0.0500924703
0.0501915456
0.0592602378
0.0554293263
0.0480250991
0.0533157199
0.0569418758
0.0530118890
0.0508454425
0.0536195509
0.0478731836
0.0507463672
0.0518031704
0.0540224571
0.0514993395
0.0583553501
0.0548282695
0.0563408190
0.0580515192
0.0556340819
0.0674372523
0.0692206077
0.0651056803
0.0631902246
0.0631902246
0.0665125495
0.0687582563
0.0704755614
0.0649075297
0.0700132100
0.0757595773
0.0667107001
0.0648018494
0.0712681638
0.0770145310
0.0743064729
0.0755614267
0.0667107001
0.0751651255
0.0757595773
0.0766182299
0.0000000100
0.0000000100
0.0000000100
0.0000000100
0.0000000100
0.0000000100
0.0000000100
0.0000000100
0.0000000100
0.0000000100
0.0000000100
0.0000000100
0.0000000100
0.0000000100
0.0000000100
0.0000000100
0.0000000100
0.0000000100
0.0000000100
0.0000000100
0.0000000100
0.0000000100
0.0000000100
0.0000000100
0.0000000100
0.0000000100
0.0000000100
0.0000000100
0.0000000100
0.0000000100
0.0000000100
0.0000000100
0.0000000100
0.0000000100
0.0000000100
0.0000000100
0.0000000100
0.0000000100
0.0000000100
0.0000000100
0.0000000100
0.0000000100
0.0000000100
0.0000000100
0.0000000100
0.0000000100
0.0000000100
0.0000000100
0.0000000100
0.0000000100
0.0000000100
0.0000000100
0.0000000100
0.0000000100
0.0000000100
0.0000000100
0.0000000100
0.0000000100
0.0000000100
0.0000000100
0.0000000100
0.0000000100
0.0000000100
0.0000000100
0.0000000100
0.0000000100
0.0000000100
0.0000000100
0.0000000100
0.0000000100
0.0000000100
0.0000000100
0.0000000100
0.0000000100
0.0000000100
0.0000000100
0.0000000100
0.0000000100
0.0000000100
0.0000000100
0.0000000100
0.0000000100
0.0000000100
0.0000000100
0.0000000100
0.0000000100
0.0000000100
0.0000000100
0.0000000100
0.0000000100
0.0000000100
0.0000000100
0.0000000100
0.0000000100
0.0000000100
0.0000000100
0.0000000100
0.0000000100
0.0000000100
0.0000000100
0.0000000100
0.0000000100
0.0000000100
0.0000000100
0.0000000100
0.0000000100
0.0000000100
0.0000000100
0.0000000100
0.0000000100
0.0000000100
0.0000000100
0.0000000100
0.0000000100
0.0000000100
0.0000000100
0.0000000100
0.0000000100
0.0000000100
0.0000000100
0.0000000100
0.0000000100
0.0000000100
0.0000000100
0.0000000100
0.0000000100
0.0000000100
0.0000000100
0.0000000100
0.0000000100
0.0000000100
0.0000000100
0.0000000100
0.0000000100
0.0000000100
0.0000000100
0.0000000100
0.0000000100
0.0000000100
0.0000000100
0.0000000100
0.0000000100
0.0000000100
0.0000000100
0.0000000100
0.0000000100
0.0000000100
0.0000000100
0.0000000100
0.0000000100
0.0000000100
0.0000000100
0.0000000100
0.0000000100
0.0000000100
0.0000000100
0.0000000100
0.0000000100
0.0000000100
0.0000000100
0.0000000100
0.0000000100
0.0000000100
0.0000000100
0.0000000100
0.0000000100
0.0000000100
0.0000000100
0.0000000100
0.0000000100
0.0000000100
0.0000000100
0.0000000100
0.0000000100
0.0000000100
0.0000000100
0.0000000100
0.0000000100
0.0000000100
0.0000000100
0.0000000100
0.0000000100
0.0000000100
0.0000000100
0.0000000100
0.0000000100
0.0000000100
0.0000000100
0.0000000100
0.0000000100
0.0000000100
0.0000000100
0.0000000100
0.0000000100
0.0000000100
0.0000000100
0.0000000100
0.0000000100
0.0000000100
0.0000000100
0.0000000100
0.0000000100
0.0000000100
0.0000000100
0.0000000100
0.0000000100
0.0000000100
0.0000000100
0.0000000100
0.0000000100
0.0000000100
0.0000000100
0.0000000100
0.0000000100
0.0000000100
0.0000000100
0.0000000100
0.0000000100
0.0000000100
0.0000000100
0.0000000100
0.0000000100
0.0000000100
0.0000000100
0.0000000100
0.0000000100
0.0000000100
0.0000000100
0.0000000100
0.0000000100
0.0000000100
0.0000000100
0.0000000100
0.0000000100
0.0000000100
0.0000000100
0.0000000100
0.0000000100
0.0000000100
0.0000000100
0.0000000100
0.0000000100
0.0000000100
0.0000000100
0.0000000100
0.0000000100
0.0000000100
0.0000000100
0.0000000100
0.0000000100
0.0000000100
0.0000000100
0.0000000100
0.0000000100
0.0000000100
0.0000000100
0.0000000100
0.0000000100
0.0000000100
0.0000000100
0.0000000100
0.0000000100
0.0000000100
0.0000000100
0.0000000100
0.0000000100
0.0000000100
0.0000000100
0.0000000100
0.0000000100
0.0000000100
0.0000000100
0.0000000100
0.0000000100
0.0000000100
0.0000000100
0.0000000100
0.0000000100
0.0000000100
0.0000000100
0.0000000100
0.0000000100
0.0000000100
0.0000000100
0.0000000100
0.0000000100
0.0000000100
0.0000000100
0.0000000100
0.0000000100
0.0000000100
0.0000000100
0.0000000100
0.0000000100
0.0000000100
0.0000000100
0.0000000100
0.0000000100
0.0000000100
0.0000000100
0.0000000100
0.0000000100
0.0000000100
0.0000000100
0.0000000100
0.0000000100
0.0000000100
0.0000000100
0.0000000100
0.0000000100
0.0000000100
0.0000000100
0.0000000100
0.0000000100
0.0000000100
0.0000000100
0.0000000100
0.0000000100
0.0000000100
0.0000000100
0.0000000100
0.0000000100
0.0000000100
0.0000000100
0.0000000100
0.0000000100
0.0000000100
0.0000000100
0.0000000100
0.0000000100
0.0000000100
0.0000000100
0.0000000100
0.0000000100
0.0000000100
0.0000000100
0.0000000100
0.0000000100
0.0000000100
0.0000000100
0.0000000100
0.0000000100
0.0000000100
0.0000000100
0.0000000100
0.0000000100
0.0000000100
0.0000000100
0.0000000100
0.0000000100
0.0000000100
0.0000000100
0.0000000100
0.0000000100
0.0000000100
0.0000000100
0.0000000100
0.0000000100
0.0000000100
0.0000000100
0.0000000100
0.0000000100
0.0000000100
0.0000000100
0.0000000100
0.0000000100
0.0000000100
0.0000000100
