0.6288000000
0.6563200000
0.5907200000
0.6249600000
0.6016000000
0.6377600000
0.6592000000
0.6816000000
0.6339200000
0.7168000000
0.7286400000
0.6915200000
0.7411200000
0.7625600000
0.6982400000
0.6563200000
0.6688000000
0.6502400000
0.6435200000
0.6905600000
0.6777600000
0.7020800000
0.6553600000
0.6883200000
0.7296000000
0.6777600000
0.6611200000
0.6611200000
0.6230400000
0.6620800000
0.6473600000
0.6630400000
0.6016000000
0.6464000000
0.6406400000
0.6307200000
0.6288000000
0.6230400000
0.6515200000
0.6377600000
0.6601600000
0.6816000000
0.6972800000
0.6649600000
0.6502400000
0.6297600000
0.5897600000
0.5878400000
0.6211200000
0.5977600000
0.5740800000
0.6134400000
0.5488000000
0.5430400000
0.5196800000
0.5497600000
0.5635200000
0.5516800000
0.5225600000
0.5459200000
0.5820800000
0.5587200000
0.5360000000
0.5830400000
0.5692800000
0.5740800000
0.5830400000
0.5868800000
0.4995200000
0.5283200000
0.5107200000
0.5369600000
0.5811200000
0.5392000000
0.5097600000
0.5382400000
0.5088000000
0.5126400000
0.5040000000
0.4979200000
0.4937600000
0.4864000000
0.4809600000
0.4892800000
0.5273600000
0.4864000000
0.4793600000
0.5020800000
0.4864000000
0.4691200000
0.4960000000
0.4745600000
0.4732800000
0.4928000000
0.4556800000
0.4700800000
0.4745600000
0.4828800000
0.4800000000
0.4835200000
0.4400000000
0.4598400000
0.4454400000
0.4700800000
0.4454400000
0.4521600000
0.4502400000
0.4883200000
0.4886400000
0.4662400000
0.4243200000
0.4300800000
0.4310400000
0.4272000000
0.4521600000
0.4073600000
0.4076800000
0.4336000000
0.4150400000
0.4268800000
0.4755200000
0.4598400000
0.4380800000
0.4617600000
0.4556800000
0.4604800000
0.4604800000
0.4432000000
0.4742400000
0.4940800000
0.4848000000
0.4771200000
0.4784000000
0.4473600000
0.4412800000
0.4473600000
0.4598400000
0.4448000000
0.4454400000
0.4643200000
0.4979200000
0.5164800000
0.4780800000
0.4864000000
0.5254400000
0.5225600000
0.4864000000
0.4940800000
0.5049600000
0.5225600000
0.5235200000
0.5321600000
0.5107200000
0.5350400000
0.5264000000
0.5750400000
0.6220800000
0.5801600000
0.5849600000
0.6163200000
0.5702400000
0.6406400000
0.6406400000
0.6659200000
0.5958400000
0.6387200000
0.6220800000
0.6464000000
0.6924800000
0.7120000000
0.6572800000
0.6700800000
0.6515200000
0.6934400000
0.6825600000
0.6992000000
0.6992000000
0.7059200000
0.7148800000
0.7616000000
0.7782400000
0.7596800000
0.7315200000
0.7472000000
0.7068800000
0.7548800000
0.7430400000
0.7763200000
0.7820800000
0.7811200000
0.7225600000
0.7491200000
0.7491200000
0.7276800000
0.7187200000
0.7616000000
0.7587200000
0.7852800000
0.7334400000
0.7929600000
0.7286400000
0.8124800000
0.7500800000
0.7420800000
0.7440000000
0.7920000000
0.7177600000
0.7491200000
0.7587200000
0.7910400000
0.7996800000
0.7548800000
0.7401600000
0.7254400000
0.7100800000
0.7500800000
0.7481600000
0.7363200000
0.7225600000
0.7334400000
0.7430400000
0.7539200000
0.7382400000
0.7129600000
0.7148800000
0.7411200000
0.7296000000
0.7596800000
0.7657600000
0.7401600000
0.6915200000
0.7296000000
0.7372800000
0.7833600000
0.7286400000
0.7520000000
0.7177600000
0.7648000000
0.7382400000
0.7782400000
0.7596800000
0.7625600000
0.7491200000
0.7392000000
0.7596800000
0.7686400000
0.7168000000
0.7843200000
0.7305600000
0.7539200000
0.6748800000
0.7059200000
0.7481600000
0.7939200000
0.7811200000
0.7872000000
0.8028800000
0.8624000000
0.7939200000
0.7987200000
0.8067200000
0.8720000000
0.8006400000
0.8048000000
0.8028800000
0.7568000000
0.7254400000
0.7734400000
0.7305600000
0.7715200000
0.7724800000
0.7686400000
0.7372800000
0.7753600000
0.7696000000
0.6668800000
0.6134400000
0.6473600000
0.6134400000
0.6435200000
0.6025600000
0.6172800000
0.6134400000
0.5977600000
0.5830400000
0.6348800000
0.6172800000
0.6268800000
0.6425600000
0.6854400000
0.6211200000
0.6553600000
0.6230400000
0.6796800000
0.6563200000
0.6592000000
0.6720000000
0.6592000000
0.5948800000
0.6339200000
0.6444800000
0.6416000000
0.6064000000
0.6406400000
0.6348800000
0.6268800000
0.6192000000
0.6249600000
0.6025600000
0.6515200000
0.6387200000
0.6582400000
0.6678400000
0.6915200000
0.7001600000
0.6377600000
0.6387200000
0.6524800000
0.6387200000
0.6339200000
0.6220800000
0.6259200000
0.6134400000
0.6259200000
0.6883200000
0.6768000000
0.6534400000
0.6524800000
0.6307200000
0.6435200000
0.6153600000
0.5840000000
0.5587200000
0.5782400000
0.5459200000
0.5411200000
0.5292800000
0.5244800000
0.5273600000
0.5654400000
0.5312000000
0.5616000000
0.5459200000
0.5244800000
0.5555200000
0.6153600000
0.5145600000
0.5155200000
0.4940800000
0.4912000000
0.4960000000
0.4371200000
0.4515200000
0.4464000000
0.5155200000
0.4761600000
0.4476800000
0.4598400000
0.4531200000
0.4524800000
0.4774400000
0.4876800000
0.4867200000
0.4710400000
0.4633600000
0.4569600000
0.4793600000
0.4617600000
0.4633600000
0.4764800000
0.4745600000
0.4784000000
0.4825600000
0.4790400000
0.4598400000
0.4617600000
0.4710400000
0.4547200000
0.4585600000
0.4291200000
0.4454400000
0.4790400000
0.4688000000
0.4438400000
0.4857600000
0.4579200000
0.4233600000
0.4310400000
0.4355200000
0.4384000000
0.4384000000
0.4249600000
0.3993600000
0.4057600000
0.4262400000
0.4217600000
0.4243200000
0.4454400000
0.4003200000
0.4281600000
0.4361600000
0.4409600000
0.4371200000
0.4291200000
0.4086400000
0.3916800000
0.3824000000
0.3971200000
0.4361600000
0.4019200000
0.3990400000
0.4086400000
0.3980800000
0.4176000000
0.4233600000
0.4169600000
0.4003200000
0.4204800000
0.4345600000
0.4092800000
0.3984000000
0.4038400000
0.4224000000
0.4380800000
0.4320000000
0.4496000000
0.4380800000
0.4707200000
0.4316800000
0.4448000000
0.4681600000
0.4784000000
0.4652800000
0.4483200000
0.4524800000
0.4668800000
0.4496000000
0.4643200000
0.4764800000
0.4896000000
0.4764800000
0.4988800000
0.5030400000
0.5011200000
0.5254400000
0.5145600000
0.4931200000
0.4995200000
0.4940800000
0.4979200000
0.5107200000
0.5254400000
0.5068800000
0.5273600000
0.5206400000
0.5225600000
0.5369600000
0.5331200000
0.5184000000
0.5392000000
0.5507200000
0.5664000000
0.5888000000
0.5801600000
0.5654400000
0.5916800000
0.5811200000
0.5878400000
0.5948800000
0.6092800000
0.5792000000
0.5897600000
0.5792000000
0.5792000000
0.5849600000
0.6134400000
0.5840000000
0.6006400000
0.6016000000
0.6425600000
0.6601600000
0.6524800000
0.6729600000
0.6944000000
0.6601600000
0.6611200000
0.6553600000
0.6972800000
0.6748800000
0.7139200000
0.6720000000
0.7577600000
0.7420800000
0.6777600000
0.6387200000
0.6649600000
0.6700800000
0.6688000000
0.6611200000
0.6787200000
0.6377600000
0.7353600000
0.0000000100
0.0000000100
0.0000000100
0.0000000100
0.0000000100
0.0000000100
0.0000000100
0.0000000100
0.0000000100
0.0000000100
0.0000000100
0.0000000100
0.0000000100
0.0000000100
0.0000000100
0.0000000100
0.0000000100
0.0000000100
0.0000000100
0.0000000100
0.0000000100
0.0000000100
0.0000000100
0.0000000100
0.0000000100
0.0000000100
0.0000000100
0.0000000100
0.0000000100
0.0000000100
0.0000000100
0.0000000100
0.0000000100
0.0000000100
0.0000000100
0.0000000100
0.0000000100
0.0000000100
0.0000000100
0.0000000100
0.0000000100
0.0000000100
0.0000000100
0.0000000100
0.0000000100
0.0000000100
0.0000000100
0.0000000100
0.0000000100
0.0000000100
0.0000000100
0.0000000100
0.0000000100
0.0000000100
0.0000000100
0.0000000100
0.0000000100
0.0000000100
0.0000000100
0.0000000100
0.0000000100
0.0000000100
0.0000000100
0.0000000100
0.0000000100
0.0000000100
0.0000000100
0.0000000100
0.0000000100
0.0000000100
0.0000000100
0.0000000100
0.0000000100
0.0000000100
0.0000000100
0.0000000100
0.0000000100
0.0000000100
0.0000000100
0.0000000100
0.0000000100
0.0000000100
0.0000000100
0.0000000100
0.0000000100
0.0000000100
0.0000000100
0.0000000100
0.0000000100
0.0000000100
0.0000000100
0.0000000100
0.0000000100
0.0000000100
0.0000000100
0.0000000100
0.0000000100
0.0000000100
0.0000000100
0.0000000100
0.0000000100
0.0000000100
0.0000000100
0.0000000100
0.0000000100
0.0000000100
0.0000000100
0.0000000100
0.0000000100
0.0000000100
0.0000000100
0.0000000100
0.0000000100
0.0000000100
0.0000000100
0.0000000100
0.0000000100
0.0000000100
0.0000000100
0.0000000100
0.0000000100
0.0000000100
0.0000000100
0.0000000100
0.0000000100
0.0000000100
0.0000000100
0.0000000100
0.0000000100
0.0000000100
0.0000000100
0.0000000100
0.0000000100
0.0000000100
0.0000000100
0.0000000100
0.0000000100
0.0000000100
0.0000000100
0.0000000100
0.0000000100
0.0000000100
0.0000000100
0.0000000100
0.0000000100
0.0000000100
0.0000000100
0.0000000100
0.0000000100
0.0000000100
0.0000000100
0.0000000100
0.0000000100
0.0000000100
0.0000000100
0.0000000100
0.0000000100
0.0000000100
0.0000000100
0.0000000100
0.0000000100
0.0000000100
0.0000000100
0.0000000100
0.0000000100
0.0000000100
0.0000000100
0.0000000100
0.0000000100
0.0000000100
0.0000000100
0.0000000100
0.0000000100
0.0000000100
0.0000000100
0.0000000100
0.0000000100
0.0000000100
0.0000000100
0.0000000100
0.0000000100
0.0000000100
0.0000000100
0.0000000100
0.0000000100
0.0000000100
0.0000000100
0.0000000100
0.0000000100
0.0000000100
0.0000000100
0.0000000100
0.0000000100
0.0000000100
0.0000000100
0.0000000100
0.0000000100
0.0000000100
0.0000000100
0.0000000100
0.0000000100
0.0000000100
0.0000000100
0.0000000100
0.0000000100
0.0000000100
0.0000000100
0.0000000100
0.0000000100
0.0000000100
0.0000000100
0.0000000100
0.0000000100
0.0000000100
0.0000000100
0.0000000100
0.0000000100
0.0000000100
0.0000000100
0.0000000100
0.0000000100
0.0000000100
0.0000000100
0.0000000100
0.0000000100
0.0000000100
0.0000000100
0.0000000100
0.0000000100
0.0000000100
0.0000000100
0.0000000100
0.0000000100
0.0000000100
0.0000000100
0.0000000100
0.0000000100
0.0000000100
0.0000000100
0.0000000100
0.0000000100
0.0000000100
0.0000000100
0.0000000100
0.0000000100
0.0000000100
0.0000000100
0.0000000100
0.0000000100
0.0000000100
0.0000000100
0.0000000100
0.0000000100
0.0000000100
0.0000000100
0.0000000100
0.0000000100
0.0000000100
0.0000000100
0.0000000100
0.0000000100
0.0000000100
0.0000000100
0.0000000100
0.0000000100
0.0000000100
0.0000000100
0.0000000100
0.0000000100
0.0000000100
0.0000000100
0.0000000100
0.0000000100
0.0000000100
0.0000000100
0.0000000100
0.0000000100
0.0000000100
0.0000000100
0.0000000100
0.0000000100
0.0000000100
0.0000000100
0.0000000100
0.0000000100
0.0000000100
0.0000000100
0.0000000100
0.0000000100
0.0000000100
0.0000000100
0.0000000100
0.0000000100
0.0000000100
0.0000000100
0.0000000100
0.0000000100
0.0000000100
0.0000000100
0.0000000100
0.0000000100
0.0000000100
0.0000000100
0.0000000100
0.0000000100
0.0000000100
0.0000000100
0.0000000100
0.0000000100
0.0000000100
0.0000000100
0.0000000100
0.0000000100
0.0000000100
0.0000000100
0.0000000100
0.0000000100
0.0000000100
0.0000000100
0.0000000100
0.0000000100
0.0000000100
0.0000000100
0.0000000100
0.0000000100
0.0000000100
0.0000000100
0.0000000100
0.0000000100
0.0000000100
0.0000000100
0.0000000100
0.0000000100
0.0000000100
0.0000000100
0.0000000100
0.0000000100
0.0000000100
0.0000000100
0.0000000100
0.0000000100
0.0000000100
0.0000000100
0.0000000100
0.0000000100
0.0000000100
0.0000000100
0.0000000100
0.0000000100
0.0000000100
0.0000000100
0.0000000100
0.0000000100
0.0000000100
0.0000000100
0.0000000100
0.0000000100
0.0000000100
0.0000000100
0.0000000100
0.0000000100
0.0000000100
0.0000000100
0.0000000100
0.0000000100
0.0000000100
0.0000000100
0.0000000100
