0.2235327314
0.2032167043
0.2273137698
0.2101015801
0.1787810384
0.1678893905
0.2097629797
0.1925507901
0.2015237020
0.1918735892
0.1808126411
0.1489841986
0.1494920993
0.1601580135
0.1630925508
0.1673814898
0.1463882619
0.1213882619
0.1321106095
0.1255643341
0.1344808126
0.1207110609
0.1383182844
0.1403498871
0.1355530474
0.1388261851
0.1584650113
0.1648419865
0.1448645598
0.1286681716
0.1427765237
0.1691309255
0.2238713318
0.3340857788
0.3788939052
0.4388261851
0.3940180587
0.4553611738
0.4071106095
0.4216139955
0.4581264108
0.4195259594
0.4339729120
0.4085214447
0.3782167043
0.3961060948
0.4236455982
0.4181715576
0.4305304740
0.4284988713
0.4388261851
0.4023137698
0.4332957111
0.3947516930
0.4202031603
0.4270880361
0.4071106095
0.3995485327
0.4422686230
0.4760158014
0.4843115124
0.3086343115
0.4670428894
0.4911963883
0.4698081264
0.4525959368
0.4229683973
0.4112866817
0.4264108352
0.3892212190
0.4002257336
0.3905756208
0.3795711061
0.3926636569
0.3961060948
0.4270880361
0.4181715576
0.4222911964
0.3981941309
0.3678893905
0.3878668172
0.3885440181
0.3575056433
0.3637133183
0.2152934537
0.3379232506
0.3317155756
0.2962189616
0.3988713318
0.4298532731
0.4133182844
0.3761286682
0.3809255079
0.3506207675
0.3351580135
0.3396162528
0.3561512415
0.3740406321
0.3857787810
0.3726862302
0.3637133183
0.4029909707
0.3830135440
0.3844243792
0.3540632054
0.4002257336
0.3788939052
0.3575056433
0.3568284424
0.3479119639
0.3774830700
0.3671557562
0.3533860045
0.3685665914
0.4044018059
0.3981941309
0.4174379233
0.4291760722
0.3733634312
0.3651241535
0.3816591422
0.3967832957
0.3527088036
0.3733634312
0.4477990971
0.4167607223
0.4856659142
0.3892212190
0.3940180587
0.3857787810
0.3609480813
0.3947516930
0.3919864560
0.4085214447
0.3540632054
0.3561512415
0.3533860045
0.3713318284
0.3733634312
0.3523702032
0.3306433409
0.3399548533
0.3337471783
0.3227426637
0.3568284424
0.3292889391
0.3461625282
0.3720090293
0.3110045147
0.3175507901
0.3213882619
0.2772573363
0.2979683973
0.3371896163
0.3199774266
0.3106659142
0.3361738149
0.3413656885
0.3651241535
0.2972347630
0.2872460497
0.2655756208
0.2690180587
0.2945259594
0.3354966140
0.3230812641
0.2806997743
0.3440744921
0.3289503386
0.2962189616
0.2745485327
0.2824492099
0.3527088036
0.3320541761
0.3289503386
0.3651241535
0.3851015801
0.3864559819
0.4091986456
0.4415914221
0.4208803612
0.4133182844
0.4064334086
0.3961060948
0.4057562077
0.3892212190
0.3740406321
0.3967832957
0.4085214447
0.3961060948
0.4264108352
0.4298532731
0.4415914221
0.4450338600
0.4160835214
0.4436230248
0.4278216704
0.4463882619
0.4581264108
0.4712189616
0.4946388262
0.4870203160
0.4863431151
0.4891083521
0.4629232506
0.4353837472
0.4532731377
0.4312641084
0.4353837472
0.4374153499
0.4064334086
0.5366252822
0.5104401806
0.4698081264
0.5366252822
0.4546839729
0.4980812641
0.4367381490
0.4856659142
0.4987584650
0.4829006772
0.4801354402
0.4188487585
0.4512415350
0.4236455982
0.4525959368
0.4815462754
0.4525959368
0.4594808126
0.4994356659
0.4732505643
0.4918735892
0.4953160271
0.4843115124
0.4732505643
0.4712189616
0.5132054176
0.4670428894
0.4712189616
0.4525959368
0.4353837472
0.4264108352
0.4050790068
0.4044018059
0.4305304740
0.4091986456
0.4270880361
0.4195259594
0.3589164786
0.3720090293
0.3947516930
0.3844243792
0.3795711061
0.4257336343
0.4174379233
0.4147291196
0.4112866817
0.4291760722
0.4270880361
0.4112866817
0.4174379233
0.3417042889
0.4147291196
0.3809255079
0.4091986456
0.3595936795
0.3823363431
0.3974604966
0.3795711061
0.4147291196
0.4229683973
0.4305304740
0.4126410835
0.4573927765
0.3747742664
0.4119638826
0.3947516930
0.3623589165
0.3788939052
0.4071106095
0.3809255079
0.3961060948
0.3961060948
0.3782167043
0.3782167043
0.3699209932
0.3733634312
0.3623589165
0.3664785553
0.4126410835
0.4071106095
0.4208803612
0.3995485327
0.3692437923
0.4085214447
0.4243792325
0.4415914221
0.4677765237
0.4195259594
0.3871331828
0.3795711061
0.4222911964
0.3754514673
0.3905756208
0.4147291196
0.3885440181
0.3733634312
0.3423814898
0.3306433409
0.3637133183
0.3851015801
0.3575056433
0.3317155756
0.3127539503
0.2848758465
0.3386004515
0.3313769752
0.2865688488
0.2775959368
0.2349322799
0.2634875847
0.2814334086
0.3006772009
0.2476297968
0.2710496614
0.2862302483
0.2487020316
0.2528216704
0.2755643341
0.2655756208
0.3103273138
0.2566027088
0.2503950339
0.2393905192
0.2163092551
0.3179458239
0.3303047404
0.3967832957
0.3885440181
0.3272009029
0.3048532731
0.3068848758
0.3193002257
0.2917607223
0.2617945824
0.2817720090
0.2421557562
0.3014108352
0.3089729120
0.2803611738
0.2597065463
0.2393905192
0.3802483070
0.4009029345
0.3509593679
0.2924379233
0.3117381490
0.3451467269
0.2834650113
0.3106659142
0.3224040632
0.3224040632
0.3041196388
0.3317155756
0.3468397291
0.3220654628
0.3045146727
0.3017494357
0.3068848758
0.2845372460
0.3630361174
0.3227426637
0.3286117381
0.2862302483
0.2590293454
0.2472911964
0.2335214447
0.2335214447
0.2307562077
0.2221783296
0.2421557562
0.2445259594
0.2555869074
0.2480248307
0.2800225734
0.3272009029
0.3402934537
0.3244920993
0.3127539503
0.3165349887
0.3595936795
0.3609480813
0.3871331828
0.3237584650
0.3406320542
0.3506207675
0.3637133183
0.3086343115
0.3851015801
0.3575056433
0.3802483070
0.4181715576
0.4105530474
0.4160835214
0.4112866817
0.4002257336
0.3523702032
0.4078442438
0.4147291196
0.4567155756
0.4243792325
0.4167607223
0.3988713318
0.4105530474
0.4436230248
0.4477990971
0.4477990971
0.4663656885
0.4016365688
0.4044018059
0.4395033860
0.4202031603
0.3961060948
0.4023137698
0.3802483070
0.3540632054
0.3454853273
0.3433972912
0.4195259594
0.4167607223
0.4174379233
0.3933408578
0.3782167043
0.3705981941
0.4374153499
0.4691309255
0.5077313770
0.4712189616
0.4553611738
0.4477990971
0.4374153499
0.3678893905
0.3582392777
0.4236455982
0.3864559819
0.4147291196
0.3616817156
0.3485891648
0.3699209932
0.3851015801
0.3830135440
0.3423814898
0.3265237020
0.3533860045
0.3664785553
0.3664785553
0.4216139955
0.4712189616
0.5035553047
0.4870203160
0.4588036117
0.4023137698
0.4167607223
0.4677765237
0.4615688488
0.4870203160
0.4746613995
0.3451467269
0.4264108352
0.3561512415
0.4216139955
0.3967832957
0.3774830700
0.4044018059
0.4532731377
0.4546839729
0.4932279910
0.5125282167
0.4939051919
0.5215011287
0.5084085779
0.5104401806
0.4925507901
0.4843115124
0.5256207675
0.5001128668
0.4843115124
0.4415914221
0.3623589165
0.5297404063
0.5235327314
0.4829006772
0.4725733634
0.4911963883
0.4904627540
0.4608916479
0.4360609481
0.4016365688
0.4112866817
0.4050790068
0.4946388262
0.4057562077
0.0000000100
0.0000000100
0.0000000100
0.0000000100
0.0000000100
0.0000000100
0.0000000100
0.0000000100
0.0000000100
0.0000000100
0.0000000100
0.0000000100
0.0000000100
0.0000000100
0.0000000100
0.0000000100
0.0000000100
0.0000000100
0.0000000100
0.0000000100
0.0000000100
0.0000000100
0.0000000100
0.0000000100
0.0000000100
0.0000000100
0.0000000100
0.0000000100
0.0000000100
0.0000000100
0.0000000100
0.0000000100
0.0000000100
0.0000000100
0.0000000100
0.0000000100
0.0000000100
0.0000000100
0.0000000100
0.0000000100
0.0000000100
0.0000000100
0.0000000100
0.0000000100
0.0000000100
0.0000000100
0.0000000100
0.0000000100
0.0000000100
0.0000000100
0.0000000100
0.0000000100
0.0000000100
0.0000000100
0.0000000100
0.0000000100
0.0000000100
0.0000000100
0.0000000100
0.0000000100
0.0000000100
0.0000000100
0.0000000100
0.0000000100
0.0000000100
0.0000000100
0.0000000100
0.0000000100
0.0000000100
0.0000000100
0.0000000100
0.0000000100
0.0000000100
0.0000000100
0.0000000100
0.0000000100
0.0000000100
0.0000000100
0.0000000100
0.0000000100
0.0000000100
0.0000000100
0.0000000100
0.0000000100
0.0000000100
0.0000000100
0.0000000100
0.0000000100
0.0000000100
0.0000000100
0.0000000100
0.0000000100
0.0000000100
0.0000000100
0.0000000100
0.0000000100
0.0000000100
0.0000000100
0.0000000100
0.0000000100
0.0000000100
0.0000000100
0.0000000100
0.0000000100
0.0000000100
0.0000000100
0.0000000100
0.0000000100
0.0000000100
0.0000000100
0.0000000100
0.0000000100
0.0000000100
0.0000000100
0.0000000100
0.0000000100
0.0000000100
0.0000000100
0.0000000100
0.0000000100
0.0000000100
0.0000000100
0.0000000100
0.0000000100
0.0000000100
0.0000000100
0.0000000100
0.0000000100
0.0000000100
0.0000000100
0.0000000100
0.0000000100
0.0000000100
0.0000000100
0.0000000100
0.0000000100
0.0000000100
0.0000000100
0.0000000100
0.0000000100
0.0000000100
0.0000000100
0.0000000100
0.0000000100
0.0000000100
0.0000000100
0.0000000100
0.0000000100
0.0000000100
0.0000000100
0.0000000100
0.0000000100
0.0000000100
0.0000000100
0.0000000100
0.0000000100
0.0000000100
0.0000000100
0.0000000100
0.0000000100
0.0000000100
0.0000000100
0.0000000100
0.0000000100
0.0000000100
0.0000000100
0.0000000100
0.0000000100
0.0000000100
0.0000000100
0.0000000100
0.0000000100
0.0000000100
0.0000000100
0.0000000100
0.0000000100
0.0000000100
0.0000000100
0.0000000100
0.0000000100
0.0000000100
0.0000000100
0.0000000100
0.0000000100
0.0000000100
0.0000000100
0.0000000100
0.0000000100
0.0000000100
0.0000000100
0.0000000100
0.0000000100
0.0000000100
0.0000000100
0.0000000100
0.0000000100
0.0000000100
0.0000000100
0.0000000100
0.0000000100
0.0000000100
0.0000000100
0.0000000100
0.0000000100
0.0000000100
0.0000000100
0.0000000100
0.0000000100
0.0000000100
0.0000000100
0.0000000100
0.0000000100
0.0000000100
0.0000000100
0.0000000100
0.0000000100
0.0000000100
0.0000000100
0.0000000100
0.0000000100
0.0000000100
0.0000000100
0.0000000100
0.0000000100
0.0000000100
0.0000000100
0.0000000100
0.0000000100
0.0000000100
0.0000000100
0.0000000100
0.0000000100
0.0000000100
0.0000000100
0.0000000100
0.0000000100
0.0000000100
0.0000000100
0.0000000100
0.0000000100
0.0000000100
0.0000000100
0.0000000100
0.0000000100
0.0000000100
0.0000000100
0.0000000100
0.0000000100
0.0000000100
0.0000000100
0.0000000100
0.0000000100
0.0000000100
0.0000000100
0.0000000100
0.0000000100
0.0000000100
0.0000000100
0.0000000100
0.0000000100
0.0000000100
0.0000000100
0.0000000100
0.0000000100
0.0000000100
0.0000000100
0.0000000100
0.0000000100
0.0000000100
0.0000000100
0.0000000100
0.0000000100
0.0000000100
0.0000000100
0.0000000100
0.0000000100
0.0000000100
0.0000000100
0.0000000100
0.0000000100
0.0000000100
0.0000000100
0.0000000100
0.0000000100
0.0000000100
0.0000000100
0.0000000100
0.0000000100
0.0000000100
0.0000000100
0.0000000100
0.0000000100
0.0000000100
0.0000000100
0.0000000100
0.0000000100
0.0000000100
0.0000000100
0.0000000100
0.0000000100
0.0000000100
0.0000000100
0.0000000100
0.0000000100
0.0000000100
0.0000000100
0.0000000100
0.0000000100
0.0000000100
0.0000000100
0.0000000100
0.0000000100
0.0000000100
0.0000000100
0.0000000100
0.0000000100
0.0000000100
0.0000000100
0.0000000100
0.0000000100
0.0000000100
0.0000000100
0.0000000100
0.0000000100
0.0000000100
0.0000000100
0.0000000100
0.0000000100
0.0000000100
0.0000000100
0.0000000100
0.0000000100
0.0000000100
0.0000000100
0.0000000100
0.0000000100
0.0000000100
0.0000000100
0.0000000100
0.0000000100
0.0000000100
0.0000000100
0.0000000100
0.0000000100
0.0000000100
0.0000000100
0.0000000100
0.0000000100
0.0000000100
0.0000000100
0.0000000100
0.0000000100
0.0000000100
0.0000000100
0.0000000100
0.0000000100
0.0000000100
0.0000000100
0.0000000100
0.0000000100
0.0000000100
0.0000000100
0.0000000100
0.0000000100
0.0000000100
0.0000000100
0.0000000100
0.0000000100
