0.0856000000
0.0849600000
0.0830933333
0.0835200000
0.0829333333
0.0769600000
0.0812800000
0.0825066667
0.0783466667
0.0782933333
0.0877333333
0.0824533333
0.0790933333
0.0846400000
0.0809600000
0.0800000000
0.0774933333
0.0792533333
0.0829333333
0.0738133333
0.0828266667
0.0849600000
0.0826133333
0.0843200000
0.0804800000
0.0778133333
0.0787733333
0.0822933333
0.0789333333
0.0704000000
0.0672000000
0.0638933333
0.0644266667
0.0715200000
0.0720000000
0.0693333333
0.0659200000
0.0639466667
0.0594133333
0.0652800000
0.0593066667
0.0549333333
0.0528160000
0.0543466667
0.0520000000
0.0511093333
0.0443520000
0.0557333333
0.0494773333
0.0438613333
0.0424800000
0.0381653333
0.0375573333
0.0342186667
0.0308426667
0.0336533333
0.0306400000
0.0283200000
0.0304746667
0.0288906667
0.0262026667
0.0227466667
0.0271786667
0.0204480000
0.0211573333
0.0214453333
0.0203680000
0.0176213333
0.0205066667
0.0155040000
0.0183893333
0.0116800000
0.0133653333
0.0134880000
0.0127573333
0.0126773333
0.0114720000
0.0119040000
0.0101013333
0.0116800000
0.0122453333
0.0102933333
0.0107040000
0.0112533333
0.0103840000
0.0088000000
0.0098986667
0.0111306667
0.0129600000
0.0106613333
0.0102240000
0.0127946667
0.0088106667
0.0093386667
0.0073546667
0.0086186667
0.0098186667
0.0081173333
0.0071093333
0.0080160000
0.0070186667
0.0077013333
0.0089600000
0.0082080000
0.0073013333
0.0077706667
0.0086080000
0.0084640000
0.0070293333
0.0069066667
0.0047301333
0.0055253333
0.0067040000
0.0066026667
0.0083520000
0.0059200000
0.0064693333
0.0056053333
0.0094506667
0.0061333333
0.0064213333
0.0093386667
0.0077813333
0.0078240000
0.0113333333
0.0104373333
0.0082720000
0.0077600000
0.0083413333
0.0096320000
0.0124533333
0.0114133333
0.0100586667
0.0100906667
0.0111093333
0.0117173333
0.0120213333
0.0119840000
0.0139573333
0.0146293333
0.0165226667
0.0132426667
0.0137920000
0.0141173333
0.0120853333
0.0132426667
0.0171893333
0.0166826667
0.0143413333
0.0173760000
0.0191040000
0.0185760000
0.0199200000
0.0189386667
0.0189813333
0.0206080000
0.0208746667
0.0220160000
0.0225440000
0.0231946667
0.0296640000
0.0423200000
0.0443520000
0.0485013333
0.0461440000
0.0486666667
0.0495626667
0.0548266667
0.0521653333
0.0563200000
0.0561600000
0.0568000000
0.0592533333
0.0594666667
0.0595733333
0.0609600000
0.0668266667
0.0592533333
0.0630933333
0.0682666667
0.0673600000
0.0666666667
0.0718400000
0.0698133333
0.0701333333
0.0711466667
0.0681066667
0.0708800000
0.0693333333
0.0716800000
0.0733333333
0.0722666667
0.0733866667
0.0713600000
0.0705600000
0.0753600000
0.0713066667
0.0841600000
0.0793600000
0.0804800000
0.0809600000
0.0821333333
0.0812800000
0.0814400000
0.0821333333
0.0867733333
0.0905066667
0.0885333333
0.0929600000
0.0903466667
0.0963733333
0.0905066667
0.0958400000
0.1012266667
0.0936000000
0.1030400000
0.0948800000
0.0982933333
0.1109866667
0.1080533333
0.1083733333
0.1165333333
0.1072533333
0.0986133333
0.0986133333
0.1396266667
0.2425066667
0.2545600000
0.2646400000
0.2571733333
0.2298133333
0.1178133333
0.0841600000
0.0756800000
0.0754133333
0.0794133333
0.0699733333
0.0769066667
0.0787200000
0.0812266667
0.0756800000
0.0733866667
0.0769600000
0.0764800000
0.0795733333
0.0715200000
0.0688533333
0.0745600000
0.0808000000
0.0803200000
0.0748800000
0.0830933333
0.0765866667
0.0729066667
0.0738133333
0.0772266667
0.0809600000
0.0806400000
0.0738133333
0.0742933333
0.0809600000
0.0773866667
0.0810666667
0.0737066667
0.0770666667
0.0787733333
0.0758400000
0.0744000000
0.0836800000
0.0804800000
0.0875733333
0.0809600000
0.0846400000
0.0891733333
0.0823466667
0.0835200000
0.0826666667
0.0833066667
0.0872533333
0.0851200000
0.0807466667
0.0919466667
0.0917866667
0.0968533333
0.0940800000
0.0925866667
0.1035200000
0.1010666667
0.1005866667
0.1009066667
0.0971733333
0.0944000000
0.0925866667
0.1027200000
0.0987733333
0.1038400000
0.1025600000
0.1052800000
0.1095466667
0.1089066667
0.1062933333
0.1098666667
0.1101866667
0.1132800000
0.1095466667
0.1087466667
0.1041600000
0.1087466667
0.0993066667
0.1030400000
0.1077333333
0.1043200000
0.0979733333
0.1062933333
0.0900266667
0.0917866667
0.0843200000
0.0860800000
0.0877333333
0.0864000000
0.0874133333
0.0756266667
0.0764266667
0.0729066667
0.0671466667
0.0673066667
0.0697600000
0.0697600000
0.0693333333
0.0640533333
0.0634666667
0.0552533333
0.0592533333
0.0581866667
0.0553600000
0.0504533333
0.0473653333
0.0497226667
0.0441920000
0.0459786667
0.0436213333
0.0444320000
0.0419093333
0.0390240000
0.0382880000
0.0351573333
0.0303573333
0.0282773333
0.0310080000
0.0319840000
0.0249013333
0.0258773333
0.0237226667
0.0206506667
0.0201440000
0.0187573333
0.0160906667
0.0168853333
0.0175786667
0.0153386667
0.0121653333
0.0143413333
0.0123520000
0.0147680000
0.0134666667
0.0122293333
0.0122293333
0.0126933333
0.0118826667
0.0121866667
0.0134666667
0.0131413333
0.0111680000
0.0104053333
0.0094986667
0.0106186667
0.0108640000
0.0111466667
0.0094720000
0.0084320000
0.0105973333
0.0097333333
0.0097066667
0.0099893333
0.0081493333
0.0095946667
0.0085653333
0.0086560000
0.0087466667
0.0093386667
0.0087306667
0.0088800000
0.0076480000
0.0066240000
0.0076586667
0.0079626667
0.0075680000
0.0054826667
0.0061973333
0.0011242667
0.0006970667
0.0018768000
0.0025178667
0.0074880000
0.0100586667
0.0071626667
0.0076213333
0.0068373333
0.0069066667
0.0046896000
0.0076906667
0.0093600000
0.0065226667
0.0087573333
0.0070613333
0.0068373333
0.0071306667
0.0098666667
0.0101226667
0.0093493333
0.0087200000
0.0101920000
0.0120213333
0.0118613333
0.0119040000
0.0095626667
0.0121066667
0.0124906667
0.0129013333
0.0128373333
0.0136106667
0.0126346667
0.0129173333
0.0121280000
0.0130613333
0.0155413333
0.0108853333
0.0135306667
0.0138773333
0.0156053333
0.0164586667
0.0161760000
0.0175573333
0.0200586667
0.0203040000
0.0166400000
0.0180853333
0.0192853333
0.0194720000
0.0196106667
0.0209973333
0.0243733333
0.0247413333
0.0253920000
0.0248213333
0.0258773333
0.0277920000
0.0266506667
0.0294986667
0.0309653333
0.0343040000
0.0299466667
0.0348693333
0.0327573333
0.0343840000
0.0347093333
0.0364586667
0.0362933333
0.0384106667
0.0382506667
0.0359680000
0.0319413333
0.0341386667
0.0365013333
0.0366613333
0.0349920000
0.0362933333
0.0362560000
0.0395520000
0.0395893333
0.0330400000
0.0403626667
0.0386133333
0.0430506667
0.0437813333
0.0371893333
0.0415466667
0.0405280000
0.0397973333
0.0377173333
0.0426453333
0.0432106667
0.0412586667
0.0431306667
0.0439466667
0.0437013333
0.0458186667
0.0401600000
0.0493973333
0.0463040000
0.0460586667
0.0460586667
0.0000000100
0.0000000100
0.0000000100
0.0000000100
0.0000000100
0.0000000100
0.0000000100
0.0000000100
0.0000000100
0.0000000100
0.0000000100
0.0000000100
0.0000000100
0.0000000100
0.0000000100
0.0000000100
0.0000000100
0.0000000100
0.0000000100
0.0000000100
0.0000000100
0.0000000100
0.0000000100
0.0000000100
0.0000000100
0.0000000100
0.0000000100
0.0000000100
0.0000000100
0.0000000100
0.0000000100
0.0000000100
0.0000000100
0.0000000100
0.0000000100
0.0000000100
0.0000000100
0.0000000100
0.0000000100
0.0000000100
0.0000000100
0.0000000100
0.0000000100
0.0000000100
0.0000000100
0.0000000100
0.0000000100
0.0000000100
0.0000000100
0.0000000100
0.0000000100
0.0000000100
0.0000000100
0.0000000100
0.0000000100
0.0000000100
0.0000000100
0.0000000100
0.0000000100
0.0000000100
0.0000000100
0.0000000100
0.0000000100
0.0000000100
0.0000000100
0.0000000100
0.0000000100
0.0000000100
0.0000000100
0.0000000100
0.0000000100
0.0000000100
0.0000000100
0.0000000100
0.0000000100
0.0000000100
0.0000000100
0.0000000100
0.0000000100
0.0000000100
0.0000000100
0.0000000100
0.0000000100
0.0000000100
0.0000000100
0.0000000100
0.0000000100
0.0000000100
0.0000000100
0.0000000100
0.0000000100
0.0000000100
0.0000000100
0.0000000100
0.0000000100
0.0000000100
0.0000000100
0.0000000100
0.0000000100
0.0000000100
0.0000000100
0.0000000100
0.0000000100
0.0000000100
0.0000000100
0.0000000100
0.0000000100
0.0000000100
0.0000000100
0.0000000100
0.0000000100
0.0000000100
0.0000000100
0.0000000100
0.0000000100
0.0000000100
0.0000000100
0.0000000100
0.0000000100
0.0000000100
0.0000000100
0.0000000100
0.0000000100
0.0000000100
0.0000000100
0.0000000100
0.0000000100
0.0000000100
0.0000000100
0.0000000100
0.0000000100
0.0000000100
0.0000000100
0.0000000100
0.0000000100
0.0000000100
0.0000000100
0.0000000100
0.0000000100
0.0000000100
0.0000000100
0.0000000100
0.0000000100
0.0000000100
0.0000000100
0.0000000100
0.0000000100
0.0000000100
0.0000000100
0.0000000100
0.0000000100
0.0000000100
0.0000000100
0.0000000100
0.0000000100
0.0000000100
0.0000000100
0.0000000100
0.0000000100
0.0000000100
0.0000000100
0.0000000100
0.0000000100
0.0000000100
0.0000000100
0.0000000100
0.0000000100
0.0000000100
0.0000000100
0.0000000100
0.0000000100
0.0000000100
0.0000000100
0.0000000100
0.0000000100
0.0000000100
0.0000000100
0.0000000100
0.0000000100
0.0000000100
0.0000000100
0.0000000100
0.0000000100
0.0000000100
0.0000000100
0.0000000100
0.0000000100
0.0000000100
0.0000000100
0.0000000100
0.0000000100
0.0000000100
0.0000000100
0.0000000100
0.0000000100
0.0000000100
0.0000000100
0.0000000100
0.0000000100
0.0000000100
0.0000000100
0.0000000100
0.0000000100
0.0000000100
0.0000000100
0.0000000100
0.0000000100
0.0000000100
0.0000000100
0.0000000100
0.0000000100
0.0000000100
0.0000000100
0.0000000100
0.0000000100
0.0000000100
0.0000000100
0.0000000100
0.0000000100
0.0000000100
0.0000000100
0.0000000100
0.0000000100
0.0000000100
0.0000000100
0.0000000100
0.0000000100
0.0000000100
0.0000000100
0.0000000100
0.0000000100
0.0000000100
0.0000000100
0.0000000100
0.0000000100
0.0000000100
0.0000000100
0.0000000100
0.0000000100
0.0000000100
0.0000000100
0.0000000100
0.0000000100
0.0000000100
0.0000000100
0.0000000100
0.0000000100
0.0000000100
0.0000000100
0.0000000100
0.0000000100
0.0000000100
0.0000000100
0.0000000100
0.0000000100
0.0000000100
0.0000000100
0.0000000100
0.0000000100
0.0000000100
0.0000000100
0.0000000100
0.0000000100
0.0000000100
0.0000000100
0.0000000100
0.0000000100
0.0000000100
0.0000000100
0.0000000100
0.0000000100
0.0000000100
0.0000000100
0.0000000100
0.0000000100
0.0000000100
0.0000000100
0.0000000100
0.0000000100
0.0000000100
0.0000000100
0.0000000100
0.0000000100
0.0000000100
0.0000000100
0.0000000100
0.0000000100
0.0000000100
0.0000000100
0.0000000100
0.0000000100
0.0000000100
0.0000000100
0.0000000100
0.0000000100
0.0000000100
0.0000000100
0.0000000100
0.0000000100
0.0000000100
0.0000000100
0.0000000100
0.0000000100
0.0000000100
0.0000000100
0.0000000100
0.0000000100
0.0000000100
0.0000000100
0.0000000100
0.0000000100
0.0000000100
0.0000000100
0.0000000100
0.0000000100
0.0000000100
0.0000000100
0.0000000100
0.0000000100
0.0000000100
0.0000000100
0.0000000100
0.0000000100
0.0000000100
0.0000000100
0.0000000100
0.0000000100
0.0000000100
0.0000000100
0.0000000100
0.0000000100
0.0000000100
0.0000000100
0.0000000100
0.0000000100
0.0000000100
0.0000000100
0.0000000100
0.0000000100
0.0000000100
0.0000000100
0.0000000100
0.0000000100
0.0000000100
0.0000000100
0.0000000100
0.0000000100
0.0000000100
0.0000000100
0.0000000100
0.0000000100
0.0000000100
0.0000000100
0.0000000100
0.0000000100
0.0000000100
0.0000000100
0.0000000100
0.0000000100
0.0000000100
0.0000000100
0.0000000100
0.0000000100
0.0000000100
0.0000000100
0.0000000100
0.0000000100
0.0000000100
