1.0000000000
1.0000000000
1.0000000000
1.0000000000
1.0000000000
1.0000000000
1.0000000000
1.0000000000
1.0000000000
1.0000000000
1.0000000000
1.0000000000
1.0000000000
1.0000000000
1.0000000000
1.0000000000
1.0000000000
1.0000000000
1.0000000000
1.0000000000
1.0000000000
1.0000000000
1.0000000000
1.0000000000
1.0000000000
1.0000000000
1.0000000000
1.0000000000
1.0000000000
1.0000000000
1.0000000000
1.0000000000
1.0000000000
1.0000000000
1.0000000000
1.0000000000
1.0000000000
1.0000000000
1.0000000000
1.0000000000
1.0000000000
1.0000000000
1.0000000000
1.0000000000
1.0000000000
1.0000000000
1.0000000000
1.0000000000
1.0000000000
1.0000000000
1.0000000000
1.0000000000
1.0000000000
1.0000000000
1.0000000000
1.0000000000
1.0000000000
1.0000000000
1.0000000000
1.0000000000
1.0000000000
1.0000000000
1.0000000000
1.0000000000
1.0000000000
1.0000000000
1.0000000000
1.0000000000
0.9843937575
0.8867547019
0.8867547019
0.8683473389
0.8659463786
0.8511404562
0.8035214086
0.7803121248
0.7498999600
0.7683073229
0.7118847539
0.6594637855
0.6850740296
0.6742697079
0.6250500200
0.6510604242
0.5970388155
0.6118447379
0.6094437775
0.5442176871
0.5178071228
0.5338135254
0.5190076030
0.5734293717
0.5678271309
0.6314525810
0.6458583433
0.6398559424
0.6338535414
0.7422969188
0.6138455382
0.5562224890
0.5398159264
0.5918367347
0.5586234494
0.5146058423
0.5634253701
0.5170068027
0.6546618647
0.5514205682
0.5454181673
0.5326130452
0.5430172069
0.4865946379
0.4773909564
0.4761904762
0.4809923970
0.4865946379
0.5354141657
0.5030012005
0.5530212085
0.5586234494
0.5606242497
0.5002000800
0.5502200880
0.5562224890
0.5514205682
0.5942376951
0.6130452181
0.6934773910
0.7631052421
0.7631052421
0.7655062025
0.7791116447
0.7082833133
0.7190876351
0.7791116447
0.7474989996
0.7899159664
0.7927170868
0.7927170868
0.7791116447
0.8779511805
0.8071228491
0.8855542217
1.0000000000
0.9147659064
1.0000000000
0.9975990396
0.9819927971
1.0000000000
1.0000000000
1.0000000000
1.0000000000
1.0000000000
1.0000000000
1.0000000000
1.0000000000
1.0000000000
1.0000000000
1.0000000000
1.0000000000
1.0000000000
1.0000000000
1.0000000000
1.0000000000
1.0000000000
1.0000000000
1.0000000000
1.0000000000
1.0000000000
1.0000000000
1.0000000000
1.0000000000
1.0000000000
1.0000000000
1.0000000000
1.0000000000
1.0000000000
1.0000000000
1.0000000000
1.0000000000
1.0000000000
1.0000000000
1.0000000000
1.0000000000
1.0000000000
1.0000000000
1.0000000000
1.0000000000
1.0000000000
1.0000000000
1.0000000000
1.0000000000
1.0000000000
1.0000000000
1.0000000000
1.0000000000
1.0000000000
1.0000000000
1.0000000000
1.0000000000
1.0000000000
1.0000000000
1.0000000000
1.0000000000
1.0000000000
1.0000000000
1.0000000000
1.0000000000
1.0000000000
1.0000000000
1.0000000000
1.0000000000
1.0000000000
1.0000000000
1.0000000000
1.0000000000
1.0000000000
1.0000000000
1.0000000000
1.0000000000
1.0000000000
1.0000000000
1.0000000000
1.0000000000
1.0000000000
1.0000000000
1.0000000000
1.0000000000
1.0000000000
1.0000000000
1.0000000000
1.0000000000
1.0000000000
1.0000000000
1.0000000000
1.0000000000
1.0000000000
1.0000000000
1.0000000000
1.0000000000
1.0000000000
1.0000000000
1.0000000000
1.0000000000
1.0000000000
1.0000000000
1.0000000000
1.0000000000
1.0000000000
1.0000000000
1.0000000000
1.0000000000
1.0000000000
1.0000000000
1.0000000000
1.0000000000
1.0000000000
1.0000000000
1.0000000000
1.0000000000
1.0000000000
1.0000000000
1.0000000000
1.0000000000
1.0000000000
1.0000000000
1.0000000000
1.0000000000
1.0000000000
1.0000000000
1.0000000000
1.0000000000
1.0000000000
1.0000000000
1.0000000000
1.0000000000
1.0000000000
1.0000000000
1.0000000000
1.0000000000
1.0000000000
1.0000000000
1.0000000000
1.0000000000
1.0000000000
1.0000000000
1.0000000000
1.0000000000
1.0000000000
1.0000000000
1.0000000000
1.0000000000
1.0000000000
1.0000000000
1.0000000000
1.0000000000
1.0000000000
1.0000000000
1.0000000000
1.0000000000
1.0000000000
1.0000000000
1.0000000000
1.0000000000
1.0000000000
1.0000000000
1.0000000000
1.0000000000
1.0000000000
1.0000000000
1.0000000000
1.0000000000
1.0000000000
1.0000000000
1.0000000000
1.0000000000
1.0000000000
1.0000000000
1.0000000000
1.0000000000
1.0000000000
1.0000000000
1.0000000000
1.0000000000
1.0000000000
1.0000000000
1.0000000000
1.0000000000
1.0000000000
1.0000000000
1.0000000000
1.0000000000
1.0000000000
1.0000000000
1.0000000000
1.0000000000
1.0000000000
1.0000000000
1.0000000000
1.0000000000
1.0000000000
1.0000000000
1.0000000000
1.0000000000
1.0000000000
1.0000000000
1.0000000000
1.0000000000
1.0000000000
1.0000000000
1.0000000000
1.0000000000
1.0000000000
1.0000000000
1.0000000000
1.0000000000
1.0000000000
1.0000000000
1.0000000000
1.0000000000
1.0000000000
0.9915966387
1.0000000000
0.9231692677
0.9511804722
0.8755502201
0.8719487795
0.8379351741
0.8731492597
0.8011204482
0.7707082833
0.8815526210
0.7314925970
0.8415366146
0.7671068427
0.6546618647
0.6362545018
0.6250500200
0.6606642657
0.5886354542
0.6046418567
0.6222488996
0.5690276110
0.5542216887
0.5826330532
0.5678271309
0.5410164066
0.5062024810
0.5470188075
0.4897959184
0.5134053621
0.5222088836
0.5634253701
0.4793917567
0.5430172069
0.5178071228
0.5178071228
0.5470188075
0.5314125650
0.5002000800
0.5678271309
0.5490196078
0.6086434574
0.5618247299
0.5542216887
0.6022408964
0.6130452181
0.5838335334
0.5398159264
0.4885954382
0.5562224890
0.5586234494
0.7034813926
0.6618647459
0.6630652261
0.6510604242
0.6790716287
0.6210484194
0.6998799520
0.7326930772
0.7278911565
0.7719087635
0.7571028411
0.7547018808
0.8351340536
0.7607042817
0.7719087635
0.8695478191
0.8315326130
0.9379751901
0.9767907163
1.0000000000
0.9975990396
1.0000000000
1.0000000000
1.0000000000
1.0000000000
1.0000000000
1.0000000000
1.0000000000
1.0000000000
1.0000000000
1.0000000000
1.0000000000
1.0000000000
1.0000000000
1.0000000000
1.0000000000
1.0000000000
1.0000000000
1.0000000000
1.0000000000
1.0000000000
1.0000000000
1.0000000000
1.0000000000
1.0000000000
1.0000000000
1.0000000000
1.0000000000
1.0000000000
1.0000000000
1.0000000000
1.0000000000
1.0000000000
1.0000000000
1.0000000000
1.0000000000
1.0000000000
1.0000000000
1.0000000000
1.0000000000
1.0000000000
1.0000000000
1.0000000000
1.0000000000
1.0000000000
1.0000000000
1.0000000000
1.0000000000
1.0000000000
1.0000000000
1.0000000000
1.0000000000
1.0000000000
1.0000000000
1.0000000000
1.0000000000
1.0000000000
1.0000000000
1.0000000000
1.0000000000
1.0000000000
1.0000000000
1.0000000000
1.0000000000
1.0000000000
1.0000000000
1.0000000000
1.0000000000
1.0000000000
1.0000000000
0.0000000100
0.0000000100
0.0000000100
0.0000000100
0.0000000100
0.0000000100
0.0000000100
0.0000000100
0.0000000100
0.0000000100
0.0000000100
0.0000000100
0.0000000100
0.0000000100
0.0000000100
0.0000000100
0.0000000100
0.0000000100
0.0000000100
0.0000000100
0.0000000100
0.0000000100
0.0000000100
0.0000000100
0.0000000100
0.0000000100
0.0000000100
0.0000000100
0.0000000100
0.0000000100
0.0000000100
0.0000000100
0.0000000100
0.0000000100
0.0000000100
0.0000000100
0.0000000100
0.0000000100
0.0000000100
0.0000000100
0.0000000100
0.0000000100
0.0000000100
0.0000000100
0.0000000100
0.0000000100
0.0000000100
0.0000000100
0.0000000100
0.0000000100
0.0000000100
0.0000000100
0.0000000100
0.0000000100
0.0000000100
0.0000000100
0.0000000100
0.0000000100
0.0000000100
0.0000000100
0.0000000100
0.0000000100
0.0000000100
0.0000000100
0.0000000100
0.0000000100
0.0000000100
0.0000000100
0.0000000100
0.0000000100
0.0000000100
0.0000000100
0.0000000100
0.0000000100
0.0000000100
0.0000000100
0.0000000100
0.0000000100
0.0000000100
0.0000000100
0.0000000100
0.0000000100
0.0000000100
0.0000000100
0.0000000100
0.0000000100
0.0000000100
0.0000000100
0.0000000100
0.0000000100
0.0000000100
0.0000000100
0.0000000100
0.0000000100
0.0000000100
0.0000000100
0.0000000100
0.0000000100
0.0000000100
0.0000000100
0.0000000100
0.0000000100
0.0000000100
0.0000000100
0.0000000100
0.0000000100
0.0000000100
0.0000000100
0.0000000100
0.0000000100
0.0000000100
0.0000000100
0.0000000100
0.0000000100
0.0000000100
0.0000000100
0.0000000100
0.0000000100
0.0000000100
0.0000000100
0.0000000100
0.0000000100
0.0000000100
0.0000000100
0.0000000100
0.0000000100
0.0000000100
0.0000000100
0.0000000100
0.0000000100
0.0000000100
0.0000000100
0.0000000100
0.0000000100
0.0000000100
0.0000000100
0.0000000100
0.0000000100
0.0000000100
0.0000000100
0.0000000100
0.0000000100
0.0000000100
0.0000000100
0.0000000100
0.0000000100
0.0000000100
0.0000000100
0.0000000100
0.0000000100
0.0000000100
0.0000000100
0.0000000100
0.0000000100
0.0000000100
0.0000000100
0.0000000100
0.0000000100
0.0000000100
0.0000000100
0.0000000100
0.0000000100
0.0000000100
0.0000000100
0.0000000100
0.0000000100
0.0000000100
0.0000000100
0.0000000100
0.0000000100
0.0000000100
0.0000000100
0.0000000100
0.0000000100
0.0000000100
0.0000000100
0.0000000100
0.0000000100
0.0000000100
0.0000000100
0.0000000100
0.0000000100
0.0000000100
0.0000000100
0.0000000100
0.0000000100
0.0000000100
0.0000000100
0.0000000100
0.0000000100
0.0000000100
0.0000000100
0.0000000100
0.0000000100
0.0000000100
0.0000000100
0.0000000100
0.0000000100
0.0000000100
0.0000000100
0.0000000100
0.0000000100
0.0000000100
0.0000000100
0.0000000100
0.0000000100
0.0000000100
0.0000000100
0.0000000100
0.0000000100
0.0000000100
0.0000000100
0.0000000100
0.0000000100
0.0000000100
0.0000000100
0.0000000100
0.0000000100
0.0000000100
0.0000000100
0.0000000100
0.0000000100
0.0000000100
0.0000000100
0.0000000100
0.0000000100
0.0000000100
0.0000000100
0.0000000100
0.0000000100
0.0000000100
0.0000000100
0.0000000100
0.0000000100
0.0000000100
0.0000000100
0.0000000100
0.0000000100
0.0000000100
0.0000000100
0.0000000100
0.0000000100
0.0000000100
0.0000000100
0.0000000100
0.0000000100
0.0000000100
0.0000000100
0.0000000100
0.0000000100
0.0000000100
0.0000000100
0.0000000100
0.0000000100
0.0000000100
0.0000000100
0.0000000100
0.0000000100
0.0000000100
0.0000000100
0.0000000100
0.0000000100
0.0000000100
0.0000000100
0.0000000100
0.0000000100
0.0000000100
0.0000000100
0.0000000100
0.0000000100
0.0000000100
0.0000000100
0.0000000100
0.0000000100
0.0000000100
0.0000000100
0.0000000100
0.0000000100
0.0000000100
0.0000000100
0.0000000100
0.0000000100
0.0000000100
0.0000000100
0.0000000100
0.0000000100
0.0000000100
0.0000000100
0.0000000100
0.0000000100
0.0000000100
0.0000000100
0.0000000100
0.0000000100
0.0000000100
0.0000000100
0.0000000100
0.0000000100
0.0000000100
0.0000000100
0.0000000100
0.0000000100
0.0000000100
0.0000000100
0.0000000100
0.0000000100
0.0000000100
0.0000000100
0.0000000100
0.0000000100
0.0000000100
0.0000000100
0.0000000100
0.0000000100
0.0000000100
0.0000000100
0.0000000100
0.0000000100
0.0000000100
0.0000000100
0.0000000100
0.0000000100
0.0000000100
0.0000000100
0.0000000100
0.0000000100
0.0000000100
0.0000000100
0.0000000100
0.0000000100
0.0000000100
0.0000000100
0.0000000100
0.0000000100
0.0000000100
0.0000000100
0.0000000100
0.0000000100
0.0000000100
0.0000000100
0.0000000100
0.0000000100
0.0000000100
0.0000000100
0.0000000100
0.0000000100
0.0000000100
0.0000000100
0.0000000100
0.0000000100
0.0000000100
0.0000000100
0.0000000100
0.0000000100
0.0000000100
0.0000000100
0.0000000100
0.0000000100
0.0000000100
0.0000000100
0.0000000100
0.0000000100
0.0000000100
0.0000000100
0.0000000100
0.0000000100
0.0000000100
0.0000000100
