0.2369638826
0.1897855530
0.2104401806
0.2022009029
0.1753386005
0.1670428894
0.2101015801
0.2173250564
0.1980812641
0.1811512415
0.1976862302
0.1537810384
0.1582957111
0.1608352144
0.1610045147
0.1627539503
0.1481376975
0.1222911964
0.1308690745
0.1202031603
0.1313769752
0.1086907449
0.1264108352
0.1301918736
0.1369074492
0.1596501129
0.1510158014
0.1508465011
0.1448645598
0.1313769752
0.1517494357
0.1794582393
0.2331828442
0.3575056433
0.4023137698
0.4450338600
0.3913092551
0.4484762980
0.4160835214
0.4174379233
0.4732505643
0.4498306998
0.4484762980
0.4243792325
0.3836907449
0.4044018059
0.4002257336
0.3967832957
0.4284988713
0.4312641084
0.4216139955
0.3947516930
0.4119638826
0.4167607223
0.4498306998
0.4505079007
0.4174379233
0.4167607223
0.4601580135
0.4994356659
0.4877539503
0.3830135440
0.4760158014
0.4835778781
0.4636004515
0.4636004515
0.4126410835
0.4216139955
0.4422686230
0.4016365688
0.3981941309
0.4216139955
0.4105530474
0.4270880361
0.4401805869
0.4160835214
0.4044018059
0.4429458239
0.4085214447
0.3844243792
0.3981941309
0.3754514673
0.3496049661
0.3554740406
0.2111173815
0.3547968397
0.3340857788
0.3089729120
0.4139954853
0.4670428894
0.4374153499
0.4029909707
0.4105530474
0.3754514673
0.3644469526
0.3699209932
0.4016365688
0.3988713318
0.3705981941
0.3692437923
0.3685665914
0.3981941309
0.3823363431
0.3699209932
0.3451467269
0.4016365688
0.4023137698
0.3720090293
0.3836907449
0.3658013544
0.3913092551
0.3933408578
0.3836907449
0.4016365688
0.4470654628
0.4050790068
0.4581264108
0.4601580135
0.4463882619
0.4154063205
0.4119638826
0.4760158014
0.4078442438
0.4332957111
0.4615688488
0.4408577878
0.4953160271
0.4560383747
0.4588036117
0.4395033860
0.3974604966
0.4064334086
0.4202031603
0.4539503386
0.3844243792
0.3795711061
0.3878668172
0.4160835214
0.4044018059
0.3823363431
0.3644469526
0.3692437923
0.3489277652
0.3351580135
0.3658013544
0.3306433409
0.3465011287
0.3705981941
0.3110045147
0.3096501129
0.3175507901
0.2772573363
0.3027652370
0.3279345372
0.3292889391
0.3175507901
0.3458239278
0.3348194131
0.3623589165
0.2983069977
0.3072234763
0.2559255079
0.2686794582
0.3014108352
0.3389390519
0.3206546275
0.2886568849
0.3630361174
0.3479119639
0.2996613995
0.2707110609
0.2772573363
0.3568284424
0.3379232506
0.3268623025
0.3616817156
0.4016365688
0.4029909707
0.4388261851
0.4374153499
0.4395033860
0.4298532731
0.4078442438
0.3961060948
0.4188487585
0.3913092551
0.3678893905
0.3919864560
0.3967832957
0.3823363431
0.4208803612
0.4443566591
0.4415914221
0.4457110609
0.4188487585
0.4395033860
0.4360609481
0.4581264108
0.4525959368
0.4422686230
0.4622460497
0.4650112867
0.4643340858
0.4656884876
0.4443566591
0.4216139955
0.4381489842
0.4195259594
0.4353837472
0.4284988713
0.4422686230
0.4718961625
0.5228555305
0.4629232506
0.5187358916
0.4436230248
0.4794582393
0.4270880361
0.4573927765
0.4773702032
0.4601580135
0.4608916479
0.4064334086
0.4264108352
0.4029909707
0.4216139955
0.4560383747
0.4133182844
0.4181715576
0.4525959368
0.4326185102
0.4415914221
0.4615688488
0.4505079007
0.4539503386
0.4588036117
0.5262979684
0.4691309255
0.4360609481
0.4264108352
0.3995485327
0.4071106095
0.3933408578
0.3885440181
0.4154063205
0.4071106095
0.4112866817
0.3761286682
0.3520316027
0.3630361174
0.3678893905
0.3726862302
0.3637133183
0.4078442438
0.4174379233
0.4098758465
0.3851015801
0.4270880361
0.4002257336
0.3851015801
0.3699209932
0.3609480813
0.3713318284
0.3561512415
0.3726862302
0.3485891648
0.3885440181
0.3967832957
0.3595936795
0.3358352144
0.4105530474
0.4312641084
0.3871331828
0.3844243792
0.3224040632
0.3203160271
0.3479119639
0.3209932280
0.3379232506
0.3692437923
0.3671557562
0.3616817156
0.3754514673
0.3437358916
0.3292889391
0.3448081264
0.3296275395
0.3265237020
0.3475169300
0.3830135440
0.3878668172
0.3919864560
0.3747742664
0.3186230248
0.3268623025
0.3396162528
0.3788939052
0.4091986456
0.3761286682
0.3547968397
0.3919864560
0.3630361174
0.3433972912
0.3582392777
0.3933408578
0.3816591422
0.3513544018
0.3334085779
0.3165349887
0.3354966140
0.3568284424
0.3386004515
0.3041196388
0.2875846501
0.2603837472
0.3037810384
0.3079571106
0.2621331828
0.2655756208
0.2056433409
0.2497178330
0.2559255079
0.2700338600
0.2283860045
0.2614559819
0.2669300226
0.2352708804
0.2424943567
0.2562641084
0.2624717833
0.3282731377
0.2707110609
0.2431715576
0.2190744921
0.2152934537
0.2883182844
0.3520316027
0.3637133183
0.4133182844
0.3323927765
0.3130925508
0.3496049661
0.3568284424
0.3268623025
0.2686794582
0.2806997743
0.2390519187
0.3186230248
0.3296275395
0.2865688488
0.2800225734
0.2521444695
0.3967832957
0.4029909707
0.3733634312
0.3165349887
0.3402934537
0.3527088036
0.3179458239
0.3382618510
0.3547968397
0.3448081264
0.2975733634
0.3533860045
0.3699209932
0.3417042889
0.3458239278
0.3386004515
0.3330699774
0.3199774266
0.3926636569
0.3368510158
0.3448081264
0.2958803612
0.2721218962
0.2731376975
0.2655756208
0.2731376975
0.2738148984
0.2617945824
0.3031038375
0.2680022573
0.2683408578
0.2603837472
0.2920993228
0.3644469526
0.3809255079
0.3671557562
0.3520316027
0.3809255079
0.3705981941
0.3871331828
0.3851015801
0.3561512415
0.3506207675
0.3836907449
0.3616817156
0.3406320542
0.4023137698
0.3816591422
0.4050790068
0.4450338600
0.4050790068
0.3961060948
0.4167607223
0.3726862302
0.3554740406
0.3713318284
0.4091986456
0.4050790068
0.4029909707
0.3836907449
0.3885440181
0.3926636569
0.4119638826
0.4312641084
0.4367381490
0.4601580135
0.3816591422
0.4174379233
0.4401805869
0.4222911964
0.3589164786
0.3699209932
0.3499435666
0.3523702032
0.3774830700
0.4029909707
0.4512415350
0.4298532731
0.4057562077
0.3926636569
0.3602708804
0.3768058691
0.4057562077
0.4519187359
0.4650112867
0.4636004515
0.4505079007
0.4278216704
0.4243792325
0.3933408578
0.4050790068
0.4436230248
0.3981941309
0.4098758465
0.3878668172
0.3533860045
0.4002257336
0.4105530474
0.4236455982
0.3919864560
0.3836907449
0.3844243792
0.4009029345
0.4091986456
0.4415914221
0.4822234763
0.5221783296
0.5256207675
0.4891083521
0.4422686230
0.4581264108
0.4849887133
0.4932279910
0.4904627540
0.4691309255
0.3244920993
0.4395033860
0.3774830700
0.4629232506
0.4188487585
0.3981941309
0.4250564334
0.4615688488
0.5001128668
0.5166478555
0.5304176072
0.5008465011
0.5545711061
0.5352708804
0.5249435666
0.5311512415
0.5125282167
0.5699774266
0.5304176072
0.4794582393
0.4539503386
0.3616817156
0.5380361174
0.5283860045
0.5097629797
0.4870203160
0.5200902935
0.5063205418
0.4822234763
0.4498306998
0.4229683973
0.3774830700
0.3933408578
0.5146162528
0.4023137698
0.0000000100
0.0000000100
0.0000000100
0.0000000100
0.0000000100
0.0000000100
0.0000000100
0.0000000100
0.0000000100
0.0000000100
0.0000000100
0.0000000100
0.0000000100
0.0000000100
0.0000000100
0.0000000100
0.0000000100
0.0000000100
0.0000000100
0.0000000100
0.0000000100
0.0000000100
0.0000000100
0.0000000100
0.0000000100
0.0000000100
0.0000000100
0.0000000100
0.0000000100
0.0000000100
0.0000000100
0.0000000100
0.0000000100
0.0000000100
0.0000000100
0.0000000100
0.0000000100
0.0000000100
0.0000000100
0.0000000100
0.0000000100
0.0000000100
0.0000000100
0.0000000100
0.0000000100
0.0000000100
0.0000000100
0.0000000100
0.0000000100
0.0000000100
0.0000000100
0.0000000100
0.0000000100
0.0000000100
0.0000000100
0.0000000100
0.0000000100
0.0000000100
0.0000000100
0.0000000100
0.0000000100
0.0000000100
0.0000000100
0.0000000100
0.0000000100
0.0000000100
0.0000000100
0.0000000100
0.0000000100
0.0000000100
0.0000000100
0.0000000100
0.0000000100
0.0000000100
0.0000000100
0.0000000100
0.0000000100
0.0000000100
0.0000000100
0.0000000100
0.0000000100
0.0000000100
0.0000000100
0.0000000100
0.0000000100
0.0000000100
0.0000000100
0.0000000100
0.0000000100
0.0000000100
0.0000000100
0.0000000100
0.0000000100
0.0000000100
0.0000000100
0.0000000100
0.0000000100
0.0000000100
0.0000000100
0.0000000100
0.0000000100
0.0000000100
0.0000000100
0.0000000100
0.0000000100
0.0000000100
0.0000000100
0.0000000100
0.0000000100
0.0000000100
0.0000000100
0.0000000100
0.0000000100
0.0000000100
0.0000000100
0.0000000100
0.0000000100
0.0000000100
0.0000000100
0.0000000100
0.0000000100
0.0000000100
0.0000000100
0.0000000100
0.0000000100
0.0000000100
0.0000000100
0.0000000100
0.0000000100
0.0000000100
0.0000000100
0.0000000100
0.0000000100
0.0000000100
0.0000000100
0.0000000100
0.0000000100
0.0000000100
0.0000000100
0.0000000100
0.0000000100
0.0000000100
0.0000000100
0.0000000100
0.0000000100
0.0000000100
0.0000000100
0.0000000100
0.0000000100
0.0000000100
0.0000000100
0.0000000100
0.0000000100
0.0000000100
0.0000000100
0.0000000100
0.0000000100
0.0000000100
0.0000000100
0.0000000100
0.0000000100
0.0000000100
0.0000000100
0.0000000100
0.0000000100
0.0000000100
0.0000000100
0.0000000100
0.0000000100
0.0000000100
0.0000000100
0.0000000100
0.0000000100
0.0000000100
0.0000000100
0.0000000100
0.0000000100
0.0000000100
0.0000000100
0.0000000100
0.0000000100
0.0000000100
0.0000000100
0.0000000100
0.0000000100
0.0000000100
0.0000000100
0.0000000100
0.0000000100
0.0000000100
0.0000000100
0.0000000100
0.0000000100
0.0000000100
0.0000000100
0.0000000100
0.0000000100
0.0000000100
0.0000000100
0.0000000100
0.0000000100
0.0000000100
0.0000000100
0.0000000100
0.0000000100
0.0000000100
0.0000000100
0.0000000100
0.0000000100
0.0000000100
0.0000000100
0.0000000100
0.0000000100
0.0000000100
0.0000000100
0.0000000100
0.0000000100
0.0000000100
0.0000000100
0.0000000100
0.0000000100
0.0000000100
0.0000000100
0.0000000100
0.0000000100
0.0000000100
0.0000000100
0.0000000100
0.0000000100
0.0000000100
0.0000000100
0.0000000100
0.0000000100
0.0000000100
0.0000000100
0.0000000100
0.0000000100
0.0000000100
0.0000000100
0.0000000100
0.0000000100
0.0000000100
0.0000000100
0.0000000100
0.0000000100
0.0000000100
0.0000000100
0.0000000100
0.0000000100
0.0000000100
0.0000000100
0.0000000100
0.0000000100
0.0000000100
0.0000000100
0.0000000100
0.0000000100
0.0000000100
0.0000000100
0.0000000100
0.0000000100
0.0000000100
0.0000000100
0.0000000100
0.0000000100
0.0000000100
0.0000000100
0.0000000100
0.0000000100
0.0000000100
0.0000000100
0.0000000100
0.0000000100
0.0000000100
0.0000000100
0.0000000100
0.0000000100
0.0000000100
0.0000000100
0.0000000100
0.0000000100
0.0000000100
0.0000000100
0.0000000100
0.0000000100
0.0000000100
0.0000000100
0.0000000100
0.0000000100
0.0000000100
0.0000000100
0.0000000100
0.0000000100
0.0000000100
0.0000000100
0.0000000100
0.0000000100
0.0000000100
0.0000000100
0.0000000100
0.0000000100
0.0000000100
0.0000000100
0.0000000100
0.0000000100
0.0000000100
0.0000000100
0.0000000100
0.0000000100
0.0000000100
0.0000000100
0.0000000100
0.0000000100
0.0000000100
0.0000000100
0.0000000100
0.0000000100
0.0000000100
0.0000000100
0.0000000100
0.0000000100
0.0000000100
0.0000000100
0.0000000100
0.0000000100
0.0000000100
0.0000000100
0.0000000100
0.0000000100
0.0000000100
0.0000000100
0.0000000100
0.0000000100
0.0000000100
0.0000000100
0.0000000100
0.0000000100
0.0000000100
0.0000000100
0.0000000100
0.0000000100
0.0000000100
0.0000000100
0.0000000100
0.0000000100
0.0000000100
0.0000000100
0.0000000100
0.0000000100
0.0000000100
0.0000000100
0.0000000100
0.0000000100
0.0000000100
0.0000000100
0.0000000100
0.0000000100
0.0000000100
0.0000000100
0.0000000100
0.0000000100
0.0000000100
0.0000000100
0.0000000100
0.0000000100
0.0000000100
0.0000000100
0.0000000100
