0.4184000000
0.4160000000
0.4067200000
0.4248000000
0.4193600000
0.4057600000
0.4502400000
0.4369600000
0.4248000000
0.4457600000
0.4916800000
0.4716800000
0.4980800000
0.4995200000
0.4800000000
0.4716800000
0.4688000000
0.4702400000
0.4638400000
0.4312000000
0.4452800000
0.4755200000
0.4443200000
0.4395200000
0.4652800000
0.4419200000
0.4369600000
0.4233600000
0.4238400000
0.4121600000
0.4193600000
0.4228800000
0.4267200000
0.5049600000
0.4404800000
0.4160000000
0.4536000000
0.4536000000
0.4940800000
0.5009600000
0.5009600000
0.4604800000
0.5147200000
0.5009600000
0.4516800000
0.4574400000
0.4384000000
0.4291200000
0.4950400000
0.4926400000
0.4326400000
0.4545600000
0.5028800000
0.4678400000
0.4564800000
0.4492800000
0.4174400000
0.4145600000
0.4302400000
0.4286400000
0.4619200000
0.4800000000
0.4857600000
0.4369600000
0.4184000000
0.4200000000
0.4488000000
0.4433600000
0.4574400000
0.4233600000
0.3979200000
0.4150400000
0.4512000000
0.4248000000
0.4062400000
0.4067200000
0.4126400000
0.4755200000
0.4721600000
0.4355200000
0.4374400000
0.4262400000
0.4809600000
0.4838400000
0.5166400000
0.4814400000
0.4936000000
0.4814400000
0.4712000000
0.4628800000
0.5224000000
0.4897600000
0.4852800000
0.5244800000
0.4950400000
0.4790400000
0.5049600000
0.4628800000
0.5009600000
0.4736000000
0.4497600000
0.4448000000
0.4648000000
0.4360000000
0.4350400000
0.4678400000
0.5078400000
0.5049600000
0.4912000000
0.4809600000
0.4707200000
0.4526400000
0.4326400000
0.4193600000
0.5107200000
0.4883200000
0.4585600000
0.4600000000
0.4560000000
0.4531200000
0.4819200000
0.4409600000
0.5078400000
0.4809600000
0.4409600000
0.4390400000
0.5244800000
0.5811200000
0.5625600000
0.5800000000
0.5654400000
0.5576000000
0.5440000000
0.5273600000
0.5107200000
0.5019200000
0.5078400000
0.5254400000
0.5899200000
0.4931200000
0.5273600000
0.4843200000
0.4643200000
0.4648000000
0.4833600000
0.4560000000
0.4448000000
0.4564800000
0.4448000000
0.4350400000
0.4555200000
0.4545600000
0.5107200000
0.5038400000
0.4736000000
0.4766400000
0.4814400000
0.5009600000
0.5449600000
0.5342400000
0.4950400000
0.5000000000
0.5449600000
0.5419200000
0.5195200000
0.5059200000
0.5321600000
0.5468800000
0.5771200000
0.5380800000
0.5254400000
0.5332800000
0.5292800000
0.5176000000
0.4902400000
0.4652800000
0.4707200000
0.5224000000
0.5371200000
0.4857600000
0.4931200000
0.4667200000
0.4521600000
0.4521600000
0.4409600000
0.4545600000
0.4355200000
0.4595200000
0.4580800000
0.4766400000
0.4652800000
0.4736000000
0.4936000000
0.5019200000
0.5038400000
0.5019200000
0.4888000000
0.4540800000
0.4678400000
0.4731200000
0.4652800000
0.4673600000
0.5185600000
0.4902400000
0.4838400000
0.4428800000
0.4614400000
0.4721600000
0.4912000000
0.5088000000
0.5321600000
0.5302400000
0.4940800000
0.4838400000
0.5233600000
0.5556800000
0.5888000000
0.5654400000
0.5878400000
0.6220800000
0.6006400000
0.6006400000
0.6016000000
0.5780800000
0.5849600000
0.5556800000
0.5723200000
0.5635200000
0.6035200000
0.5752000000
0.5625600000
0.5761600000
0.5713600000
0.5449600000
0.5878400000
0.5742400000
0.5713600000
0.5820800000
0.5702400000
0.5800000000
0.6054400000
0.5790400000
0.5644800000
0.5849600000
0.5616000000
0.5604800000
0.6192000000
0.5654400000
0.5312000000
0.4950400000
0.4814400000
0.5430400000
0.5528000000
0.4950400000
0.4883200000
0.4857600000
0.5059200000
0.5068800000
0.5352000000
0.5576000000
0.5556800000
0.5332800000
0.5088000000
0.4950400000
0.5273600000
0.5107200000
0.5049600000
0.5107200000
0.5116800000
0.5038400000
0.5204800000
0.4828800000
0.4643200000
0.5088000000
0.5771200000
0.5292800000
0.5371200000
0.4892800000
0.4814400000
0.4550400000
0.4926400000
0.4990400000
0.5771200000
0.5352000000
0.5244800000
0.5176000000
0.4995200000
0.4995200000
0.5371200000
0.5078400000
0.5049600000
0.4838400000
0.4857600000
0.5302400000
0.5830400000
0.5449600000
0.5283200000
0.4848000000
0.4702400000
0.4316800000
0.5097600000
0.4755200000
0.4590400000
0.4633600000
0.4657600000
0.4702400000
0.4771200000
0.5342400000
0.4873600000
0.4760000000
0.4745600000
0.4678400000
0.5166400000
0.5009600000
0.4795200000
0.4580800000
0.4312000000
0.4350400000
0.4379200000
0.4155200000
0.4136000000
0.4390400000
0.4985600000
0.4995200000
0.5673600000
0.4936000000
0.4892800000
0.4936000000
0.5049600000
0.5019200000
0.5000000000
0.4888000000
0.4776000000
0.5028800000
0.4766400000
0.4502400000
0.4624000000
0.5097600000
0.4995200000
0.4628800000
0.4452800000
0.4224000000
0.4067200000
0.4136000000
0.4540800000
0.4467200000
0.4590400000
0.5097600000
0.5097600000
0.4804800000
0.4888000000
0.4580800000
0.4536000000
0.4438400000
0.4360000000
0.4428800000
0.4531200000
0.4043200000
0.3988800000
0.3936000000
0.4267200000
0.4086400000
0.4091200000
0.4864000000
0.4857600000
0.4726400000
0.4848000000
0.4448000000
0.4145600000
0.4067200000
0.3988800000
0.3848000000
0.4512000000
0.4540800000
0.4302400000
0.4550400000
0.4712000000
0.4443200000
0.4667200000
0.4721600000
0.4800000000
0.4716800000
0.4580800000
0.4604800000
0.4600000000
0.4574400000
0.4785600000
0.4848000000
0.4852800000
0.4971200000
0.5166400000
0.5166400000
0.4985600000
0.4745600000
0.4956800000
0.4833600000
0.4936000000
0.5244800000
0.5049600000
0.5009600000
0.4945600000
0.5147200000
0.5507200000
0.5497600000
0.5312000000
0.5440000000
0.5283200000
0.5156800000
0.5449600000
0.4760000000
0.4512000000
0.4824000000
0.5107200000
0.4897600000
0.4878400000
0.4921600000
0.4745600000
0.4516800000
0.5126400000
0.4980800000
0.5321600000
0.5204800000
0.5126400000
0.4907200000
0.4985600000
0.4878400000
0.4776000000
0.5038400000
0.4995200000
0.4536000000
0.4595200000
0.4580800000
0.5332800000
0.5292800000
0.5126400000
0.5049600000
0.4824000000
0.4614400000
0.4452800000
0.4462400000
0.5273600000
0.5440000000
0.5507200000
0.5321600000
0.5166400000
0.5224000000
0.5283200000
0.4716800000
0.4580800000
0.4619200000
0.4736000000
0.5049600000
0.5068800000
0.4864000000
0.4804800000
0.4574400000
0.4902400000
0.5185600000
0.5185600000
0.5049600000
0.4843200000
0.4990400000
0.5116800000
0.4736000000
0.4736000000
0.4843200000
0.4716800000
0.4702400000
0.4760000000
0.4667200000
0.4897600000
0.5264000000
0.5273600000
0.5059200000
0.5009600000
0.4966400000
0.4916800000
0.5068800000
0.5692800000
0.5692800000
0.5478400000
0.5126400000
0.5244800000
0.5528000000
0.5409600000
0.5956800000
0.6240000000
0.5928000000
0.5908800000
0.5996800000
0.5273600000
0.5049600000
0.5430400000
0.5566400000
0.5692800000
0.5273600000
0.5273600000
0.5654400000
0.5996800000
0.5771200000
0.5654400000
0.5576000000
0.0000000100
0.0000000100
0.0000000100
0.0000000100
0.0000000100
0.0000000100
0.0000000100
0.0000000100
0.0000000100
0.0000000100
0.0000000100
0.0000000100
0.0000000100
0.0000000100
0.0000000100
0.0000000100
0.0000000100
0.0000000100
0.0000000100
0.0000000100
0.0000000100
0.0000000100
0.0000000100
0.0000000100
0.0000000100
0.0000000100
0.0000000100
0.0000000100
0.0000000100
0.0000000100
0.0000000100
0.0000000100
0.0000000100
0.0000000100
0.0000000100
0.0000000100
0.0000000100
0.0000000100
0.0000000100
0.0000000100
0.0000000100
0.0000000100
0.0000000100
0.0000000100
0.0000000100
0.0000000100
0.0000000100
0.0000000100
0.0000000100
0.0000000100
0.0000000100
0.0000000100
0.0000000100
0.0000000100
0.0000000100
0.0000000100
0.0000000100
0.0000000100
0.0000000100
0.0000000100
0.0000000100
0.0000000100
0.0000000100
0.0000000100
0.0000000100
0.0000000100
0.0000000100
0.0000000100
0.0000000100
0.0000000100
0.0000000100
0.0000000100
0.0000000100
0.0000000100
0.0000000100
0.0000000100
0.0000000100
0.0000000100
0.0000000100
0.0000000100
0.0000000100
0.0000000100
0.0000000100
0.0000000100
0.0000000100
0.0000000100
0.0000000100
0.0000000100
0.0000000100
0.0000000100
0.0000000100
0.0000000100
0.0000000100
0.0000000100
0.0000000100
0.0000000100
0.0000000100
0.0000000100
0.0000000100
0.0000000100
0.0000000100
0.0000000100
0.0000000100
0.0000000100
0.0000000100
0.0000000100
0.0000000100
0.0000000100
0.0000000100
0.0000000100
0.0000000100
0.0000000100
0.0000000100
0.0000000100
0.0000000100
0.0000000100
0.0000000100
0.0000000100
0.0000000100
0.0000000100
0.0000000100
0.0000000100
0.0000000100
0.0000000100
0.0000000100
0.0000000100
0.0000000100
0.0000000100
0.0000000100
0.0000000100
0.0000000100
0.0000000100
0.0000000100
0.0000000100
0.0000000100
0.0000000100
0.0000000100
0.0000000100
0.0000000100
0.0000000100
0.0000000100
0.0000000100
0.0000000100
0.0000000100
0.0000000100
0.0000000100
0.0000000100
0.0000000100
0.0000000100
0.0000000100
0.0000000100
0.0000000100
0.0000000100
0.0000000100
0.0000000100
0.0000000100
0.0000000100
0.0000000100
0.0000000100
0.0000000100
0.0000000100
0.0000000100
0.0000000100
0.0000000100
0.0000000100
0.0000000100
0.0000000100
0.0000000100
0.0000000100
0.0000000100
0.0000000100
0.0000000100
0.0000000100
0.0000000100
0.0000000100
0.0000000100
0.0000000100
0.0000000100
0.0000000100
0.0000000100
0.0000000100
0.0000000100
0.0000000100
0.0000000100
0.0000000100
0.0000000100
0.0000000100
0.0000000100
0.0000000100
0.0000000100
0.0000000100
0.0000000100
0.0000000100
0.0000000100
0.0000000100
0.0000000100
0.0000000100
0.0000000100
0.0000000100
0.0000000100
0.0000000100
0.0000000100
0.0000000100
0.0000000100
0.0000000100
0.0000000100
0.0000000100
0.0000000100
0.0000000100
0.0000000100
0.0000000100
0.0000000100
0.0000000100
0.0000000100
0.0000000100
0.0000000100
0.0000000100
0.0000000100
0.0000000100
0.0000000100
0.0000000100
0.0000000100
0.0000000100
0.0000000100
0.0000000100
0.0000000100
0.0000000100
0.0000000100
0.0000000100
0.0000000100
0.0000000100
0.0000000100
0.0000000100
0.0000000100
0.0000000100
0.0000000100
0.0000000100
0.0000000100
0.0000000100
0.0000000100
0.0000000100
0.0000000100
0.0000000100
0.0000000100
0.0000000100
0.0000000100
0.0000000100
0.0000000100
0.0000000100
0.0000000100
0.0000000100
0.0000000100
0.0000000100
0.0000000100
0.0000000100
0.0000000100
0.0000000100
0.0000000100
0.0000000100
0.0000000100
0.0000000100
0.0000000100
0.0000000100
0.0000000100
0.0000000100
0.0000000100
0.0000000100
0.0000000100
0.0000000100
0.0000000100
0.0000000100
0.0000000100
0.0000000100
0.0000000100
0.0000000100
0.0000000100
0.0000000100
0.0000000100
0.0000000100
0.0000000100
0.0000000100
0.0000000100
0.0000000100
0.0000000100
0.0000000100
0.0000000100
0.0000000100
0.0000000100
0.0000000100
0.0000000100
0.0000000100
0.0000000100
0.0000000100
0.0000000100
0.0000000100
0.0000000100
0.0000000100
0.0000000100
0.0000000100
0.0000000100
0.0000000100
0.0000000100
0.0000000100
0.0000000100
0.0000000100
0.0000000100
0.0000000100
0.0000000100
0.0000000100
0.0000000100
0.0000000100
0.0000000100
0.0000000100
0.0000000100
0.0000000100
0.0000000100
0.0000000100
0.0000000100
0.0000000100
0.0000000100
0.0000000100
0.0000000100
0.0000000100
0.0000000100
0.0000000100
0.0000000100
0.0000000100
0.0000000100
0.0000000100
0.0000000100
0.0000000100
0.0000000100
0.0000000100
0.0000000100
0.0000000100
0.0000000100
0.0000000100
0.0000000100
0.0000000100
0.0000000100
0.0000000100
0.0000000100
0.0000000100
0.0000000100
0.0000000100
0.0000000100
0.0000000100
0.0000000100
0.0000000100
0.0000000100
0.0000000100
0.0000000100
0.0000000100
0.0000000100
0.0000000100
0.0000000100
0.0000000100
0.0000000100
0.0000000100
0.0000000100
0.0000000100
0.0000000100
0.0000000100
0.0000000100
0.0000000100
0.0000000100
0.0000000100
0.0000000100
