0.1702400000
0.1773866667
0.1601600000
0.1793600000
0.1646933333
0.1679466667
0.1708800000
0.1622933333
0.1741333333
0.1757866667
0.1741333333
0.1718933333
0.1803200000
0.1777600000
0.1861866667
0.1676266667
0.1518400000
0.1463466667
0.1539733333
0.1552533333
0.1526933333
0.1554133333
0.1593600000
0.1600000000
0.1593600000
0.1608000000
0.1538133333
0.1461333333
0.1544533333
0.1634133333
0.1598400000
0.1611200000
0.1603200000
0.1586666667
0.1585066667
0.1585066667
0.1590400000
0.1567466667
0.1494400000
0.1442133333
0.1569066667
0.1528533333
0.1487466667
0.1476266667
0.1465066667
0.1443733333
0.1355733333
0.1264533333
0.1349333333
0.1240000000
0.1258133333
0.1212800000
0.1219200000
0.1287466667
0.1205866667
0.1163733333
0.1100266667
0.1142400000
0.1165333333
0.1155733333
0.1137600000
0.1074133333
0.1222400000
0.1078933333
0.1051200000
0.1075733333
0.1124800000
0.1046400000
0.1089066667
0.1083733333
0.1043200000
0.0984533333
0.0986133333
0.1009066667
0.0999466667
0.1024000000
0.1046400000
0.0932800000
0.0953600000
0.0947200000
0.0947200000
0.0906666667
0.0908266667
0.0864000000
0.0911466667
0.0848000000
0.0844800000
0.0888533333
0.0829866667
0.0805866667
0.0816000000
0.0798400000
0.0805866667
0.0783466667
0.0773866667
0.0746133333
0.0809066667
0.0778133333
0.0753600000
0.0708266667
0.0733333333
0.0692800000
0.0741333333
0.0710400000
0.0711466667
0.0662400000
0.0800000000
0.0760000000
0.0785066667
0.0781333333
0.0773866667
0.0725333333
0.0712000000
0.0704533333
0.0730133333
0.0797333333
0.0747733333
0.0715200000
0.0746133333
0.0740800000
0.0759466667
0.0691733333
0.0684266667
0.0683733333
0.0694400000
0.0656533333
0.0685866667
0.0782933333
0.0809600000
0.0798400000
0.0807466667
0.0768000000
0.0762666667
0.0739733333
0.0752000000
0.0800533333
0.0796800000
0.0729066667
0.0800000000
0.0769600000
0.0798933333
0.0812800000
0.0838400000
0.0811200000
0.0846400000
0.0831466667
0.0836800000
0.0846400000
0.0883733333
0.0888533333
0.0936000000
0.0929600000
0.0932800000
0.0882133333
0.0890133333
0.0911466667
0.0905066667
0.0921066667
0.0996266667
0.0962133333
0.1046400000
0.0996266667
0.1077333333
0.1048000000
0.1078933333
0.1083733333
0.1113066667
0.1201066667
0.1276266667
0.1129600000
0.1098666667
0.1162133333
0.1228800000
0.1121600000
0.1147200000
0.1160533333
0.1227200000
0.1225600000
0.1303466667
0.1235200000
0.1253333333
0.1233600000
0.1289066667
0.1281066667
0.1352533333
0.1409600000
0.1266133333
0.1183466667
0.1204266667
0.1284266667
0.1277866667
0.1342933333
0.1389866667
0.1266133333
0.1254933333
0.1272533333
0.1412800000
0.1446933333
0.1400000000
0.1363733333
0.1420800000
0.1373866667
0.1391466667
0.1341333333
0.1430400000
0.1404800000
0.1412800000
0.1536533333
0.1608000000
0.1642133333
0.1624533333
0.1638933333
0.1629333333
0.1564266667
0.1585066667
0.1598400000
0.1557866667
0.1523200000
0.1616000000
0.1621333333
0.1592000000
0.1550933333
0.1538133333
0.1676266667
0.1643733333
0.1652266667
0.1640533333
0.1609600000
0.1562666667
0.1557866667
0.1573866667
0.1595200000
0.1577066667
0.1619200000
0.1635733333
0.1699200000
0.1731733333
0.1751466667
0.1773866667
0.1725333333
0.1683200000
0.1673066667
0.1696000000
0.1806400000
0.1816533333
0.1738133333
0.1734933333
0.1731733333
0.1767466667
0.1738133333
0.1754666667
0.1748266667
0.1637333333
0.1888000000
0.1992000000
0.2034666667
0.2044266667
0.2018133333
0.2037866667
0.1979200000
0.1943466667
0.1979200000
0.1943466667
0.1953066667
0.1910933333
0.1793600000
0.1816533333
0.1777600000
0.1910933333
0.1910933333
0.1875200000
0.1888000000
0.1800000000
0.1937066667
0.1793600000
0.1757866667
0.1985600000
0.1972800000
0.1949866667
0.2037866667
0.1845866667
0.1665066667
0.1858666667
0.1806400000
0.1635733333
0.1712000000
0.1722133333
0.1793600000
0.1686400000
0.1715733333
0.1643733333
0.1728533333
0.1692800000
0.1767466667
0.1761066667
0.1872000000
0.1626133333
0.1683200000
0.1718933333
0.1858666667
0.2086400000
0.1884800000
0.1800000000
0.1689600000
0.1953066667
0.1937066667
0.2067200000
0.2014933333
0.1663466667
0.1658666667
0.1595200000
0.1663466667
0.1780800000
0.1593600000
0.1575466667
0.1528533333
0.1557866667
0.1443733333
0.1408000000
0.1404800000
0.1450133333
0.1510400000
0.1471466667
0.1508800000
0.1499200000
0.1401600000
0.1411200000
0.1346133333
0.1344533333
0.1438933333
0.1355733333
0.1428800000
0.1331200000
0.1298666667
0.1292266667
0.1310400000
0.1284266667
0.1253333333
0.1230400000
0.1230400000
0.1481066667
0.1313600000
0.1357333333
0.1320000000
0.1321600000
0.1307200000
0.1316800000
0.1284266667
0.1267733333
0.1250133333
0.1243733333
0.1250133333
0.1196266667
0.1216000000
0.1188266667
0.1183466667
0.1174933333
0.1194666667
0.1132800000
0.1176533333
0.1134400000
0.1108266667
0.1009066667
0.0987733333
0.1128000000
0.1013866667
0.1093866667
0.1105066667
0.1245333333
0.1100266667
0.0989333333
0.0944000000
0.0996266667
0.1051200000
0.0947200000
0.0991466667
0.1040000000
0.0986133333
0.1052800000
0.1025600000
0.1082133333
0.0795200000
0.0862400000
0.0829866667
0.0827733333
0.0819733333
0.0818133333
0.0841600000
0.0774933333
0.0765866667
0.0769600000
0.0724266667
0.0721066667
0.0786133333
0.0744000000
0.0726933333
0.0741333333
0.0772266667
0.0686933333
0.0725866667
0.0747733333
0.0696533333
0.0716266667
0.0756800000
0.0728533333
0.0723733333
0.0750400000
0.0679466667
0.0710400000
0.0698133333
0.0702933333
0.0797333333
0.0798933333
0.0704000000
0.0722666667
0.0696533333
0.0704000000
0.0633066667
0.0651733333
0.0625600000
0.0653333333
0.0667200000
0.0675200000
0.0739733333
0.0725866667
0.0662400000
0.0637866667
0.0712000000
0.0780266667
0.0773333333
0.0730666667
0.0697600000
0.0668266667
0.0687466667
0.0771733333
0.0770666667
0.0769066667
0.0692800000
0.0716266667
0.0778133333
0.0877333333
0.1010666667
0.1048000000
0.1035200000
0.1020266667
0.0886933333
0.0908266667
0.0882133333
0.0903466667
0.0931200000
0.0974933333
0.1015466667
0.1002666667
0.1002666667
0.1040000000
0.1030400000
0.1105066667
0.1124800000
0.1139200000
0.1165333333
0.1109866667
0.1100266667
0.1131200000
0.1205866667
0.1232000000
0.1178133333
0.1157333333
0.1170133333
0.1250133333
0.1290666667
0.1358933333
0.1318400000
0.1328000000
0.1293866667
0.1350933333
0.1339733333
0.1313600000
0.1308800000
0.1397866667
0.1600000000
0.1456533333
0.1301866667
0.1326400000
0.1346133333
0.1378666667
0.1394666667
0.1404800000
0.1274666667
0.1289066667
0.1281066667
0.1360533333
0.1342933333
0.1373866667
0.1375466667
0.1401600000
0.1370666667
0.1381866667
0.1466666667
0.1546133333
0.1516800000
0.1425600000
0.1432533333
0.0000000100
0.0000000100
0.0000000100
0.0000000100
0.0000000100
0.0000000100
0.0000000100
0.0000000100
0.0000000100
0.0000000100
0.0000000100
0.0000000100
0.0000000100
0.0000000100
0.0000000100
0.0000000100
0.0000000100
0.0000000100
0.0000000100
0.0000000100
0.0000000100
0.0000000100
0.0000000100
0.0000000100
0.0000000100
0.0000000100
0.0000000100
0.0000000100
0.0000000100
0.0000000100
0.0000000100
0.0000000100
0.0000000100
0.0000000100
0.0000000100
0.0000000100
0.0000000100
0.0000000100
0.0000000100
0.0000000100
0.0000000100
0.0000000100
0.0000000100
0.0000000100
0.0000000100
0.0000000100
0.0000000100
0.0000000100
0.0000000100
0.0000000100
0.0000000100
0.0000000100
0.0000000100
0.0000000100
0.0000000100
0.0000000100
0.0000000100
0.0000000100
0.0000000100
0.0000000100
0.0000000100
0.0000000100
0.0000000100
0.0000000100
0.0000000100
0.0000000100
0.0000000100
0.0000000100
0.0000000100
0.0000000100
0.0000000100
0.0000000100
0.0000000100
0.0000000100
0.0000000100
0.0000000100
0.0000000100
0.0000000100
0.0000000100
0.0000000100
0.0000000100
0.0000000100
0.0000000100
0.0000000100
0.0000000100
0.0000000100
0.0000000100
0.0000000100
0.0000000100
0.0000000100
0.0000000100
0.0000000100
0.0000000100
0.0000000100
0.0000000100
0.0000000100
0.0000000100
0.0000000100
0.0000000100
0.0000000100
0.0000000100
0.0000000100
0.0000000100
0.0000000100
0.0000000100
0.0000000100
0.0000000100
0.0000000100
0.0000000100
0.0000000100
0.0000000100
0.0000000100
0.0000000100
0.0000000100
0.0000000100
0.0000000100
0.0000000100
0.0000000100
0.0000000100
0.0000000100
0.0000000100
0.0000000100
0.0000000100
0.0000000100
0.0000000100
0.0000000100
0.0000000100
0.0000000100
0.0000000100
0.0000000100
0.0000000100
0.0000000100
0.0000000100
0.0000000100
0.0000000100
0.0000000100
0.0000000100
0.0000000100
0.0000000100
0.0000000100
0.0000000100
0.0000000100
0.0000000100
0.0000000100
0.0000000100
0.0000000100
0.0000000100
0.0000000100
0.0000000100
0.0000000100
0.0000000100
0.0000000100
0.0000000100
0.0000000100
0.0000000100
0.0000000100
0.0000000100
0.0000000100
0.0000000100
0.0000000100
0.0000000100
0.0000000100
0.0000000100
0.0000000100
0.0000000100
0.0000000100
0.0000000100
0.0000000100
0.0000000100
0.0000000100
0.0000000100
0.0000000100
0.0000000100
0.0000000100
0.0000000100
0.0000000100
0.0000000100
0.0000000100
0.0000000100
0.0000000100
0.0000000100
0.0000000100
0.0000000100
0.0000000100
0.0000000100
0.0000000100
0.0000000100
0.0000000100
0.0000000100
0.0000000100
0.0000000100
0.0000000100
0.0000000100
0.0000000100
0.0000000100
0.0000000100
0.0000000100
0.0000000100
0.0000000100
0.0000000100
0.0000000100
0.0000000100
0.0000000100
0.0000000100
0.0000000100
0.0000000100
0.0000000100
0.0000000100
0.0000000100
0.0000000100
0.0000000100
0.0000000100
0.0000000100
0.0000000100
0.0000000100
0.0000000100
0.0000000100
0.0000000100
0.0000000100
0.0000000100
0.0000000100
0.0000000100
0.0000000100
0.0000000100
0.0000000100
0.0000000100
0.0000000100
0.0000000100
0.0000000100
0.0000000100
0.0000000100
0.0000000100
0.0000000100
0.0000000100
0.0000000100
0.0000000100
0.0000000100
0.0000000100
0.0000000100
0.0000000100
0.0000000100
0.0000000100
0.0000000100
0.0000000100
0.0000000100
0.0000000100
0.0000000100
0.0000000100
0.0000000100
0.0000000100
0.0000000100
0.0000000100
0.0000000100
0.0000000100
0.0000000100
0.0000000100
0.0000000100
0.0000000100
0.0000000100
0.0000000100
0.0000000100
0.0000000100
0.0000000100
0.0000000100
0.0000000100
0.0000000100
0.0000000100
0.0000000100
0.0000000100
0.0000000100
0.0000000100
0.0000000100
0.0000000100
0.0000000100
0.0000000100
0.0000000100
0.0000000100
0.0000000100
0.0000000100
0.0000000100
0.0000000100
0.0000000100
0.0000000100
0.0000000100
0.0000000100
0.0000000100
0.0000000100
0.0000000100
0.0000000100
0.0000000100
0.0000000100
0.0000000100
0.0000000100
0.0000000100
0.0000000100
0.0000000100
0.0000000100
0.0000000100
0.0000000100
0.0000000100
0.0000000100
0.0000000100
0.0000000100
0.0000000100
0.0000000100
0.0000000100
0.0000000100
0.0000000100
0.0000000100
0.0000000100
0.0000000100
0.0000000100
0.0000000100
0.0000000100
0.0000000100
0.0000000100
0.0000000100
0.0000000100
0.0000000100
0.0000000100
0.0000000100
0.0000000100
0.0000000100
0.0000000100
0.0000000100
0.0000000100
0.0000000100
0.0000000100
0.0000000100
0.0000000100
0.0000000100
0.0000000100
0.0000000100
0.0000000100
0.0000000100
0.0000000100
0.0000000100
0.0000000100
0.0000000100
0.0000000100
0.0000000100
0.0000000100
0.0000000100
0.0000000100
0.0000000100
0.0000000100
0.0000000100
0.0000000100
0.0000000100
0.0000000100
0.0000000100
0.0000000100
0.0000000100
0.0000000100
0.0000000100
0.0000000100
0.0000000100
0.0000000100
0.0000000100
0.0000000100
0.0000000100
0.0000000100
0.0000000100
0.0000000100
0.0000000100
0.0000000100
0.0000000100
0.0000000100
