0.0878933333
0.0872533333
0.0999466667
0.0854400000
0.0805866667
0.0859200000
0.0852800000
0.0888533333
0.0917866667
0.0921066667
0.1012266667
0.0919466667
0.0810666667
0.0859200000
0.0891733333
0.0893333333
0.0800533333
0.0903466667
0.0818133333
0.0798400000
0.0840000000
0.0862400000
0.0869333333
0.0962133333
0.0860800000
0.0844800000
0.0857600000
0.0836800000
0.0840000000
0.0797333333
0.0770666667
0.0698133333
0.0717866667
0.0761600000
0.0786133333
0.0709866667
0.0668266667
0.0696000000
0.0661866667
0.0681066667
0.0672000000
0.0605333333
0.0608000000
0.0586666667
0.0577600000
0.0511893333
0.0533866667
0.0474453333
0.0507786667
0.0461440000
0.0424800000
0.0483413333
0.0409760000
0.0412213333
0.0365386667
0.0359680000
0.0341386667
0.0327146667
0.0368266667
0.0321866667
0.0314133333
0.0253920000
0.0226240000
0.0237653333
0.0273013333
0.0218080000
0.0238826667
0.0188373333
0.0209173333
0.0162346667
0.0173760000
0.0183306667
0.0132426667
0.0147093333
0.0138346667
0.0143040000
0.0146293333
0.0125706667
0.0129600000
0.0119840000
0.0123093333
0.0110453333
0.0126346667
0.0139360000
0.0120213333
0.0134666667
0.0134080000
0.0132053333
0.0138933333
0.0110666667
0.0116586667
0.0109226667
0.0103680000
0.0114560000
0.0098666667
0.0096960000
0.0108426667
0.0087200000
0.0109066667
0.0077333333
0.0066240000
0.0075253333
0.0107413333
0.0090453333
0.0072320000
0.0089013333
0.0080160000
0.0079146667
0.0080960000
0.0053600000
0.0069706667
0.0076800000
0.0067253333
0.0050405333
0.0082826667
0.0076000000
0.0058293333
0.0067946667
0.0077013333
0.0078453333
0.0081813333
0.0103733333
0.0071893333
0.0071200000
0.0112320000
0.0108640000
0.0126933333
0.0127946667
0.0114720000
0.0121653333
0.0139786667
0.0139360000
0.0109653333
0.0127573333
0.0131840000
0.0127786667
0.0123680000
0.0150346667
0.0053920000
0.0310080000
0.0000000533
0.0159093333
0.0143253333
0.0146880000
0.0173546667
0.0131413333
0.0154026667
0.0154613333
0.0159520000
0.0161333333
0.0189013333
0.0175573333
0.0172746667
0.0237226667
0.0248640000
0.0235573333
0.0220960000
0.0196746667
0.0187786667
0.0230720000
0.0294186667
0.0437813333
0.0487466667
0.0475253333
0.0471200000
0.0495626667
0.0563733333
0.0519200000
0.0538133333
0.0574400000
0.0569600000
0.0560000000
0.0646400000
0.0630933333
0.0643733333
0.0610133333
0.0627200000
0.0669866667
0.0677866667
0.0677333333
0.0672000000
0.0642666667
0.0704000000
0.0735466667
0.0702400000
0.0710400000
0.0804266667
0.0685866667
0.0711466667
0.0706133333
0.0748800000
0.0736533333
0.0778666667
0.0764800000
0.0721600000
0.0769600000
0.0765866667
0.0768000000
0.0795200000
0.0835200000
0.0856000000
0.0872533333
0.0795200000
0.0854400000
0.0862400000
0.0840000000
0.0940800000
0.0937600000
0.0944000000
0.0940800000
0.0956800000
0.0981333333
0.1027200000
0.0993066667
0.1010666667
0.1041600000
0.1002666667
0.0981333333
0.1134400000
0.1142400000
0.1108266667
0.1236800000
0.1077333333
0.1069333333
0.0987733333
0.1473066667
0.2307733333
0.2623466667
0.2672533333
0.2796266667
0.3066666667
0.1318400000
0.0805866667
0.0821866667
0.0796800000
0.0764800000
0.0759466667
0.0798933333
0.0783466667
0.0790933333
0.0764266667
0.0798400000
0.0773333333
0.0719466667
0.0796800000
0.0761600000
0.0798933333
0.0891733333
0.0792000000
0.0781333333
0.0804266667
0.0808000000
0.0756266667
0.0823466667
0.0752000000
0.0725866667
0.0822933333
0.0800533333
0.0745600000
0.0770666667
0.0833066667
0.0826133333
0.0818666667
0.0736533333
0.0804266667
0.0793600000
0.0807466667
0.0779733333
0.0764266667
0.0841600000
0.0849600000
0.0854400000
0.0864000000
0.0832533333
0.0878933333
0.0838400000
0.0913066667
0.0859200000
0.0815466667
0.0928000000
0.0989333333
0.0958400000
0.1044800000
0.1041600000
0.1033600000
0.1007466667
0.1020266667
0.1036800000
0.1022400000
0.1052800000
0.0999466667
0.1025600000
0.1025600000
0.1012266667
0.1108266667
0.1056533333
0.1113066667
0.1109866667
0.1155733333
0.1105066667
0.1173333333
0.1105066667
0.1191466667
0.1150933333
0.1105066667
0.1113066667
0.1157333333
0.1070933333
0.1168533333
0.1049600000
0.1152533333
0.1118400000
0.1116800000
0.1085866667
0.0979733333
0.1027200000
0.0922666667
0.0882133333
0.0908266667
0.0885333333
0.0939200000
0.0832533333
0.0781866667
0.0764266667
0.0756266667
0.0731733333
0.0648533333
0.0661866667
0.0682666667
0.0648533333
0.0638933333
0.0648533333
0.0617066667
0.0628266667
0.0598933333
0.0480160000
0.0489920000
0.0484213333
0.0520000000
0.0483413333
0.0458186667
0.0450826667
0.0493173333
0.0388160000
0.0367840000
0.0362133333
0.0316960000
0.0288106667
0.0314560000
0.0310080000
0.0251893333
0.0283626667
0.0222560000
0.0220160000
0.0227840000
0.0170880000
0.0179253333
0.0170720000
0.0176213333
0.0151360000
0.0127360000
0.0134666667
0.0174346667
0.0168480000
0.0138560000
0.0128160000
0.0136320000
0.0148106667
0.0124320000
0.0131626667
0.0127573333
0.0129600000
0.0155040000
0.0102240000
0.0105600000
0.0100586667
0.0117600000
0.0121653333
0.0127146667
0.0097973333
0.0092693333
0.0103253333
0.0095413333
0.0096746667
0.0100000000
0.0088906667
0.0093066667
0.0115573333
0.0085120000
0.0065813333
0.0090026667
0.0082880000
0.0087680000
0.0089706667
0.0087200000
0.0071413333
0.0078826667
0.0058773333
0.0060640000
0.0014800000
0.0007733333
0.0019936000
0.0031125333
0.0062133333
0.0073546667
0.0087466667
0.0078133333
0.0082080000
0.0058400000
0.0064480000
0.0073866667
0.0090826667
0.0079573333
0.0078453333
0.0085760000
0.0073120000
0.0055520000
0.0082613333
0.0104960000
0.0100480000
0.0093706667
0.0101546667
0.0120853333
0.0117173333
0.0112906667
0.0107840000
0.0088373333
0.0125546667
0.0130026667
0.0132426667
0.0145653333
0.0132853333
0.0137333333
0.0134880000
0.0146666667
0.0139573333
0.0131413333
0.0137120000
0.0165813333
0.0140373333
0.0153173333
0.0138346667
0.0191626667
0.0186346667
0.0189386667
0.0178826667
0.0213226667
0.0238026667
0.0201013333
0.0201600000
0.0209973333
0.0218506667
0.0255946667
0.0263680000
0.0291360000
0.0259626667
0.0259200000
0.0294186667
0.0286880000
0.0305973333
0.0305600000
0.0330400000
0.0330826667
0.0374346667
0.0340960000
0.0342186667
0.0347093333
0.0382506667
0.0393066667
0.0351946667
0.0394720000
0.0343040000
0.0351573333
0.0342186667
0.0382506667
0.0389013333
0.0377600000
0.0401600000
0.0395520000
0.0336906667
0.0437813333
0.0402026667
0.0450026667
0.0425600000
0.0423200000
0.0416640000
0.0399146667
0.0406880000
0.0429706667
0.0432106667
0.0440266667
0.0445973333
0.0406506667
0.0427253333
0.0476053333
0.0462240000
0.0480160000
0.0439466667
0.0482560000
0.0529760000
0.0450826667
0.0476053333
0.0000000100
0.0000000100
0.0000000100
0.0000000100
0.0000000100
0.0000000100
0.0000000100
0.0000000100
0.0000000100
0.0000000100
0.0000000100
0.0000000100
0.0000000100
0.0000000100
0.0000000100
0.0000000100
0.0000000100
0.0000000100
0.0000000100
0.0000000100
0.0000000100
0.0000000100
0.0000000100
0.0000000100
0.0000000100
0.0000000100
0.0000000100
0.0000000100
0.0000000100
0.0000000100
0.0000000100
0.0000000100
0.0000000100
0.0000000100
0.0000000100
0.0000000100
0.0000000100
0.0000000100
0.0000000100
0.0000000100
0.0000000100
0.0000000100
0.0000000100
0.0000000100
0.0000000100
0.0000000100
0.0000000100
0.0000000100
0.0000000100
0.0000000100
0.0000000100
0.0000000100
0.0000000100
0.0000000100
0.0000000100
0.0000000100
0.0000000100
0.0000000100
0.0000000100
0.0000000100
0.0000000100
0.0000000100
0.0000000100
0.0000000100
0.0000000100
0.0000000100
0.0000000100
0.0000000100
0.0000000100
0.0000000100
0.0000000100
0.0000000100
0.0000000100
0.0000000100
0.0000000100
0.0000000100
0.0000000100
0.0000000100
0.0000000100
0.0000000100
0.0000000100
0.0000000100
0.0000000100
0.0000000100
0.0000000100
0.0000000100
0.0000000100
0.0000000100
0.0000000100
0.0000000100
0.0000000100
0.0000000100
0.0000000100
0.0000000100
0.0000000100
0.0000000100
0.0000000100
0.0000000100
0.0000000100
0.0000000100
0.0000000100
0.0000000100
0.0000000100
0.0000000100
0.0000000100
0.0000000100
0.0000000100
0.0000000100
0.0000000100
0.0000000100
0.0000000100
0.0000000100
0.0000000100
0.0000000100
0.0000000100
0.0000000100
0.0000000100
0.0000000100
0.0000000100
0.0000000100
0.0000000100
0.0000000100
0.0000000100
0.0000000100
0.0000000100
0.0000000100
0.0000000100
0.0000000100
0.0000000100
0.0000000100
0.0000000100
0.0000000100
0.0000000100
0.0000000100
0.0000000100
0.0000000100
0.0000000100
0.0000000100
0.0000000100
0.0000000100
0.0000000100
0.0000000100
0.0000000100
0.0000000100
0.0000000100
0.0000000100
0.0000000100
0.0000000100
0.0000000100
0.0000000100
0.0000000100
0.0000000100
0.0000000100
0.0000000100
0.0000000100
0.0000000100
0.0000000100
0.0000000100
0.0000000100
0.0000000100
0.0000000100
0.0000000100
0.0000000100
0.0000000100
0.0000000100
0.0000000100
0.0000000100
0.0000000100
0.0000000100
0.0000000100
0.0000000100
0.0000000100
0.0000000100
0.0000000100
0.0000000100
0.0000000100
0.0000000100
0.0000000100
0.0000000100
0.0000000100
0.0000000100
0.0000000100
0.0000000100
0.0000000100
0.0000000100
0.0000000100
0.0000000100
0.0000000100
0.0000000100
0.0000000100
0.0000000100
0.0000000100
0.0000000100
0.0000000100
0.0000000100
0.0000000100
0.0000000100
0.0000000100
0.0000000100
0.0000000100
0.0000000100
0.0000000100
0.0000000100
0.0000000100
0.0000000100
0.0000000100
0.0000000100
0.0000000100
0.0000000100
0.0000000100
0.0000000100
0.0000000100
0.0000000100
0.0000000100
0.0000000100
0.0000000100
0.0000000100
0.0000000100
0.0000000100
0.0000000100
0.0000000100
0.0000000100
0.0000000100
0.0000000100
0.0000000100
0.0000000100
0.0000000100
0.0000000100
0.0000000100
0.0000000100
0.0000000100
0.0000000100
0.0000000100
0.0000000100
0.0000000100
0.0000000100
0.0000000100
0.0000000100
0.0000000100
0.0000000100
0.0000000100
0.0000000100
0.0000000100
0.0000000100
0.0000000100
0.0000000100
0.0000000100
0.0000000100
0.0000000100
0.0000000100
0.0000000100
0.0000000100
0.0000000100
0.0000000100
0.0000000100
0.0000000100
0.0000000100
0.0000000100
0.0000000100
0.0000000100
0.0000000100
0.0000000100
0.0000000100
0.0000000100
0.0000000100
0.0000000100
0.0000000100
0.0000000100
0.0000000100
0.0000000100
0.0000000100
0.0000000100
0.0000000100
0.0000000100
0.0000000100
0.0000000100
0.0000000100
0.0000000100
0.0000000100
0.0000000100
0.0000000100
0.0000000100
0.0000000100
0.0000000100
0.0000000100
0.0000000100
0.0000000100
0.0000000100
0.0000000100
0.0000000100
0.0000000100
0.0000000100
0.0000000100
0.0000000100
0.0000000100
0.0000000100
0.0000000100
0.0000000100
0.0000000100
0.0000000100
0.0000000100
0.0000000100
0.0000000100
0.0000000100
0.0000000100
0.0000000100
0.0000000100
0.0000000100
0.0000000100
0.0000000100
0.0000000100
0.0000000100
0.0000000100
0.0000000100
0.0000000100
0.0000000100
0.0000000100
0.0000000100
0.0000000100
0.0000000100
0.0000000100
0.0000000100
0.0000000100
0.0000000100
0.0000000100
0.0000000100
0.0000000100
0.0000000100
0.0000000100
0.0000000100
0.0000000100
0.0000000100
0.0000000100
0.0000000100
0.0000000100
0.0000000100
0.0000000100
0.0000000100
0.0000000100
0.0000000100
0.0000000100
0.0000000100
0.0000000100
0.0000000100
0.0000000100
0.0000000100
0.0000000100
0.0000000100
0.0000000100
0.0000000100
0.0000000100
0.0000000100
0.0000000100
0.0000000100
0.0000000100
0.0000000100
0.0000000100
0.0000000100
0.0000000100
0.0000000100
0.0000000100
0.0000000100
0.0000000100
0.0000000100
0.0000000100
0.0000000100
0.0000000100
0.0000000100
