0.1592470277
0.1640686922
0.1723249670
0.1600396301
0.1570013210
0.1491413474
0.1495376486
0.1515852048
0.1491413474
0.1663143989
0.1648612946
0.1735799207
0.1578599736
0.1608322325
0.1751651255
0.1602377807
0.1540290621
0.1550198151
0.1485468956
0.1533685601
0.1568031704
0.1489431968
0.1505944518
0.1511889036
0.1453104359
0.1542272127
0.1416776750
0.1465653897
0.1481505945
0.1350726552
0.1461690885
0.1263540291
0.1291941876
0.1453104359
0.1646631440
0.1376486129
0.1180977543
0.1322324967
0.1239762219
0.1186922061
0.1142668428
0.1068031704
0.1034346103
0.1072655218
0.1031043593
0.0908850727
0.0971598415
0.0958388375
0.0908850727
0.0847424042
0.0735799207
0.0712681638
0.0718626156
0.0752972259
0.0641017173
0.0674372523
0.0604689564
0.0559379128
0.0553302510
0.0542206077
0.0489299868
0.0438903567
0.0426287979
0.0399603699
0.0373910172
0.0341149273
0.0353764861
0.0277146631
0.0360303831
0.0276155878
0.0303896962
0.0252708058
0.0252972259
0.0246895641
0.0260039630
0.0220937913
0.0227278732
0.0207859974
0.0194782034
0.0210369881
0.0161030383
0.0183421400
0.0211426684
0.0217701453
0.0200792602
0.0200528402
0.0183685601
0.0263077939
0.0213408190
0.0171598415
0.0216182299
0.0225495376
0.0158982827
0.0210369881
0.0143394980
0.0208388375
0.0157199472
0.0140356671
0.0147159841
0.0158982827
0.0130250991
0.0150198151
0.0109445178
0.0136789960
0.0148150594
0.0184412153
0.0136063408
0.0119022457
0.0122060766
0.0097754293
0.0088309115
0.0126486129
0.0133553501
0.0108190225
0.0100000000
0.0100528402
0.0121796565
0.0105812417
0.0127873184
0.0117040951
0.0129524439
0.0159247028
0.0150198151
0.0144848085
0.0153434610
0.0173844122
0.0152972259
0.0173381770
0.0171070013
0.0196301189
0.0209379128
0.0178665786
0.0211162483
0.0198282695
0.0217701453
0.0212417437
0.0186988111
0.0217437252
0.0248943197
0.0226287979
0.0280713342
0.0252972259
0.0240885073
0.0260501982
0.0214663144
0.0246697490
0.0290752972
0.0311426684
0.0240092470
0.0317503303
0.0338110964
0.0350198151
0.0393593131
0.0387516513
0.0413738441
0.0385468956
0.0399603699
0.0386525760
0.0435402906
0.0440951123
0.0561360634
0.0760898283
0.0745046235
0.0851387054
0.0830250991
0.0850726552
0.0921400264
0.0837516513
0.0885072655
0.0958388375
0.0908190225
0.0921400264
0.1060105680
0.0963672391
0.1104359313
0.1092470277
0.1118890357
0.1144649934
0.1209379128
0.1120871863
0.1245706737
0.1239762219
0.1280052840
0.1348745046
0.1358652576
0.1263540291
0.1324306473
0.1213342140
0.1291941876
0.1251651255
0.1301849406
0.1293923382
0.1334214003
0.1416776750
0.1368560106
0.1272126816
0.1318361955
0.1348745046
0.1461690885
0.1467635403
0.1475561427
0.1408850727
0.1503963012
0.1517833554
0.1420739762
0.1564068692
0.1546235139
0.1571994716
0.1661162483
0.1669088507
0.1622853369
0.1624834875
0.1713342140
0.1776089828
0.1678996037
0.1771466314
0.1755614267
0.1757595773
0.1830250991
0.1820343461
0.1799867900
0.1778071334
0.1838177015
0.1669088507
0.1471598415
0.2688903567
0.4813738441
0.5168428005
0.5305151915
0.5394319683
0.4136063408
0.1953104359
0.1473579921
0.1418758256
0.1191545575
0.1266182299
0.1287978864
0.1209379128
0.1284015852
0.1334214003
0.1348745046
0.1195508587
0.1270145310
0.1303830911
0.1352708058
0.1186922061
0.1197490092
0.1233817701
0.1221268164
0.1270145310
0.1182959049
0.1370541612
0.1223249670
0.1291941876
0.1241743725
0.1318361955
0.1297886394
0.1368560106
0.1295904888
0.1233817701
0.1366578600
0.1387054161
0.1297886394
0.1259577279
0.1191545575
0.1274108322
0.1320343461
0.1126816380
0.1324306473
0.1249669749
0.1318361955
0.1241743725
0.1358652576
0.1245706737
0.1316380449
0.1374504624
0.1310435931
0.1370541612
0.1429326288
0.1318361955
0.1469616909
0.1519815059
0.1491413474
0.1445178336
0.1606340819
0.1550198151
0.1533685601
0.1661162483
0.1550198151
0.1471598415
0.1661162483
0.1475561427
0.1610303831
0.1648612946
0.1661162483
0.1705416116
0.1566050198
0.1723249670
0.1715323646
0.1807793923
0.1868560106
0.1610303831
0.1840158520
0.1799867900
0.1661162483
0.1852708058
0.1739762219
0.1757595773
0.1747688243
0.1588507266
0.1626816380
0.1531704095
0.1596433289
0.1663143989
0.1531704095
0.1471598415
0.1471598415
0.1429326288
0.1441215324
0.1481505945
0.1495376486
0.1235799207
0.1229854690
0.1207397622
0.1272126816
0.1130779392
0.1241743725
0.1276089828
0.1233817701
0.0976882431
0.1072655218
0.1029062087
0.1008586526
0.0989431968
0.0881770145
0.0760898283
0.0768163804
0.0827608983
0.0727873184
0.0800528402
0.0724570674
0.0704755614
0.0760898283
0.0612747688
0.0503434610
0.0571466314
0.0479260238
0.0443923382
0.0412681638
0.0427807133
0.0408190225
0.0393064729
0.0413210040
0.0285204756
0.0328071334
0.0269616909
0.0269616909
0.0237318362
0.0280713342
0.0220937913
0.0189960370
0.0211889036
0.0222457067
0.0195046235
0.0181175694
0.0226287979
0.0226750330
0.0245904888
0.0213672391
0.0248150594
0.0225495376
0.0191215324
0.0221202114
0.0185204756
0.0174834875
0.0200066050
0.0179656539
0.0216182299
0.0157001321
0.0165257596
0.0168031704
0.0162285337
0.0181439894
0.0182430647
0.0164266843
0.0165521797
0.0143593131
0.0142073976
0.0116380449
0.0137054161
0.0136327609
0.0129986790
0.0128996037
0.0121334214
0.0112615588
0.0128731836
0.0117899604
0.0112021136
0.0083157199
0.0010079260
0.0015052840
0.0042014531
0.0074702774
0.0098018494
0.0114993395
0.0123183620
0.0124372523
0.0157001321
0.0102443857
0.0095112285
0.0131241744
0.0126089828
0.0136327609
0.0130250991
0.0153698811
0.0118031704
0.0123051519
0.0153170410
0.0194253633
0.0179920740
0.0152708058
0.0200066050
0.0183949802
0.0185468956
0.0175891678
0.0178137384
0.0216182299
0.0245178336
0.0199075297
0.0219220608
0.0206076618
0.0242140026
0.0244914135
0.0223976222
0.0251188904
0.0288243065
0.0231043593
0.0271136063
0.0300858653
0.0215918098
0.0254953765
0.0282166446
0.0347688243
0.0340158520
0.0366842801
0.0289762219
0.0349207398
0.0344715984
0.0363804491
0.0407661823
0.0378467635
0.0393064729
0.0450000000
0.0479722589
0.0555350066
0.0537186262
0.0546235139
0.0511492734
0.0543196830
0.0520079260
0.0628863937
0.0639960370
0.0653104359
0.0675033025
0.0625891678
0.0583553501
0.0647027741
0.0618824306
0.0615785997
0.0618824306
0.0565389696
0.0572457067
0.0647027741
0.0642998679
0.0597622193
0.0683619551
0.0570409511
0.0685601057
0.0700132100
0.0716644650
0.0677014531
0.0762219287
0.0785997358
0.0782034346
0.0737780713
0.0717305152
0.0785336856
0.0735799207
0.0709379128
0.0716644650
0.0850726552
0.0747688243
0.0706737120
0.0837516513
0.0870541612
0.0727873184
0.0802509908
0.0825627477
0.0837516513
0.0852708058
0.0845442536
0.0000000100
0.0000000100
0.0000000100
0.0000000100
0.0000000100
0.0000000100
0.0000000100
0.0000000100
0.0000000100
0.0000000100
0.0000000100
0.0000000100
0.0000000100
0.0000000100
0.0000000100
0.0000000100
0.0000000100
0.0000000100
0.0000000100
0.0000000100
0.0000000100
0.0000000100
0.0000000100
0.0000000100
0.0000000100
0.0000000100
0.0000000100
0.0000000100
0.0000000100
0.0000000100
0.0000000100
0.0000000100
0.0000000100
0.0000000100
0.0000000100
0.0000000100
0.0000000100
0.0000000100
0.0000000100
0.0000000100
0.0000000100
0.0000000100
0.0000000100
0.0000000100
0.0000000100
0.0000000100
0.0000000100
0.0000000100
0.0000000100
0.0000000100
0.0000000100
0.0000000100
0.0000000100
0.0000000100
0.0000000100
0.0000000100
0.0000000100
0.0000000100
0.0000000100
0.0000000100
0.0000000100
0.0000000100
0.0000000100
0.0000000100
0.0000000100
0.0000000100
0.0000000100
0.0000000100
0.0000000100
0.0000000100
0.0000000100
0.0000000100
0.0000000100
0.0000000100
0.0000000100
0.0000000100
0.0000000100
0.0000000100
0.0000000100
0.0000000100
0.0000000100
0.0000000100
0.0000000100
0.0000000100
0.0000000100
0.0000000100
0.0000000100
0.0000000100
0.0000000100
0.0000000100
0.0000000100
0.0000000100
0.0000000100
0.0000000100
0.0000000100
0.0000000100
0.0000000100
0.0000000100
0.0000000100
0.0000000100
0.0000000100
0.0000000100
0.0000000100
0.0000000100
0.0000000100
0.0000000100
0.0000000100
0.0000000100
0.0000000100
0.0000000100
0.0000000100
0.0000000100
0.0000000100
0.0000000100
0.0000000100
0.0000000100
0.0000000100
0.0000000100
0.0000000100
0.0000000100
0.0000000100
0.0000000100
0.0000000100
0.0000000100
0.0000000100
0.0000000100
0.0000000100
0.0000000100
0.0000000100
0.0000000100
0.0000000100
0.0000000100
0.0000000100
0.0000000100
0.0000000100
0.0000000100
0.0000000100
0.0000000100
0.0000000100
0.0000000100
0.0000000100
0.0000000100
0.0000000100
0.0000000100
0.0000000100
0.0000000100
0.0000000100
0.0000000100
0.0000000100
0.0000000100
0.0000000100
0.0000000100
0.0000000100
0.0000000100
0.0000000100
0.0000000100
0.0000000100
0.0000000100
0.0000000100
0.0000000100
0.0000000100
0.0000000100
0.0000000100
0.0000000100
0.0000000100
0.0000000100
0.0000000100
0.0000000100
0.0000000100
0.0000000100
0.0000000100
0.0000000100
0.0000000100
0.0000000100
0.0000000100
0.0000000100
0.0000000100
0.0000000100
0.0000000100
0.0000000100
0.0000000100
0.0000000100
0.0000000100
0.0000000100
0.0000000100
0.0000000100
0.0000000100
0.0000000100
0.0000000100
0.0000000100
0.0000000100
0.0000000100
0.0000000100
0.0000000100
0.0000000100
0.0000000100
0.0000000100
0.0000000100
0.0000000100
0.0000000100
0.0000000100
0.0000000100
0.0000000100
0.0000000100
0.0000000100
0.0000000100
0.0000000100
0.0000000100
0.0000000100
0.0000000100
0.0000000100
0.0000000100
0.0000000100
0.0000000100
0.0000000100
0.0000000100
0.0000000100
0.0000000100
0.0000000100
0.0000000100
0.0000000100
0.0000000100
0.0000000100
0.0000000100
0.0000000100
0.0000000100
0.0000000100
0.0000000100
0.0000000100
0.0000000100
0.0000000100
0.0000000100
0.0000000100
0.0000000100
0.0000000100
0.0000000100
0.0000000100
0.0000000100
0.0000000100
0.0000000100
0.0000000100
0.0000000100
0.0000000100
0.0000000100
0.0000000100
0.0000000100
0.0000000100
0.0000000100
0.0000000100
0.0000000100
0.0000000100
0.0000000100
0.0000000100
0.0000000100
0.0000000100
0.0000000100
0.0000000100
0.0000000100
0.0000000100
0.0000000100
0.0000000100
0.0000000100
0.0000000100
0.0000000100
0.0000000100
0.0000000100
0.0000000100
0.0000000100
0.0000000100
0.0000000100
0.0000000100
0.0000000100
0.0000000100
0.0000000100
0.0000000100
0.0000000100
0.0000000100
0.0000000100
0.0000000100
0.0000000100
0.0000000100
0.0000000100
0.0000000100
0.0000000100
0.0000000100
0.0000000100
0.0000000100
0.0000000100
0.0000000100
0.0000000100
0.0000000100
0.0000000100
0.0000000100
0.0000000100
0.0000000100
0.0000000100
0.0000000100
0.0000000100
0.0000000100
0.0000000100
0.0000000100
0.0000000100
0.0000000100
0.0000000100
0.0000000100
0.0000000100
0.0000000100
0.0000000100
0.0000000100
0.0000000100
0.0000000100
0.0000000100
0.0000000100
0.0000000100
0.0000000100
0.0000000100
0.0000000100
0.0000000100
0.0000000100
0.0000000100
0.0000000100
0.0000000100
0.0000000100
0.0000000100
0.0000000100
0.0000000100
0.0000000100
0.0000000100
0.0000000100
0.0000000100
0.0000000100
0.0000000100
0.0000000100
0.0000000100
0.0000000100
0.0000000100
0.0000000100
0.0000000100
0.0000000100
0.0000000100
0.0000000100
0.0000000100
0.0000000100
0.0000000100
0.0000000100
0.0000000100
0.0000000100
0.0000000100
0.0000000100
0.0000000100
0.0000000100
0.0000000100
0.0000000100
0.0000000100
0.0000000100
0.0000000100
0.0000000100
0.0000000100
0.0000000100
0.0000000100
0.0000000100
0.0000000100
0.0000000100
0.0000000100
0.0000000100
0.0000000100
0.0000000100
0.0000000100
0.0000000100
