0.2953600000
0.2900800000
0.2948800000
0.2636800000
0.2768000000
0.2788800000
0.3120000000
0.3046400000
0.3251200000
0.3296000000
0.3412800000
0.3320000000
0.3022400000
0.3139200000
0.3129600000
0.3003200000
0.3008000000
0.2993600000
0.2988800000
0.2953600000
0.2998400000
0.3379200000
0.3960000000
0.3412800000
0.2905600000
0.2905600000
0.2896000000
0.2939200000
0.2944000000
0.3003200000
0.3027200000
0.3100800000
0.3115200000
0.3060800000
0.2929600000
0.2993600000
0.2822400000
0.2817600000
0.2827200000
0.2808000000
0.2798400000
0.2772800000
0.2739200000
0.2739200000
0.2729600000
0.2651200000
0.2636800000
0.2577600000
0.2592000000
0.2608000000
0.2534400000
0.2520000000
0.2617600000
0.2577600000
0.2414400000
0.2376000000
0.2355200000
0.2292800000
0.2273600000
0.2483200000
0.2392000000
0.2353600000
0.2366400000
0.2324800000
0.2345600000
0.2307200000
0.2209600000
0.2180800000
0.2164800000
0.2201600000
0.2219200000
0.2171200000
0.2088000000
0.2004800000
0.2004800000
0.1969600000
0.1995200000
0.1958400000
0.1916800000
0.1892800000
0.1902400000
0.1835200000
0.1875200000
0.1800000000
0.1782400000
0.1726400000
0.1718400000
0.1750400000
0.1721600000
0.1675200000
0.1694400000
0.1702400000
0.1644800000
0.1624000000
0.1611200000
0.1557600000
0.1614400000
0.1606400000
0.1753600000
0.1628800000
0.1764800000
0.1638400000
0.1525920000
0.1486880000
0.1499040000
0.1447680000
0.1652800000
0.1555200000
0.1501440000
0.1364800000
0.1376960000
0.1386720000
0.1433120000
0.1352480000
0.1381760000
0.1681600000
0.1516160000
0.1440480000
0.1418400000
0.1420960000
0.1413600000
0.1423360000
0.1408640000
0.1430720000
0.1460000000
0.1501440000
0.1737600000
0.1857600000
0.1899200000
0.1843200000
0.1865600000
0.1912000000
0.1760000000
0.1830400000
0.1838400000
0.1948800000
0.1928000000
0.1953600000
0.1945600000
0.1945600000
0.2065600000
0.2009600000
0.2028800000
0.1955200000
0.2001600000
0.2080000000
0.2214400000
0.2222400000
0.2190400000
0.2251200000
0.2353600000
0.2358400000
0.2371200000
0.2438400000
0.2392000000
0.2568000000
0.2636800000
0.2636800000
0.2836800000
0.2875200000
0.3003200000
0.2979200000
0.3056000000
0.3129600000
0.3129600000
0.3100800000
0.3153600000
0.3179200000
0.3227200000
0.3286400000
0.3281600000
0.3339200000
0.3360000000
0.3412800000
0.3417600000
0.3452800000
0.3803200000
0.3779200000
0.3755200000
0.3740800000
0.3540800000
0.3569600000
0.3676800000
0.3691200000
0.3740800000
0.3686400000
0.3686400000
0.3681600000
0.3833600000
0.4019200000
0.3857600000
0.3774400000
0.3764800000
0.3940800000
0.3900800000
0.3843200000
0.3979200000
0.3993600000
0.3979200000
0.4028800000
0.3979200000
0.3998400000
0.3876800000
0.3940800000
0.3862400000
0.3755200000
0.3812800000
0.3817600000
0.3862400000
0.3788800000
0.3900800000
0.3881600000
0.4121600000
0.3974400000
0.3993600000
0.3964800000
0.4019200000
0.4116800000
0.4200000000
0.4140800000
0.4107200000
0.4164800000
0.4072000000
0.4272000000
0.4238400000
0.4243200000
0.4174400000
0.4224000000
0.4374400000
0.4307200000
0.4336000000
0.4243200000
0.4126400000
0.4121600000
0.4081600000
0.4057600000
0.4136000000
0.4184000000
0.4067200000
0.4155200000
0.4100800000
0.4116800000
0.4091200000
0.4116800000
0.4126400000
0.4091200000
0.4184000000
0.4062400000
0.4400000000
0.4174400000
0.4086400000
0.4100800000
0.4307200000
0.4091200000
0.4052800000
0.4052800000
0.4067200000
0.4086400000
0.4057600000
0.4057600000
0.4076800000
0.4062400000
0.3979200000
0.3993600000
0.3964800000
0.3921600000
0.3910400000
0.3984000000
0.3940800000
0.3926400000
0.3876800000
0.3788800000
0.3720000000
0.3896000000
0.3916800000
0.3774400000
0.3921600000
0.3745600000
0.3720000000
0.3638400000
0.3672000000
0.3828800000
0.3740800000
0.3979200000
0.3926400000
0.3926400000
0.3798400000
0.3955200000
0.3852800000
0.3724800000
0.3808000000
0.3515200000
0.3608000000
0.3617600000
0.3505600000
0.3788800000
0.3476800000
0.3862400000
0.3740800000
0.3755200000
0.4257600000
0.3793600000
0.4003200000
0.3881600000
0.3926400000
0.4321600000
0.4414400000
0.4086400000
0.4067200000
0.3926400000
0.3681600000
0.3584000000
0.3657600000
0.3603200000
0.3710400000
0.3828800000
0.3886400000
0.3731200000
0.3515200000
0.3427200000
0.3403200000
0.3350400000
0.3281600000
0.3158400000
0.3510400000
0.3124800000
0.3096000000
0.3041600000
0.3003200000
0.3105600000
0.3086400000
0.3046400000
0.2993600000
0.2905600000
0.2910400000
0.2929600000
0.2934400000
0.2900800000
0.2915200000
0.2772800000
0.2827200000
0.2948800000
0.2958400000
0.2934400000
0.2793600000
0.2739200000
0.2808000000
0.2739200000
0.2641600000
0.2534400000
0.2510400000
0.2505600000
0.2464000000
0.2446400000
0.2400000000
0.2280000000
0.2180800000
0.2140800000
0.2144000000
0.2104000000
0.2024000000
0.1996800000
0.2060800000
0.2014400000
0.2075200000
0.1945600000
0.2246400000
0.2316800000
0.2307200000
0.2260800000
0.2168000000
0.2251200000
0.2155200000
0.2041600000
0.2014400000
0.1968000000
0.2004800000
0.2107200000
0.1955200000
0.1860800000
0.1897600000
0.1928000000
0.1945600000
0.1936000000
0.2046400000
0.2024000000
0.1932800000
0.1964800000
0.1800000000
0.1723200000
0.1648000000
0.1828800000
0.1760000000
0.1680000000
0.1635200000
0.1662400000
0.1644800000
0.1760000000
0.1684800000
0.1513600000
0.1599200000
0.1564960000
0.1569760000
0.1696000000
0.1769600000
0.1681600000
0.1656000000
0.1633600000
0.1572320000
0.1604800000
0.1547840000
0.1619200000
0.1630400000
0.1586880000
0.1718400000
0.1681600000
0.1567360000
0.1540480000
0.1611200000
0.1599200000
0.1640000000
0.1667200000
0.1726400000
0.1708800000
0.1760000000
0.1820800000
0.1824000000
0.1828800000
0.1884800000
0.2067200000
0.2227200000
0.2307200000
0.2321600000
0.2334400000
0.2465600000
0.2558400000
0.2627200000
0.2646400000
0.2568000000
0.2483200000
0.2603200000
0.2587200000
0.2641600000
0.2822400000
0.2939200000
0.2720000000
0.2729600000
0.2763200000
0.2832000000
0.2822400000
0.2900800000
0.2944000000
0.2998400000
0.3129600000
0.3100800000
0.3036800000
0.3105600000
0.3217600000
0.3124800000
0.3188800000
0.3144000000
0.3203200000
0.3236800000
0.3246400000
0.3427200000
0.3388800000
0.3384000000
0.3364800000
0.3364800000
0.3491200000
0.3705600000
0.3510400000
0.3560000000
0.3540800000
0.3638400000
0.3560000000
0.3608000000
0.3622400000
0.3603200000
0.3560000000
0.3627200000
0.3812800000
0.3824000000
0.4121600000
0.3886400000
0.3667200000
0.4062400000
0.3300800000
0.3462400000
0.3662400000
0.4569600000
0.3540800000
0.4126400000
0.3955200000
0.3862400000
0.3403200000
0.3246400000
0.3505600000
0.3808000000
0.3510400000
0.3203200000
0.3393600000
0.0000000100
0.0000000100
0.0000000100
0.0000000100
0.0000000100
0.0000000100
0.0000000100
0.0000000100
0.0000000100
0.0000000100
0.0000000100
0.0000000100
0.0000000100
0.0000000100
0.0000000100
0.0000000100
0.0000000100
0.0000000100
0.0000000100
0.0000000100
0.0000000100
0.0000000100
0.0000000100
0.0000000100
0.0000000100
0.0000000100
0.0000000100
0.0000000100
0.0000000100
0.0000000100
0.0000000100
0.0000000100
0.0000000100
0.0000000100
0.0000000100
0.0000000100
0.0000000100
0.0000000100
0.0000000100
0.0000000100
0.0000000100
0.0000000100
0.0000000100
0.0000000100
0.0000000100
0.0000000100
0.0000000100
0.0000000100
0.0000000100
0.0000000100
0.0000000100
0.0000000100
0.0000000100
0.0000000100
0.0000000100
0.0000000100
0.0000000100
0.0000000100
0.0000000100
0.0000000100
0.0000000100
0.0000000100
0.0000000100
0.0000000100
0.0000000100
0.0000000100
0.0000000100
0.0000000100
0.0000000100
0.0000000100
0.0000000100
0.0000000100
0.0000000100
0.0000000100
0.0000000100
0.0000000100
0.0000000100
0.0000000100
0.0000000100
0.0000000100
0.0000000100
0.0000000100
0.0000000100
0.0000000100
0.0000000100
0.0000000100
0.0000000100
0.0000000100
0.0000000100
0.0000000100
0.0000000100
0.0000000100
0.0000000100
0.0000000100
0.0000000100
0.0000000100
0.0000000100
0.0000000100
0.0000000100
0.0000000100
0.0000000100
0.0000000100
0.0000000100
0.0000000100
0.0000000100
0.0000000100
0.0000000100
0.0000000100
0.0000000100
0.0000000100
0.0000000100
0.0000000100
0.0000000100
0.0000000100
0.0000000100
0.0000000100
0.0000000100
0.0000000100
0.0000000100
0.0000000100
0.0000000100
0.0000000100
0.0000000100
0.0000000100
0.0000000100
0.0000000100
0.0000000100
0.0000000100
0.0000000100
0.0000000100
0.0000000100
0.0000000100
0.0000000100
0.0000000100
0.0000000100
0.0000000100
0.0000000100
0.0000000100
0.0000000100
0.0000000100
0.0000000100
0.0000000100
0.0000000100
0.0000000100
0.0000000100
0.0000000100
0.0000000100
0.0000000100
0.0000000100
0.0000000100
0.0000000100
0.0000000100
0.0000000100
0.0000000100
0.0000000100
0.0000000100
0.0000000100
0.0000000100
0.0000000100
0.0000000100
0.0000000100
0.0000000100
0.0000000100
0.0000000100
0.0000000100
0.0000000100
0.0000000100
0.0000000100
0.0000000100
0.0000000100
0.0000000100
0.0000000100
0.0000000100
0.0000000100
0.0000000100
0.0000000100
0.0000000100
0.0000000100
0.0000000100
0.0000000100
0.0000000100
0.0000000100
0.0000000100
0.0000000100
0.0000000100
0.0000000100
0.0000000100
0.0000000100
0.0000000100
0.0000000100
0.0000000100
0.0000000100
0.0000000100
0.0000000100
0.0000000100
0.0000000100
0.0000000100
0.0000000100
0.0000000100
0.0000000100
0.0000000100
0.0000000100
0.0000000100
0.0000000100
0.0000000100
0.0000000100
0.0000000100
0.0000000100
0.0000000100
0.0000000100
0.0000000100
0.0000000100
0.0000000100
0.0000000100
0.0000000100
0.0000000100
0.0000000100
0.0000000100
0.0000000100
0.0000000100
0.0000000100
0.0000000100
0.0000000100
0.0000000100
0.0000000100
0.0000000100
0.0000000100
0.0000000100
0.0000000100
0.0000000100
0.0000000100
0.0000000100
0.0000000100
0.0000000100
0.0000000100
0.0000000100
0.0000000100
0.0000000100
0.0000000100
0.0000000100
0.0000000100
0.0000000100
0.0000000100
0.0000000100
0.0000000100
0.0000000100
0.0000000100
0.0000000100
0.0000000100
0.0000000100
0.0000000100
0.0000000100
0.0000000100
0.0000000100
0.0000000100
0.0000000100
0.0000000100
0.0000000100
0.0000000100
0.0000000100
0.0000000100
0.0000000100
0.0000000100
0.0000000100
0.0000000100
0.0000000100
0.0000000100
0.0000000100
0.0000000100
0.0000000100
0.0000000100
0.0000000100
0.0000000100
0.0000000100
0.0000000100
0.0000000100
0.0000000100
0.0000000100
0.0000000100
0.0000000100
0.0000000100
0.0000000100
0.0000000100
0.0000000100
0.0000000100
0.0000000100
0.0000000100
0.0000000100
0.0000000100
0.0000000100
0.0000000100
0.0000000100
0.0000000100
0.0000000100
0.0000000100
0.0000000100
0.0000000100
0.0000000100
0.0000000100
0.0000000100
0.0000000100
0.0000000100
0.0000000100
0.0000000100
0.0000000100
0.0000000100
0.0000000100
0.0000000100
0.0000000100
0.0000000100
0.0000000100
0.0000000100
0.0000000100
0.0000000100
0.0000000100
0.0000000100
0.0000000100
0.0000000100
0.0000000100
0.0000000100
0.0000000100
0.0000000100
0.0000000100
0.0000000100
0.0000000100
0.0000000100
0.0000000100
0.0000000100
0.0000000100
0.0000000100
0.0000000100
0.0000000100
0.0000000100
0.0000000100
0.0000000100
0.0000000100
0.0000000100
0.0000000100
0.0000000100
0.0000000100
0.0000000100
0.0000000100
0.0000000100
0.0000000100
0.0000000100
0.0000000100
0.0000000100
0.0000000100
0.0000000100
0.0000000100
0.0000000100
0.0000000100
0.0000000100
0.0000000100
0.0000000100
0.0000000100
0.0000000100
0.0000000100
0.0000000100
0.0000000100
0.0000000100
0.0000000100
0.0000000100
0.0000000100
0.0000000100
0.0000000100
0.0000000100
0.0000000100
