1.0000000000
1.0000000000
1.0000000000
1.0000000000
1.0000000000
1.0000000000
1.0000000000
1.0000000000
1.0000000000
1.0000000000
1.0000000000
1.0000000000
1.0000000000
1.0000000000
1.0000000000
1.0000000000
1.0000000000
1.0000000000
1.0000000000
1.0000000000
1.0000000000
1.0000000000
1.0000000000
1.0000000000
1.0000000000
1.0000000000
1.0000000000
1.0000000000
1.0000000000
1.0000000000
1.0000000000
1.0000000000
1.0000000000
1.0000000000
1.0000000000
1.0000000000
1.0000000000
1.0000000000
1.0000000000
1.0000000000
1.0000000000
1.0000000000
1.0000000000
1.0000000000
1.0000000000
1.0000000000
1.0000000000
1.0000000000
1.0000000000
1.0000000000
1.0000000000
1.0000000000
1.0000000000
1.0000000000
1.0000000000
1.0000000000
1.0000000000
1.0000000000
1.0000000000
1.0000000000
1.0000000000
1.0000000000
1.0000000000
1.0000000000
1.0000000000
1.0000000000
1.0000000000
1.0000000000
1.0000000000
1.0000000000
1.0000000000
1.0000000000
1.0000000000
1.0000000000
1.0000000000
1.0000000000
1.0000000000
1.0000000000
1.0000000000
1.0000000000
1.0000000000
0.9951984635
1.0000000000
0.9427016645
0.9023687580
0.7826504481
0.9743918054
0.9585467350
0.9769526248
0.9036491677
0.9487836108
0.8926056338
0.9305377721
0.8730793854
0.9145326504
0.8474711908
0.8975672215
0.7765685019
0.8132202305
0.7583226633
0.8364276569
0.7936939821
0.8450704225
0.8047375160
0.8303457106
0.7399167734
0.8095390525
0.7693661972
0.8474711908
0.7704865557
0.8169014085
0.7559218950
0.8193021767
0.7424775928
0.8108194622
0.7485595391
0.8095390525
0.7424775928
0.8145006402
0.7264724712
0.7876120359
0.7363956466
0.8266645327
0.7203905250
0.7387964149
0.6826184379
0.7229513444
0.6654929577
0.6802176697
0.6277208707
0.6739756722
0.6184379001
0.6850192061
0.6570102433
0.7375160051
0.6874199744
0.7791293214
0.7192701665
0.7594430218
0.7411971831
0.7741677337
0.8120998720
0.8815620999
0.8364276569
0.9170934699
0.8743597951
0.9377400768
0.8669974392
0.9427016645
0.9500640205
1.0000000000
1.0000000000
1.0000000000
0.9340588988
0.9854353393
0.9084507042
1.0000000000
0.9145326504
0.9134122919
0.8841229193
0.9683098592
0.9121318822
0.9804737516
0.9377400768
0.9707106274
0.9292573624
1.0000000000
0.9268565941
0.9951984635
1.0000000000
1.0000000000
1.0000000000
1.0000000000
1.0000000000
1.0000000000
1.0000000000
1.0000000000
1.0000000000
1.0000000000
1.0000000000
1.0000000000
1.0000000000
1.0000000000
1.0000000000
1.0000000000
0.9463828425
0.9231754161
0.8364276569
0.8852432778
0.8791613316
0.8780409731
0.8498719590
0.8986875800
0.8633162612
0.8950064020
0.8620358515
0.8975672215
0.8681177977
0.9487836108
0.9158130602
0.9427016645
0.9353393086
0.9110115237
0.8926056338
0.9231754161
0.9060499360
0.9182138284
0.9110115237
0.9292573624
0.9134122919
0.9403008963
0.9121318822
0.9414212548
0.9305377721
0.9427016645
0.9255761844
0.9646286812
0.9170934699
1.0000000000
0.9695902689
0.9793533931
0.9707106274
0.9902368758
0.9561459667
1.0000000000
0.9769526248
0.9964788732
0.9622279129
0.8999679898
0.8218629962
0.8572343150
0.9292573624
0.9695902689
0.9279769526
0.9683098592
0.9572663252
1.0000000000
1.0000000000
1.0000000000
1.0000000000
1.0000000000
1.0000000000
1.0000000000
1.0000000000
1.0000000000
1.0000000000
1.0000000000
1.0000000000
1.0000000000
1.0000000000
1.0000000000
1.0000000000
1.0000000000
1.0000000000
1.0000000000
1.0000000000
1.0000000000
1.0000000000
1.0000000000
1.0000000000
1.0000000000
1.0000000000
1.0000000000
1.0000000000
1.0000000000
1.0000000000
1.0000000000
1.0000000000
1.0000000000
1.0000000000
1.0000000000
1.0000000000
1.0000000000
1.0000000000
1.0000000000
1.0000000000
1.0000000000
1.0000000000
1.0000000000
1.0000000000
1.0000000000
1.0000000000
1.0000000000
1.0000000000
1.0000000000
1.0000000000
1.0000000000
1.0000000000
1.0000000000
1.0000000000
1.0000000000
1.0000000000
1.0000000000
1.0000000000
1.0000000000
1.0000000000
1.0000000000
1.0000000000
1.0000000000
1.0000000000
1.0000000000
1.0000000000
1.0000000000
1.0000000000
1.0000000000
1.0000000000
1.0000000000
1.0000000000
1.0000000000
1.0000000000
1.0000000000
1.0000000000
1.0000000000
1.0000000000
1.0000000000
1.0000000000
1.0000000000
1.0000000000
1.0000000000
1.0000000000
1.0000000000
1.0000000000
1.0000000000
1.0000000000
1.0000000000
1.0000000000
1.0000000000
1.0000000000
1.0000000000
1.0000000000
1.0000000000
1.0000000000
1.0000000000
1.0000000000
1.0000000000
1.0000000000
1.0000000000
1.0000000000
1.0000000000
1.0000000000
1.0000000000
1.0000000000
1.0000000000
1.0000000000
1.0000000000
1.0000000000
1.0000000000
1.0000000000
1.0000000000
1.0000000000
0.9743918054
0.9305377721
0.9134122919
0.9340588988
0.8999679898
0.8596350832
0.8865236876
0.8253841229
0.8327464789
0.7876120359
0.8401088348
0.7912932138
0.8316261204
0.7815300896
0.8023367478
0.7253521127
0.7986555698
0.8450704225
1.0000000000
0.7973751601
0.7900128041
0.7387964149
0.6691741357
0.5806658131
0.7106274008
0.6776568502
0.6630921895
0.6349231754
0.6410051216
0.6045134443
0.6349231754
0.6997439181
0.6984635083
0.8132202305
0.8413892446
0.7863316261
0.6520486556
0.6105953905
0.6160371319
0.5958706786
0.6374839949
0.5904289373
0.6312419974
0.6251600512
0.6874199744
0.6691741357
0.6654929577
0.6251600512
0.6190781050
0.6227592830
0.6160371319
0.5830665813
0.6080345711
0.5689820743
0.6338028169
0.5787451985
0.6080345711
0.5702624840
0.6099551857
0.5635403329
0.6277208707
0.6704545455
0.6911011524
0.7192701665
0.7167093470
0.6374839949
0.7522407170
0.6997439181
0.7509603073
0.7216709347
0.7559218950
0.7058258643
0.6728553137
0.6483674776
0.6899807939
0.6728553137
0.7461587708
0.6984635083
0.7778489117
0.7229513444
0.7754481434
0.7496798976
0.7728873239
0.7631241997
0.8010563380
0.7791293214
0.8120998720
0.7826504481
0.8364276569
0.7839308579
0.8156209987
0.7973751601
0.8353072983
0.8193021767
0.8340268886
0.8034571063
0.8548335467
0.8511523688
0.8548335467
0.8340268886
0.8609154930
0.8218629962
0.8522727273
0.8401088348
0.8645966709
0.8377080666
0.8559539052
0.8193021767
0.8535531370
0.7863316261
0.7461587708
0.8108194622
0.8511523688
0.8229833547
0.8669974392
0.8450704225
0.8754801536
0.8437900128
0.9047695262
0.8498719590
0.8804417414
0.8522727273
0.8743597951
0.8681177977
0.8889244558
0.8620358515
0.9305377721
0.8669974392
0.8878040973
0.8780409731
0.9060499360
0.8841229193
0.9194942382
0.9047695262
0.9305377721
0.9242957746
0.9511843790
0.9218950064
0.9719910371
0.9451024328
0.9695902689
0.9572663252
0.9915172855
0.9572663252
0.9804737516
0.9524647887
0.9867157490
0.9622279129
0.9915172855
0.9561459667
0.9964788732
0.9683098592
0.0000000100
0.0000000100
0.0000000100
0.0000000100
0.0000000100
0.0000000100
0.0000000100
0.0000000100
0.0000000100
0.0000000100
0.0000000100
0.0000000100
0.0000000100
0.0000000100
0.0000000100
0.0000000100
0.0000000100
0.0000000100
0.0000000100
0.0000000100
0.0000000100
0.0000000100
0.0000000100
0.0000000100
0.0000000100
0.0000000100
0.0000000100
0.0000000100
0.0000000100
0.0000000100
0.0000000100
0.0000000100
0.0000000100
0.0000000100
0.0000000100
0.0000000100
0.0000000100
0.0000000100
0.0000000100
0.0000000100
0.0000000100
0.0000000100
0.0000000100
0.0000000100
0.0000000100
0.0000000100
0.0000000100
0.0000000100
0.0000000100
0.0000000100
0.0000000100
0.0000000100
0.0000000100
0.0000000100
0.0000000100
0.0000000100
0.0000000100
0.0000000100
0.0000000100
0.0000000100
0.0000000100
0.0000000100
0.0000000100
0.0000000100
0.0000000100
0.0000000100
0.0000000100
0.0000000100
0.0000000100
0.0000000100
0.0000000100
0.0000000100
0.0000000100
0.0000000100
0.0000000100
0.0000000100
0.0000000100
0.0000000100
0.0000000100
0.0000000100
0.0000000100
0.0000000100
0.0000000100
0.0000000100
0.0000000100
0.0000000100
0.0000000100
0.0000000100
0.0000000100
0.0000000100
0.0000000100
0.0000000100
0.0000000100
0.0000000100
0.0000000100
0.0000000100
0.0000000100
0.0000000100
0.0000000100
0.0000000100
0.0000000100
0.0000000100
0.0000000100
0.0000000100
0.0000000100
0.0000000100
0.0000000100
0.0000000100
0.0000000100
0.0000000100
0.0000000100
0.0000000100
0.0000000100
0.0000000100
0.0000000100
0.0000000100
0.0000000100
0.0000000100
0.0000000100
0.0000000100
0.0000000100
0.0000000100
0.0000000100
0.0000000100
0.0000000100
0.0000000100
0.0000000100
0.0000000100
0.0000000100
0.0000000100
0.0000000100
0.0000000100
0.0000000100
0.0000000100
0.0000000100
0.0000000100
0.0000000100
0.0000000100
0.0000000100
0.0000000100
0.0000000100
0.0000000100
0.0000000100
0.0000000100
0.0000000100
0.0000000100
0.0000000100
0.0000000100
0.0000000100
0.0000000100
0.0000000100
0.0000000100
0.0000000100
0.0000000100
0.0000000100
0.0000000100
0.0000000100
0.0000000100
0.0000000100
0.0000000100
0.0000000100
0.0000000100
0.0000000100
0.0000000100
0.0000000100
0.0000000100
0.0000000100
0.0000000100
0.0000000100
0.0000000100
0.0000000100
0.0000000100
0.0000000100
0.0000000100
0.0000000100
0.0000000100
0.0000000100
0.0000000100
0.0000000100
0.0000000100
0.0000000100
0.0000000100
0.0000000100
0.0000000100
0.0000000100
0.0000000100
0.0000000100
0.0000000100
0.0000000100
0.0000000100
0.0000000100
0.0000000100
0.0000000100
0.0000000100
0.0000000100
0.0000000100
0.0000000100
0.0000000100
0.0000000100
0.0000000100
0.0000000100
0.0000000100
0.0000000100
0.0000000100
0.0000000100
0.0000000100
0.0000000100
0.0000000100
0.0000000100
0.0000000100
0.0000000100
0.0000000100
0.0000000100
0.0000000100
0.0000000100
0.0000000100
0.0000000100
0.0000000100
0.0000000100
0.0000000100
0.0000000100
0.0000000100
0.0000000100
0.0000000100
0.0000000100
0.0000000100
0.0000000100
0.0000000100
0.0000000100
0.0000000100
0.0000000100
0.0000000100
0.0000000100
0.0000000100
0.0000000100
0.0000000100
0.0000000100
0.0000000100
0.0000000100
0.0000000100
0.0000000100
0.0000000100
0.0000000100
0.0000000100
0.0000000100
0.0000000100
0.0000000100
0.0000000100
0.0000000100
0.0000000100
0.0000000100
0.0000000100
0.0000000100
0.0000000100
0.0000000100
0.0000000100
0.0000000100
0.0000000100
0.0000000100
0.0000000100
0.0000000100
0.0000000100
0.0000000100
0.0000000100
0.0000000100
0.0000000100
0.0000000100
0.0000000100
0.0000000100
0.0000000100
0.0000000100
0.0000000100
0.0000000100
0.0000000100
0.0000000100
0.0000000100
0.0000000100
0.0000000100
0.0000000100
0.0000000100
0.0000000100
0.0000000100
0.0000000100
0.0000000100
0.0000000100
0.0000000100
0.0000000100
0.0000000100
0.0000000100
0.0000000100
0.0000000100
0.0000000100
0.0000000100
0.0000000100
0.0000000100
0.0000000100
0.0000000100
0.0000000100
0.0000000100
0.0000000100
0.0000000100
0.0000000100
0.0000000100
0.0000000100
0.0000000100
0.0000000100
0.0000000100
0.0000000100
0.0000000100
0.0000000100
0.0000000100
0.0000000100
0.0000000100
0.0000000100
0.0000000100
0.0000000100
0.0000000100
0.0000000100
0.0000000100
0.0000000100
0.0000000100
0.0000000100
0.0000000100
0.0000000100
0.0000000100
0.0000000100
0.0000000100
0.0000000100
0.0000000100
0.0000000100
0.0000000100
0.0000000100
0.0000000100
0.0000000100
0.0000000100
0.0000000100
0.0000000100
0.0000000100
0.0000000100
0.0000000100
0.0000000100
0.0000000100
0.0000000100
0.0000000100
0.0000000100
0.0000000100
0.0000000100
0.0000000100
0.0000000100
0.0000000100
0.0000000100
0.0000000100
0.0000000100
0.0000000100
0.0000000100
0.0000000100
0.0000000100
0.0000000100
0.0000000100
0.0000000100
0.0000000100
0.0000000100
0.0000000100
0.0000000100
0.0000000100
0.0000000100
0.0000000100
0.0000000100
