1.0000000000
1.0000000000
0.7120658135
0.9680073126
0.8478062157
1.0000000000
1.0000000000
1.0000000000
0.6750457038
0.8034734918
0.8464351005
1.0000000000
1.0000000000
1.0000000000
0.6604204753
1.0000000000
0.7504570384
1.0000000000
1.0000000000
1.0000000000
1.0000000000
0.7824497258
0.6640767824
1.0000000000
1.0000000000
1.0000000000
1.0000000000
0.7321755027
0.7198354662
1.0000000000
1.0000000000
1.0000000000
0.7422303473
0.7586837294
0.7687385740
1.0000000000
1.0000000000
0.9067641682
0.8075868373
0.9360146252
0.7879341865
1.0000000000
1.0000000000
1.0000000000
0.8788848263
0.8578610603
1.0000000000
1.0000000000
1.0000000000
1.0000000000
0.7573126143
0.9428702011
1.0000000000
1.0000000000
0.9122486289
1.0000000000
1.0000000000
0.7225776965
1.0000000000
1.0000000000
1.0000000000
0.9373857404
0.7349177331
0.8117001828
0.7573126143
1.0000000000
0.8244972578
0.5941499086
0.9346435101
0.6535648995
0.7952468007
1.0000000000
1.0000000000
1.0000000000
1.0000000000
0.7545703839
1.0000000000
1.0000000000
0.9428702011
0.7134369287
0.6581352834
1.0000000000
0.7573126143
1.0000000000
0.7865630713
1.0000000000
1.0000000000
1.0000000000
1.0000000000
1.0000000000
1.0000000000
1.0000000000
1.0000000000
1.0000000000
1.0000000000
1.0000000000
1.0000000000
1.0000000000
1.0000000000
1.0000000000
1.0000000000
1.0000000000
1.0000000000
1.0000000000
1.0000000000
1.0000000000
1.0000000000
1.0000000000
1.0000000000
1.0000000000
1.0000000000
1.0000000000
1.0000000000
1.0000000000
1.0000000000
1.0000000000
1.0000000000
1.0000000000
1.0000000000
1.0000000000
1.0000000000
1.0000000000
1.0000000000
1.0000000000
1.0000000000
1.0000000000
1.0000000000
1.0000000000
1.0000000000
1.0000000000
1.0000000000
1.0000000000
1.0000000000
1.0000000000
1.0000000000
1.0000000000
1.0000000000
1.0000000000
1.0000000000
1.0000000000
1.0000000000
1.0000000000
1.0000000000
1.0000000000
1.0000000000
1.0000000000
1.0000000000
1.0000000000
1.0000000000
1.0000000000
1.0000000000
1.0000000000
1.0000000000
1.0000000000
1.0000000000
1.0000000000
1.0000000000
1.0000000000
1.0000000000
1.0000000000
0.7714808044
0.7436014625
1.0000000000
1.0000000000
1.0000000000
1.0000000000
0.7920475320
0.7755941499
1.0000000000
1.0000000000
1.0000000000
0.8144424132
0.8089579525
0.8967093236
1.0000000000
1.0000000000
1.0000000000
1.0000000000
1.0000000000
0.7824497258
0.7504570384
1.0000000000
1.0000000000
1.0000000000
0.7518281536
0.8171846435
1.0000000000
1.0000000000
1.0000000000
0.7266910420
0.6407678245
0.6727605119
0.7266910420
1.0000000000
1.0000000000
1.0000000000
0.9904021938
1.0000000000
1.0000000000
1.0000000000
1.0000000000
0.7463436929
0.8912248629
1.0000000000
1.0000000000
1.0000000000
1.0000000000
1.0000000000
0.8939670932
0.9319012797
1.0000000000
1.0000000000
1.0000000000
0.8382084095
1.0000000000
0.8551188300
0.8103290676
1.0000000000
0.9584095064
1.0000000000
1.0000000000
1.0000000000
1.0000000000
1.0000000000
1.0000000000
1.0000000000
1.0000000000
0.9245886654
1.0000000000
0.9095063985
1.0000000000
1.0000000000
1.0000000000
1.0000000000
1.0000000000
1.0000000000
1.0000000000
1.0000000000
1.0000000000
0.8231261426
0.7266910420
1.0000000000
1.0000000000
1.0000000000
0.9136197441
0.8048446069
0.9204753199
1.0000000000
1.0000000000
1.0000000000
0.9721206581
1.0000000000
1.0000000000
1.0000000000
1.0000000000
1.0000000000
0.8857404022
1.0000000000
1.0000000000
1.0000000000
1.0000000000
0.8980804388
1.0000000000
1.0000000000
0.8212979890
0.8272394881
0.8158135283
1.0000000000
1.0000000000
1.0000000000
1.0000000000
1.0000000000
0.9958866545
1.0000000000
0.8743144424
0.9584095064
1.0000000000
1.0000000000
1.0000000000
1.0000000000
1.0000000000
1.0000000000
0.8829981718
1.0000000000
1.0000000000
1.0000000000
1.0000000000
1.0000000000
0.8592321755
1.0000000000
1.0000000000
0.9890310786
1.0000000000
1.0000000000
1.0000000000
1.0000000000
1.0000000000
0.8158135283
1.0000000000
0.9149908592
0.9081352834
1.0000000000
1.0000000000
1.0000000000
1.0000000000
1.0000000000
1.0000000000
1.0000000000
1.0000000000
1.0000000000
1.0000000000
0.8048446069
1.0000000000
1.0000000000
1.0000000000
1.0000000000
0.8592321755
0.7824497258
1.0000000000
1.0000000000
1.0000000000
0.9095063985
0.9876599634
0.8660877514
1.0000000000
1.0000000000
1.0000000000
0.8286106033
0.8994515539
1.0000000000
0.8272394881
0.9817184644
1.0000000000
1.0000000000
1.0000000000
0.7600548446
1.0000000000
1.0000000000
1.0000000000
0.9862888483
0.7531992687
0.8829981718
1.0000000000
1.0000000000
1.0000000000
0.7879341865
1.0000000000
1.0000000000
1.0000000000
1.0000000000
1.0000000000
1.0000000000
1.0000000000
1.0000000000
1.0000000000
1.0000000000
1.0000000000
1.0000000000
1.0000000000
1.0000000000
1.0000000000
1.0000000000
1.0000000000
1.0000000000
1.0000000000
1.0000000000
1.0000000000
1.0000000000
1.0000000000
1.0000000000
1.0000000000
1.0000000000
1.0000000000
1.0000000000
1.0000000000
1.0000000000
1.0000000000
1.0000000000
1.0000000000
1.0000000000
1.0000000000
1.0000000000
1.0000000000
1.0000000000
1.0000000000
1.0000000000
1.0000000000
1.0000000000
1.0000000000
1.0000000000
1.0000000000
1.0000000000
1.0000000000
1.0000000000
1.0000000000
1.0000000000
1.0000000000
1.0000000000
1.0000000000
1.0000000000
1.0000000000
1.0000000000
0.6302559415
1.0000000000
1.0000000000
1.0000000000
1.0000000000
1.0000000000
1.0000000000
1.0000000000
1.0000000000
1.0000000000
1.0000000000
1.0000000000
1.0000000000
1.0000000000
1.0000000000
1.0000000000
1.0000000000
1.0000000000
1.0000000000
0.7125228519
0.7294332724
0.6430530165
0.6023765996
0.7687385740
1.0000000000
1.0000000000
1.0000000000
0.8313528336
1.0000000000
0.4867458867
1.0000000000
1.0000000000
1.0000000000
1.0000000000
0.9067641682
0.8103290676
1.0000000000
1.0000000000
1.0000000000
1.0000000000
1.0000000000
1.0000000000
0.9510968921
1.0000000000
1.0000000000
1.0000000000
1.0000000000
1.0000000000
1.0000000000
1.0000000000
1.0000000000
1.0000000000
1.0000000000
1.0000000000
1.0000000000
0.8103290676
1.0000000000
1.0000000000
1.0000000000
0.9986288848
1.0000000000
1.0000000000
1.0000000000
1.0000000000
1.0000000000
1.0000000000
1.0000000000
1.0000000000
1.0000000000
1.0000000000
1.0000000000
1.0000000000
1.0000000000
1.0000000000
1.0000000000
1.0000000000
1.0000000000
1.0000000000
1.0000000000
1.0000000000
1.0000000000
1.0000000000
1.0000000000
1.0000000000
1.0000000000
0.9081352834
1.0000000000
1.0000000000
1.0000000000
0.9149908592
1.0000000000
1.0000000000
1.0000000000
0.7106946984
1.0000000000
0.0000000100
0.0000000100
0.0000000100
0.0000000100
0.0000000100
0.0000000100
0.0000000100
0.0000000100
0.0000000100
0.0000000100
0.0000000100
0.0000000100
0.0000000100
0.0000000100
0.0000000100
0.0000000100
0.0000000100
0.0000000100
0.0000000100
0.0000000100
0.0000000100
0.0000000100
0.0000000100
0.0000000100
0.0000000100
0.0000000100
0.0000000100
0.0000000100
0.0000000100
0.0000000100
0.0000000100
0.0000000100
0.0000000100
0.0000000100
0.0000000100
0.0000000100
0.0000000100
0.0000000100
0.0000000100
0.0000000100
0.0000000100
0.0000000100
0.0000000100
0.0000000100
0.0000000100
0.0000000100
0.0000000100
0.0000000100
0.0000000100
0.0000000100
0.0000000100
0.0000000100
0.0000000100
0.0000000100
0.0000000100
0.0000000100
0.0000000100
0.0000000100
0.0000000100
0.0000000100
0.0000000100
0.0000000100
0.0000000100
0.0000000100
0.0000000100
0.0000000100
0.0000000100
0.0000000100
0.0000000100
0.0000000100
0.0000000100
0.0000000100
0.0000000100
0.0000000100
0.0000000100
0.0000000100
0.0000000100
0.0000000100
0.0000000100
0.0000000100
0.0000000100
0.0000000100
0.0000000100
0.0000000100
0.0000000100
0.0000000100
0.0000000100
0.0000000100
0.0000000100
0.0000000100
0.0000000100
0.0000000100
0.0000000100
0.0000000100
0.0000000100
0.0000000100
0.0000000100
0.0000000100
0.0000000100
0.0000000100
0.0000000100
0.0000000100
0.0000000100
0.0000000100
0.0000000100
0.0000000100
0.0000000100
0.0000000100
0.0000000100
0.0000000100
0.0000000100
0.0000000100
0.0000000100
0.0000000100
0.0000000100
0.0000000100
0.0000000100
0.0000000100
0.0000000100
0.0000000100
0.0000000100
0.0000000100
0.0000000100
0.0000000100
0.0000000100
0.0000000100
0.0000000100
0.0000000100
0.0000000100
0.0000000100
0.0000000100
0.0000000100
0.0000000100
0.0000000100
0.0000000100
0.0000000100
0.0000000100
0.0000000100
0.0000000100
0.0000000100
0.0000000100
0.0000000100
0.0000000100
0.0000000100
0.0000000100
0.0000000100
0.0000000100
0.0000000100
0.0000000100
0.0000000100
0.0000000100
0.0000000100
0.0000000100
0.0000000100
0.0000000100
0.0000000100
0.0000000100
0.0000000100
0.0000000100
0.0000000100
0.0000000100
0.0000000100
0.0000000100
0.0000000100
0.0000000100
0.0000000100
0.0000000100
0.0000000100
0.0000000100
0.0000000100
0.0000000100
0.0000000100
0.0000000100
0.0000000100
0.0000000100
0.0000000100
0.0000000100
0.0000000100
0.0000000100
0.0000000100
0.0000000100
0.0000000100
0.0000000100
0.0000000100
0.0000000100
0.0000000100
0.0000000100
0.0000000100
0.0000000100
0.0000000100
0.0000000100
0.0000000100
0.0000000100
0.0000000100
0.0000000100
0.0000000100
0.0000000100
0.0000000100
0.0000000100
0.0000000100
0.0000000100
0.0000000100
0.0000000100
0.0000000100
0.0000000100
0.0000000100
0.0000000100
0.0000000100
0.0000000100
0.0000000100
0.0000000100
0.0000000100
0.0000000100
0.0000000100
0.0000000100
0.0000000100
0.0000000100
0.0000000100
0.0000000100
0.0000000100
0.0000000100
0.0000000100
0.0000000100
0.0000000100
0.0000000100
0.0000000100
0.0000000100
0.0000000100
0.0000000100
0.0000000100
0.0000000100
0.0000000100
0.0000000100
0.0000000100
0.0000000100
0.0000000100
0.0000000100
0.0000000100
0.0000000100
0.0000000100
0.0000000100
0.0000000100
0.0000000100
0.0000000100
0.0000000100
0.0000000100
0.0000000100
0.0000000100
0.0000000100
0.0000000100
0.0000000100
0.0000000100
0.0000000100
0.0000000100
0.0000000100
0.0000000100
0.0000000100
0.0000000100
0.0000000100
0.0000000100
0.0000000100
0.0000000100
0.0000000100
0.0000000100
0.0000000100
0.0000000100
0.0000000100
0.0000000100
0.0000000100
0.0000000100
0.0000000100
0.0000000100
0.0000000100
0.0000000100
0.0000000100
0.0000000100
0.0000000100
0.0000000100
0.0000000100
0.0000000100
0.0000000100
0.0000000100
0.0000000100
0.0000000100
0.0000000100
0.0000000100
0.0000000100
0.0000000100
0.0000000100
0.0000000100
0.0000000100
0.0000000100
0.0000000100
0.0000000100
0.0000000100
0.0000000100
0.0000000100
0.0000000100
0.0000000100
0.0000000100
0.0000000100
0.0000000100
0.0000000100
0.0000000100
0.0000000100
0.0000000100
0.0000000100
0.0000000100
0.0000000100
0.0000000100
0.0000000100
0.0000000100
0.0000000100
0.0000000100
0.0000000100
0.0000000100
0.0000000100
0.0000000100
0.0000000100
0.0000000100
0.0000000100
0.0000000100
0.0000000100
0.0000000100
0.0000000100
0.0000000100
0.0000000100
0.0000000100
0.0000000100
0.0000000100
0.0000000100
0.0000000100
0.0000000100
0.0000000100
0.0000000100
0.0000000100
0.0000000100
0.0000000100
0.0000000100
0.0000000100
0.0000000100
0.0000000100
0.0000000100
0.0000000100
0.0000000100
0.0000000100
0.0000000100
0.0000000100
0.0000000100
0.0000000100
0.0000000100
0.0000000100
0.0000000100
0.0000000100
0.0000000100
0.0000000100
0.0000000100
0.0000000100
0.0000000100
0.0000000100
0.0000000100
0.0000000100
0.0000000100
0.0000000100
0.0000000100
0.0000000100
0.0000000100
0.0000000100
0.0000000100
0.0000000100
0.0000000100
0.0000000100
0.0000000100
