0.8544000000
0.8534400000
0.8739200000
0.8819200000
0.8867200000
0.9728000000
0.9347200000
0.8905600000
0.8886400000
0.9033600000
0.9990400000
0.9472000000
0.9315200000
0.9161600000
0.9043200000
0.8976000000
0.9129600000
0.8720000000
0.8710400000
0.8524800000
0.9033600000
0.9190400000
0.9062400000
0.9228800000
0.8848000000
0.8828800000
0.8768000000
0.8819200000
0.8905600000
0.8563200000
0.8604800000
0.9500800000
0.8876800000
0.9462400000
0.8710400000
0.8582400000
0.8582400000
0.8595200000
0.9091200000
0.9619200000
0.9843200000
0.9385600000
0.9014400000
0.9052800000
0.8544000000
0.8400000000
0.8281600000
0.8428800000
0.9148800000
0.9043200000
0.8524800000
0.8748800000
0.8876800000
0.9052800000
0.8758400000
0.8876800000
0.9033600000
0.8368000000
0.8281600000
0.8867200000
0.9024000000
0.9110400000
0.9276800000
0.8691200000
0.8790400000
0.8867200000
0.8720000000
0.8976000000
0.9200000000
0.8758400000
0.8467200000
0.8748800000
0.8643200000
0.8448000000
0.8505600000
0.8448000000
0.8486400000
0.8467200000
0.8624000000
0.8876800000
0.8614400000
0.8505600000
0.9462400000
0.9481600000
0.9600000000
0.9824000000
0.9990400000
0.9600000000
0.9366400000
0.9081600000
0.9385600000
0.9276800000
0.8848000000
0.9366400000
0.9881600000
0.9219200000
0.9376000000
0.8953600000
0.9443200000
0.9209600000
0.8515200000
0.8604800000
0.9180800000
0.8876800000
0.9200000000
0.9667200000
0.9971200000
0.9638400000
0.9737600000
0.9648000000
0.9776000000
0.9305600000
0.8915200000
0.8896000000
1.0000000000
0.9619200000
0.8944000000
0.9180800000
0.9180800000
0.9200000000
0.9657600000
0.9609600000
1.0000000000
0.9696000000
0.9491200000
0.9305600000
0.9715200000
0.9913600000
1.0000000000
1.0000000000
0.9980800000
1.0000000000
1.0000000000
0.9900800000
0.9824000000
1.0000000000
0.9961600000
0.9833600000
0.9520000000
0.9433600000
0.9638400000
0.9638400000
0.9161600000
0.9552000000
1.0000000000
1.0000000000
1.0000000000
1.0000000000
1.0000000000
1.0000000000
1.0000000000
1.0000000000
1.0000000000
1.0000000000
1.0000000000
1.0000000000
1.0000000000
1.0000000000
1.0000000000
1.0000000000
1.0000000000
1.0000000000
1.0000000000
1.0000000000
1.0000000000
1.0000000000
1.0000000000
1.0000000000
1.0000000000
1.0000000000
1.0000000000
1.0000000000
1.0000000000
0.9676800000
0.9062400000
0.9200000000
0.9657600000
0.9961600000
1.0000000000
0.9852800000
0.9552000000
0.9286400000
0.9139200000
0.9228800000
0.9110400000
0.9638400000
0.9139200000
0.9276800000
0.9180800000
0.9043200000
0.8976000000
0.9804800000
0.9014400000
0.9395200000
0.9376000000
0.9385600000
0.9267200000
0.9257600000
0.9161600000
0.9347200000
0.9180800000
0.9376000000
0.9932800000
0.9952000000
0.9443200000
0.9520000000
0.9552000000
0.9491200000
1.0000000000
1.0000000000
1.0000000000
1.0000000000
1.0000000000
1.0000000000
1.0000000000
1.0000000000
1.0000000000
0.9795200000
0.9952000000
1.0000000000
1.0000000000
1.0000000000
1.0000000000
1.0000000000
1.0000000000
1.0000000000
0.9852800000
0.9881600000
0.9952000000
0.9952000000
0.9872000000
0.9366400000
0.9881600000
0.9862400000
0.9590400000
0.9843200000
0.9804800000
0.9795200000
0.9872000000
0.9795200000
0.9737600000
0.9952000000
0.9728000000
0.9971200000
1.0000000000
1.0000000000
0.9862400000
0.9952000000
0.9872000000
0.9923200000
0.9971200000
1.0000000000
1.0000000000
0.9715200000
0.9580800000
0.9881600000
0.9305600000
0.9267200000
0.9267200000
1.0000000000
0.9833600000
0.9715200000
0.9296000000
0.9043200000
0.8995200000
0.9510400000
0.9942400000
0.9619200000
0.9961600000
0.9872000000
0.9785600000
0.9980800000
0.9942400000
0.9833600000
0.9881600000
0.9600000000
0.9200000000
0.9552000000
0.9110400000
0.9110400000
0.9737600000
0.9404800000
0.9747200000
0.9852800000
0.9648000000
0.9824000000
0.9334400000
0.9296000000
0.9072000000
0.9148800000
0.9462400000
0.9100800000
0.9171200000
0.9414400000
0.9481600000
0.9580800000
0.9491200000
0.9804800000
0.9347200000
0.8995200000
0.9872000000
1.0000000000
0.9561600000
0.9510400000
0.9481600000
1.0000000000
0.9862400000
0.9824000000
0.9804800000
0.9676800000
0.9609600000
0.9776000000
0.9728000000
1.0000000000
0.9609600000
0.9347200000
0.9385600000
0.9785600000
1.0000000000
1.0000000000
1.0000000000
1.0000000000
1.0000000000
1.0000000000
1.0000000000
0.9766400000
0.9542400000
0.9580800000
0.9305600000
0.9190400000
0.9110400000
0.9024000000
0.8896000000
0.9209600000
0.9014400000
0.9228800000
0.9024000000
0.9756800000
0.9872000000
0.9776000000
0.9452800000
0.9491200000
0.8886400000
0.9571200000
0.9638400000
0.9510400000
0.9600000000
1.0000000000
1.0000000000
0.9881600000
0.9971200000
0.9952000000
0.9728000000
0.9776000000
0.9004800000
0.9334400000
0.9795200000
0.9366400000
0.9081600000
0.8944000000
0.8505600000
0.9180800000
0.9356800000
1.0000000000
1.0000000000
0.9900800000
1.0000000000
1.0000000000
0.9580800000
0.9257600000
0.9033600000
0.8985600000
1.0000000000
1.0000000000
0.9404800000
0.9500800000
1.0000000000
0.9824000000
0.9795200000
0.9500800000
0.9334400000
0.9052800000
0.8896000000
0.9033600000
0.8633600000
0.8819200000
0.9100800000
0.8995200000
0.8944000000
0.9072000000
0.9395200000
0.9737600000
0.9824000000
0.9148800000
0.9200000000
0.9228800000
0.9081600000
0.9452800000
0.9628800000
0.9561600000
0.9267200000
0.9424000000
1.0000000000
1.0000000000
0.9686400000
1.0000000000
0.9814400000
0.9580800000
0.9728000000
0.8934400000
0.8614400000
0.8905600000
0.9433600000
0.8848000000
0.8876800000
0.8572800000
0.8643200000
0.8953600000
0.8953600000
0.9628800000
0.9414400000
0.9462400000
0.9715200000
0.9376000000
0.9913600000
0.9376000000
0.9356800000
0.9510400000
0.9552000000
0.8966400000
0.8595200000
0.8633600000
0.9276800000
0.9257600000
0.9424000000
0.9248000000
0.8358400000
0.8428800000
0.8505600000
0.8995200000
0.9472000000
1.0000000000
1.0000000000
1.0000000000
0.9590400000
0.9424000000
0.9472000000
0.8857600000
0.8985600000
0.9081600000
0.9347200000
0.9932800000
0.9980800000
0.9296000000
0.9228800000
0.9180800000
0.9404800000
0.9862400000
0.9932800000
0.9785600000
0.9356800000
0.9638400000
0.9747200000
0.9824000000
0.9686400000
0.9619200000
0.9481600000
0.9676800000
0.9747200000
0.9571200000
0.9980800000
0.9891200000
0.9852800000
1.0000000000
0.9756800000
0.9756800000
0.9296000000
0.9052800000
0.9580800000
1.0000000000
0.9129600000
0.9257600000
0.9033600000
0.9324800000
0.9139200000
0.9648000000
0.9932800000
0.9952000000
0.9667200000
0.9638400000
0.9376000000
0.9129600000
0.9004800000
0.9561600000
0.9667200000
0.9267200000
0.9500800000
1.0000000000
1.0000000000
1.0000000000
1.0000000000
1.0000000000
0.0000000100
0.0000000100
0.0000000100
0.0000000100
0.0000000100
0.0000000100
0.0000000100
0.0000000100
0.0000000100
0.0000000100
0.0000000100
0.0000000100
0.0000000100
0.0000000100
0.0000000100
0.0000000100
0.0000000100
0.0000000100
0.0000000100
0.0000000100
0.0000000100
0.0000000100
0.0000000100
0.0000000100
0.0000000100
0.0000000100
0.0000000100
0.0000000100
0.0000000100
0.0000000100
0.0000000100
0.0000000100
0.0000000100
0.0000000100
0.0000000100
0.0000000100
0.0000000100
0.0000000100
0.0000000100
0.0000000100
0.0000000100
0.0000000100
0.0000000100
0.0000000100
0.0000000100
0.0000000100
0.0000000100
0.0000000100
0.0000000100
0.0000000100
0.0000000100
0.0000000100
0.0000000100
0.0000000100
0.0000000100
0.0000000100
0.0000000100
0.0000000100
0.0000000100
0.0000000100
0.0000000100
0.0000000100
0.0000000100
0.0000000100
0.0000000100
0.0000000100
0.0000000100
0.0000000100
0.0000000100
0.0000000100
0.0000000100
0.0000000100
0.0000000100
0.0000000100
0.0000000100
0.0000000100
0.0000000100
0.0000000100
0.0000000100
0.0000000100
0.0000000100
0.0000000100
0.0000000100
0.0000000100
0.0000000100
0.0000000100
0.0000000100
0.0000000100
0.0000000100
0.0000000100
0.0000000100
0.0000000100
0.0000000100
0.0000000100
0.0000000100
0.0000000100
0.0000000100
0.0000000100
0.0000000100
0.0000000100
0.0000000100
0.0000000100
0.0000000100
0.0000000100
0.0000000100
0.0000000100
0.0000000100
0.0000000100
0.0000000100
0.0000000100
0.0000000100
0.0000000100
0.0000000100
0.0000000100
0.0000000100
0.0000000100
0.0000000100
0.0000000100
0.0000000100
0.0000000100
0.0000000100
0.0000000100
0.0000000100
0.0000000100
0.0000000100
0.0000000100
0.0000000100
0.0000000100
0.0000000100
0.0000000100
0.0000000100
0.0000000100
0.0000000100
0.0000000100
0.0000000100
0.0000000100
0.0000000100
0.0000000100
0.0000000100
0.0000000100
0.0000000100
0.0000000100
0.0000000100
0.0000000100
0.0000000100
0.0000000100
0.0000000100
0.0000000100
0.0000000100
0.0000000100
0.0000000100
0.0000000100
0.0000000100
0.0000000100
0.0000000100
0.0000000100
0.0000000100
0.0000000100
0.0000000100
0.0000000100
0.0000000100
0.0000000100
0.0000000100
0.0000000100
0.0000000100
0.0000000100
0.0000000100
0.0000000100
0.0000000100
0.0000000100
0.0000000100
0.0000000100
0.0000000100
0.0000000100
0.0000000100
0.0000000100
0.0000000100
0.0000000100
0.0000000100
0.0000000100
0.0000000100
0.0000000100
0.0000000100
0.0000000100
0.0000000100
0.0000000100
0.0000000100
0.0000000100
0.0000000100
0.0000000100
0.0000000100
0.0000000100
0.0000000100
0.0000000100
0.0000000100
0.0000000100
0.0000000100
0.0000000100
0.0000000100
0.0000000100
0.0000000100
0.0000000100
0.0000000100
0.0000000100
0.0000000100
0.0000000100
0.0000000100
0.0000000100
0.0000000100
0.0000000100
0.0000000100
0.0000000100
0.0000000100
0.0000000100
0.0000000100
0.0000000100
0.0000000100
0.0000000100
0.0000000100
0.0000000100
0.0000000100
0.0000000100
0.0000000100
0.0000000100
0.0000000100
0.0000000100
0.0000000100
0.0000000100
0.0000000100
0.0000000100
0.0000000100
0.0000000100
0.0000000100
0.0000000100
0.0000000100
0.0000000100
0.0000000100
0.0000000100
0.0000000100
0.0000000100
0.0000000100
0.0000000100
0.0000000100
0.0000000100
0.0000000100
0.0000000100
0.0000000100
0.0000000100
0.0000000100
0.0000000100
0.0000000100
0.0000000100
0.0000000100
0.0000000100
0.0000000100
0.0000000100
0.0000000100
0.0000000100
0.0000000100
0.0000000100
0.0000000100
0.0000000100
0.0000000100
0.0000000100
0.0000000100
0.0000000100
0.0000000100
0.0000000100
0.0000000100
0.0000000100
0.0000000100
0.0000000100
0.0000000100
0.0000000100
0.0000000100
0.0000000100
0.0000000100
0.0000000100
0.0000000100
0.0000000100
0.0000000100
0.0000000100
0.0000000100
0.0000000100
0.0000000100
0.0000000100
0.0000000100
0.0000000100
0.0000000100
0.0000000100
0.0000000100
0.0000000100
0.0000000100
0.0000000100
0.0000000100
0.0000000100
0.0000000100
0.0000000100
0.0000000100
0.0000000100
0.0000000100
0.0000000100
0.0000000100
0.0000000100
0.0000000100
0.0000000100
0.0000000100
0.0000000100
0.0000000100
0.0000000100
0.0000000100
0.0000000100
0.0000000100
0.0000000100
0.0000000100
0.0000000100
0.0000000100
0.0000000100
0.0000000100
0.0000000100
0.0000000100
0.0000000100
0.0000000100
0.0000000100
0.0000000100
0.0000000100
0.0000000100
0.0000000100
0.0000000100
0.0000000100
0.0000000100
0.0000000100
0.0000000100
0.0000000100
0.0000000100
0.0000000100
0.0000000100
0.0000000100
0.0000000100
0.0000000100
0.0000000100
0.0000000100
0.0000000100
0.0000000100
0.0000000100
0.0000000100
0.0000000100
0.0000000100
0.0000000100
0.0000000100
0.0000000100
0.0000000100
0.0000000100
0.0000000100
0.0000000100
0.0000000100
0.0000000100
0.0000000100
0.0000000100
0.0000000100
0.0000000100
0.0000000100
0.0000000100
0.0000000100
0.0000000100
0.0000000100
0.0000000100
0.0000000100
