0.8648432288
0.9055370247
0.8892595063
0.8827218145
0.8811207472
0.8501667779
0.8795196798
0.8779186124
0.8616410941
0.8761841227
0.8176117412
0.8908605737
0.8745830554
0.9071380921
0.9251501001
0.8811207472
0.8322881921
0.8843228819
0.8957971981
0.8583055370
0.8811207472
0.8517678452
0.8314876584
0.8664442962
0.8306871247
0.8533689126
0.8134756504
0.8314876584
0.8680453636
0.8297531688
0.8168112075
0.7947965310
0.7598398933
0.7654436291
0.7671781187
0.7646430954
0.7418278853
0.7182121414
0.6572381588
0.6465643763
0.6368245497
0.6945963976
0.6848565710
0.6889926618
0.6897931955
0.6775183456
0.6775183456
0.6832555037
0.6588392262
0.6709806538
0.6751167445
0.6848565710
0.6783188793
0.6701801201
0.6400266845
0.6245496998
0.6791194129
0.6344229486
0.6417611741
0.6132088059
0.6302868579
0.6270847231
0.5480987325
0.5945296865
0.5814543029
0.5667778519
0.5374249500
0.5545030020
0.5308872582
0.5488992662
0.5374249500
0.5374249500
0.5171447632
0.4812541694
0.4901934623
0.4975316878
0.4901934623
0.4901934623
0.0889659773
0.0653502335
0.1675783856
0.8208138759
0.7027351568
0.7084723149
0.7035356905
0.6880587058
0.7263509006
0.7100733823
0.7589059373
0.7711807872
0.7158105404
0.7084723149
0.7263509006
0.6995330220
0.6953969313
0.7027351568
0.6963308873
0.7166110740
0.6701801201
0.7174116077
0.7134089393
0.7370246831
0.7443629086
0.7410273516
0.7296864576
0.7426284189
0.6979319546
0.7142094730
0.7271514343
0.7060707138
0.7199466311
0.7646430954
0.7939959973
0.7703802535
0.7435623749
0.7362241494
0.8013342228
0.7923949300
0.7939959973
0.7825216811
0.7199466311
0.7874583055
0.7646430954
0.7858572382
0.8126751167
0.7979986658
0.7662441628
0.7174116077
0.6808539026
0.7459639760
0.6937958639
0.7084723149
0.7199466311
0.7785190127
0.7630420280
0.7231487658
0.7459639760
0.7174116077
0.6979319546
0.7328885924
0.7320880587
0.8388258839
0.8338892595
0.8061374249
0.7533022015
0.7671781187
0.7793195464
0.7671781187
0.7727818546
0.7777184790
0.7573048699
0.7288859239
0.6612408272
0.6783188793
0.7011340894
0.7158105404
0.6971314209
0.7190126751
0.6921947965
0.6937958639
0.7108739159
0.7174116077
0.7223482322
0.7190126751
0.7239492995
0.6987324883
0.6856571047
0.6563042028
0.6653769179
0.7182121414
0.7223482322
0.6905937292
0.6677785190
0.6709806538
0.6921947965
0.7215476985
0.7581054036
0.6604402935
0.6507004670
0.6840560374
0.7126084056
0.7231487658
0.7753168779
0.7255503669
0.7100733823
0.7092728486
0.7418278853
0.7271514343
0.7386257505
0.7638425617
0.7638425617
0.7166110740
0.6921947965
0.7215476985
0.7182121414
0.7019346231
0.6921947965
0.6490993996
0.7223482322
0.7336891261
0.7638425617
0.7565043362
0.7076717812
0.7060707138
0.6897931955
0.7223482322
0.7044696464
0.7271514343
0.6669779853
0.6791194129
0.6848565710
0.7035356905
0.7068712475
0.6897931955
0.6971314209
0.7068712475
0.7199466311
0.6539026017
0.6669779853
0.7076717812
0.6661774516
0.7044696464
0.6897931955
0.6897931955
0.6987324883
0.7134089393
0.7092728486
0.7068712475
0.7426284189
0.7320880587
0.7352901935
0.7027351568
0.6979319546
0.6937958639
0.6685790527
0.7174116077
0.6864576384
0.7044696464
0.6669779853
0.6905937292
0.6408272181
0.6572381588
0.6995330220
0.6604402935
0.6963308873
0.6727151434
0.6515010007
0.7003335557
0.6897931955
0.6945963976
0.6653769179
0.6840560374
0.6701801201
0.6937958639
0.7108739159
0.6963308873
0.6701801201
0.7003335557
0.6384256171
0.6384256171
0.6848565710
0.6775183456
0.6880587058
0.6889926618
0.6864576384
0.7352901935
0.7044696464
0.6824549700
0.6816544363
0.6945963976
0.7044696464
0.7100733823
0.7475650434
0.7271514343
0.7223482322
0.7076717812
0.6743162108
0.6937958639
0.6759172782
0.6971314209
0.7003335557
0.6563042028
0.6913942628
0.6644429620
0.6653769179
0.6840560374
0.6701801201
0.6816544363
0.7108739159
0.6636424283
0.6921947965
0.7011340894
0.6677785190
0.6596397598
0.6449633089
0.6767178119
0.6937958639
0.6913942628
0.6897931955
0.6945963976
0.6539026017
0.6449633089
0.6376250834
0.6572381588
0.6693795864
0.6563042028
0.6360240160
0.6336224149
0.6799199466
0.6727151434
0.6693795864
0.6441627752
0.6515010007
0.6270847231
0.6441627752
0.6336224149
0.6547031354
0.6156104069
0.5790527018
0.5594396264
0.5342228152
0.5488992662
0.5602401601
0.5358238826
0.5064709807
0.5016677785
0.5024683122
0.5318212141
0.5048699133
0.4951300867
0.4861907939
0.5179452969
0.4755170113
0.5171447632
0.4836557705
0.4975316878
0.4715143429
0.4437625083
0.4193462308
0.4356237492
0.4316210807
0.4511007338
0.4373582388
0.4282855237
0.4470980654
0.4266844563
0.4161440961
0.3961307538
0.3827885257
0.3847898599
0.3635757171
0.3754503002
0.3705136758
0.3754503002
0.3843895931
0.3591727819
0.3607738492
0.3725150100
0.3550366911
0.3448965977
0.3342228152
0.3314209473
0.3204803202
0.3163442295
0.3204803202
0.2980653769
0.1105537025
0.0701400934
0.0673915944
0.0673915944
0.5903935957
0.7362241494
0.7743829219
0.6937958639
0.6963308873
0.7150100067
0.6840560374
0.7418278853
0.7190126751
0.7386257505
0.7418278853
0.7304869913
0.7344896598
0.7011340894
0.7263509006
0.7370246831
0.7116744496
0.7435623749
0.7475650434
0.7271514343
0.7304869913
0.7035356905
0.7280853903
0.7793195464
0.7614409606
0.7890593729
0.7662441628
0.7541027352
0.7336891261
0.7646430954
0.7231487658
0.7769179453
0.7296864576
0.7418278853
0.7491661107
0.7695797198
0.7687791861
0.7499666444
0.7451634423
0.7915943963
0.8029352902
0.7271514343
0.7630420280
0.7687791861
0.7997331554
0.7671781187
0.7793195464
0.7939959973
0.7834556371
0.7979986658
0.7777184790
0.7727818546
0.8273515677
0.8452301534
0.8469646431
0.8388258839
0.8314876584
0.7703802535
0.7890593729
0.8469646431
0.8680453636
0.8501667779
0.8322881921
0.8152101401
0.8208138759
0.8086724483
0.2793862575
0.0737024683
0.0754236157
0.8330887258
0.6490993996
0.6181454303
0.6058705804
0.5773182121
0.6490993996
0.6344229486
0.6929953302
0.6937958639
0.7035356905
0.6727151434
0.6685790527
0.6417611741
0.6808539026
0.6531020680
0.6555036691
0.6864576384
0.7134089393
0.7092728486
0.6880587058
0.6816544363
0.6808539026
0.7100733823
0.7255503669
0.7507671781
0.7418278853
0.6921947965
0.7084723149
0.7402268179
0.7215476985
0.7378252168
0.7239492995
0.7288859239
0.7100733823
0.7378252168
0.7271514343
0.6848565710
0.6735156771
0.7019346231
0.6937958639
0.7288859239
0.7166110740
0.7223482322
0.7662441628
0.7352901935
0.7370246831
0.7158105404
0.7719813209
0.7630420280
0.7939959973
0.8452301534
0.8420280187
0.8779186124
0.8713809206
0.8583055370
0.8168112075
0.8533689126
0.8144096064
0.8102735157
0.7923949300
0.7549032688
0.8152101401
0.7793195464
0.0000000100
0.0000000100
0.0000000100
0.0000000100
0.0000000100
0.0000000100
0.0000000100
0.0000000100
0.0000000100
0.0000000100
0.0000000100
0.0000000100
0.0000000100
0.0000000100
0.0000000100
0.0000000100
0.0000000100
0.0000000100
0.0000000100
0.0000000100
0.0000000100
0.0000000100
0.0000000100
0.0000000100
0.0000000100
0.0000000100
0.0000000100
0.0000000100
0.0000000100
0.0000000100
0.0000000100
0.0000000100
0.0000000100
0.0000000100
0.0000000100
0.0000000100
0.0000000100
0.0000000100
0.0000000100
0.0000000100
0.0000000100
0.0000000100
0.0000000100
0.0000000100
0.0000000100
0.0000000100
0.0000000100
0.0000000100
0.0000000100
0.0000000100
0.0000000100
0.0000000100
0.0000000100
0.0000000100
0.0000000100
0.0000000100
0.0000000100
0.0000000100
0.0000000100
0.0000000100
0.0000000100
0.0000000100
0.0000000100
0.0000000100
0.0000000100
0.0000000100
0.0000000100
0.0000000100
0.0000000100
0.0000000100
0.0000000100
0.0000000100
0.0000000100
0.0000000100
0.0000000100
0.0000000100
0.0000000100
0.0000000100
0.0000000100
0.0000000100
0.0000000100
0.0000000100
0.0000000100
0.0000000100
0.0000000100
0.0000000100
0.0000000100
0.0000000100
0.0000000100
0.0000000100
0.0000000100
0.0000000100
0.0000000100
0.0000000100
0.0000000100
0.0000000100
0.0000000100
0.0000000100
0.0000000100
0.0000000100
0.0000000100
0.0000000100
0.0000000100
0.0000000100
0.0000000100
0.0000000100
0.0000000100
0.0000000100
0.0000000100
0.0000000100
0.0000000100
0.0000000100
0.0000000100
0.0000000100
0.0000000100
0.0000000100
0.0000000100
0.0000000100
0.0000000100
0.0000000100
0.0000000100
0.0000000100
0.0000000100
0.0000000100
0.0000000100
0.0000000100
0.0000000100
0.0000000100
0.0000000100
0.0000000100
0.0000000100
0.0000000100
0.0000000100
0.0000000100
0.0000000100
0.0000000100
0.0000000100
0.0000000100
0.0000000100
0.0000000100
0.0000000100
0.0000000100
0.0000000100
0.0000000100
0.0000000100
0.0000000100
0.0000000100
0.0000000100
0.0000000100
0.0000000100
0.0000000100
0.0000000100
0.0000000100
0.0000000100
0.0000000100
0.0000000100
0.0000000100
0.0000000100
0.0000000100
0.0000000100
0.0000000100
0.0000000100
0.0000000100
0.0000000100
0.0000000100
0.0000000100
0.0000000100
0.0000000100
0.0000000100
0.0000000100
0.0000000100
0.0000000100
0.0000000100
0.0000000100
0.0000000100
0.0000000100
0.0000000100
0.0000000100
0.0000000100
0.0000000100
0.0000000100
0.0000000100
0.0000000100
0.0000000100
0.0000000100
0.0000000100
0.0000000100
0.0000000100
0.0000000100
0.0000000100
0.0000000100
0.0000000100
0.0000000100
0.0000000100
0.0000000100
0.0000000100
0.0000000100
0.0000000100
0.0000000100
0.0000000100
0.0000000100
0.0000000100
0.0000000100
0.0000000100
0.0000000100
0.0000000100
0.0000000100
0.0000000100
0.0000000100
0.0000000100
0.0000000100
0.0000000100
0.0000000100
0.0000000100
0.0000000100
0.0000000100
0.0000000100
0.0000000100
0.0000000100
0.0000000100
0.0000000100
0.0000000100
0.0000000100
0.0000000100
0.0000000100
0.0000000100
0.0000000100
0.0000000100
0.0000000100
0.0000000100
0.0000000100
0.0000000100
0.0000000100
0.0000000100
0.0000000100
0.0000000100
0.0000000100
0.0000000100
0.0000000100
0.0000000100
0.0000000100
0.0000000100
0.0000000100
0.0000000100
0.0000000100
0.0000000100
0.0000000100
0.0000000100
0.0000000100
0.0000000100
0.0000000100
0.0000000100
0.0000000100
0.0000000100
0.0000000100
0.0000000100
0.0000000100
0.0000000100
0.0000000100
0.0000000100
0.0000000100
0.0000000100
0.0000000100
0.0000000100
0.0000000100
0.0000000100
0.0000000100
0.0000000100
0.0000000100
0.0000000100
0.0000000100
0.0000000100
0.0000000100
0.0000000100
0.0000000100
0.0000000100
0.0000000100
0.0000000100
0.0000000100
0.0000000100
0.0000000100
0.0000000100
0.0000000100
0.0000000100
0.0000000100
0.0000000100
0.0000000100
0.0000000100
0.0000000100
0.0000000100
0.0000000100
0.0000000100
0.0000000100
0.0000000100
0.0000000100
0.0000000100
0.0000000100
0.0000000100
0.0000000100
0.0000000100
0.0000000100
0.0000000100
0.0000000100
0.0000000100
0.0000000100
0.0000000100
0.0000000100
0.0000000100
0.0000000100
0.0000000100
0.0000000100
0.0000000100
0.0000000100
0.0000000100
0.0000000100
0.0000000100
0.0000000100
0.0000000100
0.0000000100
0.0000000100
0.0000000100
0.0000000100
0.0000000100
0.0000000100
0.0000000100
0.0000000100
0.0000000100
0.0000000100
0.0000000100
0.0000000100
0.0000000100
0.0000000100
0.0000000100
0.0000000100
0.0000000100
0.0000000100
0.0000000100
0.0000000100
0.0000000100
0.0000000100
0.0000000100
0.0000000100
0.0000000100
0.0000000100
0.0000000100
0.0000000100
0.0000000100
0.0000000100
0.0000000100
0.0000000100
0.0000000100
0.0000000100
0.0000000100
0.0000000100
0.0000000100
0.0000000100
0.0000000100
0.0000000100
0.0000000100
0.0000000100
0.0000000100
0.0000000100
0.0000000100
0.0000000100
0.0000000100
0.0000000100
0.0000000100
0.0000000100
