0.0824533333
0.0800000000
0.0836800000
0.0849600000
0.0817066667
0.0809600000
0.0776533333
0.0857600000
0.0835200000
0.0830933333
0.0885333333
0.0859200000
0.0795200000
0.0813866667
0.0827733333
0.0826133333
0.0750933333
0.0770666667
0.0786133333
0.0758400000
0.0823466667
0.0843200000
0.0761066667
0.0821866667
0.0746133333
0.0764266667
0.0796800000
0.0808000000
0.0788800000
0.0720000000
0.0765866667
0.0686933333
0.0668800000
0.0716800000
0.0729066667
0.0642133333
0.0685866667
0.0642133333
0.0629333333
0.0633066667
0.0594133333
0.0552533333
0.0552000000
0.0521653333
0.0537066667
0.0481760000
0.0466293333
0.0484213333
0.0455733333
0.0441920000
0.0373120000
0.0384533333
0.0372320000
0.0359306667
0.0330826667
0.0339786667
0.0288906667
0.0302720000
0.0290133333
0.0277920000
0.0257973333
0.0225813333
0.0216853333
0.0187786667
0.0213600000
0.0184106667
0.0188000000
0.0182880000
0.0182720000
0.0158293333
0.0148906667
0.0157066667
0.0133866667
0.0133866667
0.0139786667
0.0130613333
0.0140800000
0.0122293333
0.0107413333
0.0099093333
0.0117600000
0.0102933333
0.0115360000
0.0108053333
0.0098880000
0.0098453333
0.0108853333
0.0106186667
0.0111093333
0.0105386667
0.0092266667
0.0118026667
0.0109066667
0.0109440000
0.0082880000
0.0108426667
0.0091733333
0.0066133333
0.0096640000
0.0072533333
0.0079840000
0.0082613333
0.0076586667
0.0078240000
0.0083626667
0.0097226667
0.0082293333
0.0093813333
0.0056533333
0.0071733333
0.0056533333
0.0071093333
0.0049029333
0.0076000000
0.0082186667
0.0061760000
0.0072533333
0.0067840000
0.0081386667
0.0073120000
0.0067146667
0.0097333333
0.0077013333
0.0088213333
0.0115946667
0.0090933333
0.0108213333
0.0097973333
0.0094613333
0.0091733333
0.0108426667
0.0124320000
0.0100586667
0.0104960000
0.0089120000
0.0107040000
0.0159520000
0.0134080000
0.0154826667
0.0144426667
0.0159093333
0.0146080000
0.0189386667
0.0144853333
0.0137760000
0.0137920000
0.0149920000
0.0157653333
0.0177386667
0.0197333333
0.0227840000
0.0178240000
0.0189013333
0.0208746667
0.0220533333
0.0221760000
0.0214826667
0.0227840000
0.0233173333
0.0257973333
0.0322240000
0.0454933333
0.0466293333
0.0450826667
0.0542933333
0.0463040000
0.0557333333
0.0545066667
0.0567466667
0.0580266667
0.0584533333
0.0578666667
0.0634666667
0.0605333333
0.0616000000
0.0598933333
0.0671466667
0.0679466667
0.0689066667
0.0673066667
0.0680533333
0.0654933333
0.0734933333
0.0747200000
0.0769600000
0.0726933333
0.0723733333
0.0730666667
0.0742933333
0.0724266667
0.0750400000
0.0760000000
0.0779733333
0.0805866667
0.0708800000
0.0809066667
0.0787733333
0.0802666667
0.0778133333
0.0800000000
0.0819733333
0.0790400000
0.0857600000
0.0869333333
0.0790400000
0.0911466667
0.0911466667
0.0978133333
0.0939200000
0.0952000000
0.0885333333
0.1001066667
0.0944000000
0.1002666667
0.0939200000
0.1027200000
0.0958400000
0.1007466667
0.1067733333
0.1095466667
0.1131200000
0.1105066667
0.1136000000
0.1070933333
0.0940800000
0.1440533333
0.2405333333
0.2620266667
0.2636800000
0.2695466667
0.2242666667
0.1240000000
0.0906666667
0.0769066667
0.0738133333
0.0794133333
0.0774933333
0.0806400000
0.0778133333
0.0774933333
0.0838400000
0.0793600000
0.0778666667
0.0761600000
0.0793600000
0.0747733333
0.0793600000
0.0787200000
0.0796800000
0.0797333333
0.0796800000
0.0823466667
0.0780266667
0.0841600000
0.0784533333
0.0880533333
0.0798933333
0.0792533333
0.0809600000
0.0764266667
0.0811200000
0.0832533333
0.0805866667
0.0800533333
0.0754133333
0.0784533333
0.0768000000
0.0720000000
0.0772266667
0.0851200000
0.0773333333
0.0864000000
0.0888533333
0.0831466667
0.0870933333
0.0874133333
0.0880533333
0.0905066667
0.0929600000
0.0877333333
0.0950400000
0.0976533333
0.0937600000
0.1030400000
0.1020266667
0.1030400000
0.1018666667
0.1013866667
0.1012266667
0.0958400000
0.0974933333
0.1052800000
0.1049600000
0.0984533333
0.1013866667
0.1004266667
0.0986133333
0.1106666667
0.1108266667
0.1158933333
0.1173333333
0.1126400000
0.1189866667
0.1152533333
0.1183466667
0.1189866667
0.1165333333
0.1124800000
0.1118400000
0.1070933333
0.1092266667
0.1004266667
0.0991466667
0.1061333333
0.1018666667
0.0931200000
0.0891733333
0.0846400000
0.0849600000
0.0890133333
0.0880533333
0.0747200000
0.0804266667
0.0739733333
0.0720000000
0.0679466667
0.0679466667
0.0646933333
0.0697600000
0.0642133333
0.0606933333
0.0648000000
0.0611200000
0.0583466667
0.0541333333
0.0552533333
0.0493973333
0.0502933333
0.0490720000
0.0455733333
0.0485013333
0.0444320000
0.0427253333
0.0411360000
0.0382506667
0.0334080000
0.0357653333
0.0311253333
0.0282400000
0.0308426667
0.0274240000
0.0253066667
0.0253066667
0.0203680000
0.0192053333
0.0205066667
0.0173760000
0.0181706667
0.0197333333
0.0147093333
0.0164586667
0.0161920000
0.0143253333
0.0148320000
0.0118186667
0.0136906667
0.0150986667
0.0146666667
0.0144053333
0.0138133333
0.0143040000
0.0119626667
0.0106400000
0.0126773333
0.0128373333
0.0103573333
0.0114346667
0.0118026667
0.0110080000
0.0095200000
0.0114560000
0.0088906667
0.0088800000
0.0102826667
0.0081973333
0.0099680000
0.0093866667
0.0075786667
0.0082826667
0.0073333333
0.0085440000
0.0100800000
0.0076693333
0.0069973333
0.0082506667
0.0089440000
0.0080266667
0.0096746667
0.0054720000
0.0009104000
0.0009205333
0.0024565333
0.0035045333
0.0075573333
0.0093866667
0.0086560000
0.0083413333
0.0094080000
0.0064800000
0.0054720000
0.0089920000
0.0074560000
0.0082186667
0.0080053333
0.0077813333
0.0094720000
0.0090346667
0.0099306667
0.0088480000
0.0093600000
0.0112533333
0.0121653333
0.0097333333
0.0097066667
0.0115573333
0.0112533333
0.0100586667
0.0167626667
0.0108853333
0.0143840000
0.0112320000
0.0129386667
0.0125546667
0.0131413333
0.0155040000
0.0170720000
0.0139146667
0.0142826667
0.0155253333
0.0161120000
0.0171893333
0.0193493333
0.0200000000
0.0203040000
0.0219733333
0.0206080000
0.0202026667
0.0217706667
0.0200373333
0.0231093333
0.0200000000
0.0251893333
0.0248640000
0.0281173333
0.0263253333
0.0273866667
0.0292586667
0.0305173333
0.0313706667
0.0314933333
0.0354026667
0.0348320000
0.0323466667
0.0356853333
0.0381280000
0.0360906667
0.0346293333
0.0374773333
0.0421546667
0.0378826667
0.0359306667
0.0359680000
0.0358453333
0.0368266667
0.0392266667
0.0373120000
0.0420746667
0.0350773333
0.0399146667
0.0427253333
0.0399573333
0.0396320000
0.0428853333
0.0467146667
0.0421546667
0.0430506667
0.0382080000
0.0404480000
0.0445173333
0.0409760000
0.0406506667
0.0437013333
0.0426453333
0.0421546667
0.0456533333
0.0467146667
0.0499680000
0.0428053333
0.0458986667
0.0445973333
0.0489920000
0.0486666667
0.0000000100
0.0000000100
0.0000000100
0.0000000100
0.0000000100
0.0000000100
0.0000000100
0.0000000100
0.0000000100
0.0000000100
0.0000000100
0.0000000100
0.0000000100
0.0000000100
0.0000000100
0.0000000100
0.0000000100
0.0000000100
0.0000000100
0.0000000100
0.0000000100
0.0000000100
0.0000000100
0.0000000100
0.0000000100
0.0000000100
0.0000000100
0.0000000100
0.0000000100
0.0000000100
0.0000000100
0.0000000100
0.0000000100
0.0000000100
0.0000000100
0.0000000100
0.0000000100
0.0000000100
0.0000000100
0.0000000100
0.0000000100
0.0000000100
0.0000000100
0.0000000100
0.0000000100
0.0000000100
0.0000000100
0.0000000100
0.0000000100
0.0000000100
0.0000000100
0.0000000100
0.0000000100
0.0000000100
0.0000000100
0.0000000100
0.0000000100
0.0000000100
0.0000000100
0.0000000100
0.0000000100
0.0000000100
0.0000000100
0.0000000100
0.0000000100
0.0000000100
0.0000000100
0.0000000100
0.0000000100
0.0000000100
0.0000000100
0.0000000100
0.0000000100
0.0000000100
0.0000000100
0.0000000100
0.0000000100
0.0000000100
0.0000000100
0.0000000100
0.0000000100
0.0000000100
0.0000000100
0.0000000100
0.0000000100
0.0000000100
0.0000000100
0.0000000100
0.0000000100
0.0000000100
0.0000000100
0.0000000100
0.0000000100
0.0000000100
0.0000000100
0.0000000100
0.0000000100
0.0000000100
0.0000000100
0.0000000100
0.0000000100
0.0000000100
0.0000000100
0.0000000100
0.0000000100
0.0000000100
0.0000000100
0.0000000100
0.0000000100
0.0000000100
0.0000000100
0.0000000100
0.0000000100
0.0000000100
0.0000000100
0.0000000100
0.0000000100
0.0000000100
0.0000000100
0.0000000100
0.0000000100
0.0000000100
0.0000000100
0.0000000100
0.0000000100
0.0000000100
0.0000000100
0.0000000100
0.0000000100
0.0000000100
0.0000000100
0.0000000100
0.0000000100
0.0000000100
0.0000000100
0.0000000100
0.0000000100
0.0000000100
0.0000000100
0.0000000100
0.0000000100
0.0000000100
0.0000000100
0.0000000100
0.0000000100
0.0000000100
0.0000000100
0.0000000100
0.0000000100
0.0000000100
0.0000000100
0.0000000100
0.0000000100
0.0000000100
0.0000000100
0.0000000100
0.0000000100
0.0000000100
0.0000000100
0.0000000100
0.0000000100
0.0000000100
0.0000000100
0.0000000100
0.0000000100
0.0000000100
0.0000000100
0.0000000100
0.0000000100
0.0000000100
0.0000000100
0.0000000100
0.0000000100
0.0000000100
0.0000000100
0.0000000100
0.0000000100
0.0000000100
0.0000000100
0.0000000100
0.0000000100
0.0000000100
0.0000000100
0.0000000100
0.0000000100
0.0000000100
0.0000000100
0.0000000100
0.0000000100
0.0000000100
0.0000000100
0.0000000100
0.0000000100
0.0000000100
0.0000000100
0.0000000100
0.0000000100
0.0000000100
0.0000000100
0.0000000100
0.0000000100
0.0000000100
0.0000000100
0.0000000100
0.0000000100
0.0000000100
0.0000000100
0.0000000100
0.0000000100
0.0000000100
0.0000000100
0.0000000100
0.0000000100
0.0000000100
0.0000000100
0.0000000100
0.0000000100
0.0000000100
0.0000000100
0.0000000100
0.0000000100
0.0000000100
0.0000000100
0.0000000100
0.0000000100
0.0000000100
0.0000000100
0.0000000100
0.0000000100
0.0000000100
0.0000000100
0.0000000100
0.0000000100
0.0000000100
0.0000000100
0.0000000100
0.0000000100
0.0000000100
0.0000000100
0.0000000100
0.0000000100
0.0000000100
0.0000000100
0.0000000100
0.0000000100
0.0000000100
0.0000000100
0.0000000100
0.0000000100
0.0000000100
0.0000000100
0.0000000100
0.0000000100
0.0000000100
0.0000000100
0.0000000100
0.0000000100
0.0000000100
0.0000000100
0.0000000100
0.0000000100
0.0000000100
0.0000000100
0.0000000100
0.0000000100
0.0000000100
0.0000000100
0.0000000100
0.0000000100
0.0000000100
0.0000000100
0.0000000100
0.0000000100
0.0000000100
0.0000000100
0.0000000100
0.0000000100
0.0000000100
0.0000000100
0.0000000100
0.0000000100
0.0000000100
0.0000000100
0.0000000100
0.0000000100
0.0000000100
0.0000000100
0.0000000100
0.0000000100
0.0000000100
0.0000000100
0.0000000100
0.0000000100
0.0000000100
0.0000000100
0.0000000100
0.0000000100
0.0000000100
0.0000000100
0.0000000100
0.0000000100
0.0000000100
0.0000000100
0.0000000100
0.0000000100
0.0000000100
0.0000000100
0.0000000100
0.0000000100
0.0000000100
0.0000000100
0.0000000100
0.0000000100
0.0000000100
0.0000000100
0.0000000100
0.0000000100
0.0000000100
0.0000000100
0.0000000100
0.0000000100
0.0000000100
0.0000000100
0.0000000100
0.0000000100
0.0000000100
0.0000000100
0.0000000100
0.0000000100
0.0000000100
0.0000000100
0.0000000100
0.0000000100
0.0000000100
0.0000000100
0.0000000100
0.0000000100
0.0000000100
0.0000000100
0.0000000100
0.0000000100
0.0000000100
0.0000000100
0.0000000100
0.0000000100
0.0000000100
0.0000000100
0.0000000100
0.0000000100
0.0000000100
0.0000000100
0.0000000100
0.0000000100
0.0000000100
0.0000000100
0.0000000100
0.0000000100
0.0000000100
0.0000000100
0.0000000100
0.0000000100
0.0000000100
0.0000000100
0.0000000100
0.0000000100
0.0000000100
0.0000000100
0.0000000100
