0.0906666667
0.0860800000
0.0869333333
0.0830933333
0.0856000000
0.0789333333
0.0824533333
0.0880533333
0.0829333333
0.0849600000
0.0880533333
0.0844800000
0.0833066667
0.0829333333
0.0826666667
0.0859200000
0.0792533333
0.0900266667
0.0776533333
0.0768000000
0.0807466667
0.0792000000
0.0866133333
0.0836800000
0.0776533333
0.0778133333
0.0825066667
0.0829866667
0.0756266667
0.0792000000
0.0738133333
0.0732266667
0.0721066667
0.0733866667
0.0773866667
0.0718400000
0.0632533333
0.0674666667
0.0686933333
0.0621866667
0.0589333333
0.0594666667
0.0604800000
0.0577066667
0.0546666667
0.0491520000
0.0525706667
0.0507786667
0.0476906667
0.0447573333
0.0402826667
0.0429706667
0.0400373333
0.0363786667
0.0369440000
0.0357653333
0.0315733333
0.0312480000
0.0307626667
0.0330400000
0.0269760000
0.0240480000
0.0227840000
0.0236426667
0.0213600000
0.0201600000
0.0195946667
0.0170720000
0.0190613333
0.0167040000
0.0156640000
0.0154240000
0.0165386667
0.0129173333
0.0127573333
0.0141600000
0.0136533333
0.0138346667
0.0129013333
0.0109066667
0.0119840000
0.0087466667
0.0124906667
0.0133653333
0.0118400000
0.0120213333
0.0120213333
0.0114133333
0.0116373333
0.0089600000
0.0102133333
0.0101813333
0.0103946667
0.0098346667
0.0076800000
0.0085973333
0.0108640000
0.0075360000
0.0082613333
0.0069866667
0.0079040000
0.0092480000
0.0076320000
0.0084960000
0.0076373333
0.0080160000
0.0078506667
0.0079840000
0.0062666667
0.0054720000
0.0058613333
0.0062240000
0.0051168000
0.0074080000
0.0061973333
0.0077813333
0.0064106667
0.0072533333
0.0068373333
0.0065333333
0.0081813333
0.0075893333
0.0079733333
0.0078453333
0.0107413333
0.0083626667
0.0104053333
0.0086773333
0.0115946667
0.0103253333
0.0122880000
0.0107040000
0.0096746667
0.0111466667
0.0124906667
0.0107626667
0.0099306667
0.0122880000
0.0125120000
0.0127573333
0.0164800000
0.0156266667
0.0174773333
0.0140586667
0.0169066667
0.0150560000
0.0157653333
0.0166400000
0.0154400000
0.0176586667
0.0181493333
0.0156266667
0.0209973333
0.0220533333
0.0235200000
0.0238026667
0.0216480000
0.0196960000
0.0214826667
0.0259200000
0.0310080000
0.0454933333
0.0447573333
0.0554133333
0.0495626667
0.0515146667
0.0539733333
0.0558400000
0.0539733333
0.0572266667
0.0623466667
0.0558400000
0.0600533333
0.0663466667
0.0633066667
0.0621866667
0.0687466667
0.0664000000
0.0657600000
0.0675200000
0.0617600000
0.0642666667
0.0668266667
0.0727466667
0.0713600000
0.0788800000
0.0719466667
0.0708800000
0.0749333333
0.0699733333
0.0728533333
0.0759466667
0.0785066667
0.0777066667
0.0818666667
0.0784533333
0.0846400000
0.0797333333
0.0821866667
0.0770666667
0.0849600000
0.0852800000
0.0792533333
0.0802666667
0.0882133333
0.0882133333
0.0932800000
0.0864000000
0.0913066667
0.0894933333
0.0932800000
0.0894933333
0.0979733333
0.0994666667
0.0950400000
0.1009066667
0.0962133333
0.0987733333
0.1089066667
0.1048000000
0.1173333333
0.1128000000
0.1145600000
0.0984533333
0.0947200000
0.1409600000
0.2480533333
0.2766933333
0.2656000000
0.2783466667
0.2327466667
0.1256533333
0.0909866667
0.0825066667
0.0758400000
0.0787200000
0.0768000000
0.0843200000
0.0738666667
0.0822933333
0.0747733333
0.0778133333
0.0775466667
0.0710400000
0.0789333333
0.0808000000
0.0752000000
0.0796800000
0.0782933333
0.0841600000
0.0781866667
0.0860800000
0.0755200000
0.0769066667
0.0716800000
0.0826666667
0.0830933333
0.0800000000
0.0816000000
0.0785066667
0.0755200000
0.0807466667
0.0806400000
0.0784533333
0.0817066667
0.0781866667
0.0765866667
0.0769066667
0.0796800000
0.0786133333
0.0800533333
0.0846400000
0.0840000000
0.0823466667
0.0900266667
0.0864000000
0.0830933333
0.0874133333
0.0864000000
0.0963733333
0.0936000000
0.1009066667
0.0976533333
0.1067733333
0.1041600000
0.1030400000
0.1035200000
0.1010666667
0.1018666667
0.1033600000
0.0968533333
0.0956800000
0.0993066667
0.1007466667
0.0999466667
0.1103466667
0.1092266667
0.1082133333
0.1103466667
0.1103466667
0.1103466667
0.1069333333
0.1147200000
0.1136000000
0.1111466667
0.1233600000
0.1120000000
0.1147200000
0.1027200000
0.1035200000
0.1166933333
0.1116800000
0.0996266667
0.1092266667
0.1012266667
0.0989333333
0.1007466667
0.0894933333
0.0874133333
0.0840000000
0.0894933333
0.0838400000
0.0753600000
0.0753600000
0.0786133333
0.0683733333
0.0666666667
0.0712000000
0.0670400000
0.0634133333
0.0665066667
0.0617600000
0.0627200000
0.0536533333
0.0525706667
0.0473653333
0.0506186667
0.0526506667
0.0446773333
0.0459786667
0.0449226667
0.0448426667
0.0479306667
0.0392640000
0.0363786667
0.0390240000
0.0320640000
0.0344640000
0.0281173333
0.0260426667
0.0292160000
0.0265280000
0.0273866667
0.0202453333
0.0249013333
0.0164586667
0.0188800000
0.0157280000
0.0169653333
0.0150346667
0.0136320000
0.0159893333
0.0146506667
0.0140160000
0.0138133333
0.0157493333
0.0133440000
0.0138133333
0.0115360000
0.0134506667
0.0121280000
0.0130186667
0.0120853333
0.0128800000
0.0108213333
0.0101013333
0.0108213333
0.0129013333
0.0108053333
0.0099306667
0.0139146667
0.0094400000
0.0070880000
0.0083946667
0.0084960000
0.0094506667
0.0090720000
0.0093173333
0.0078346667
0.0092053333
0.0080480000
0.0104160000
0.0105973333
0.0079040000
0.0085120000
0.0081973333
0.0073226667
0.0063093333
0.0074453333
0.0012565333
0.0008085333
0.0024618667
0.0033365333
0.0072746667
0.0086186667
0.0085973333
0.0093600000
0.0080266667
0.0074986667
0.0067146667
0.0080960000
0.0071093333
0.0097066667
0.0088480000
0.0096213333
0.0067146667
0.0071306667
0.0086773333
0.0101226667
0.0080586667
0.0074240000
0.0097973333
0.0122880000
0.0126773333
0.0103040000
0.0123306667
0.0133280000
0.0116586667
0.0136533333
0.0120053333
0.0122880000
0.0130613333
0.0124106667
0.0123306667
0.0131040000
0.0182080000
0.0166240000
0.0148320000
0.0159093333
0.0150560000
0.0146080000
0.0169066667
0.0207946667
0.0197120000
0.0206506667
0.0195306667
0.0216053333
0.0192480000
0.0229920000
0.0205866667
0.0233973333
0.0248640000
0.0250240000
0.0247786667
0.0303146667
0.0290506667
0.0270613333
0.0290133333
0.0275040000
0.0292960000
0.0316960000
0.0347893333
0.0332426667
0.0353173333
0.0395093333
0.0361760000
0.0330826667
0.0377600000
0.0362560000
0.0401600000
0.0356426667
0.0377173333
0.0399146667
0.0354826667
0.0344213333
0.0408533333
0.0376373333
0.0378400000
0.0415466667
0.0399146667
0.0405706667
0.0416640000
0.0424800000
0.0419946667
0.0462240000
0.0435360000
0.0431306667
0.0404480000
0.0424000000
0.0426453333
0.0428853333
0.0454080000
0.0405706667
0.0406506667
0.0512693333
0.0485813333
0.0506186667
0.0476906667
0.0467946667
0.0462240000
0.0503733333
0.0515946667
0.0000000100
0.0000000100
0.0000000100
0.0000000100
0.0000000100
0.0000000100
0.0000000100
0.0000000100
0.0000000100
0.0000000100
0.0000000100
0.0000000100
0.0000000100
0.0000000100
0.0000000100
0.0000000100
0.0000000100
0.0000000100
0.0000000100
0.0000000100
0.0000000100
0.0000000100
0.0000000100
0.0000000100
0.0000000100
0.0000000100
0.0000000100
0.0000000100
0.0000000100
0.0000000100
0.0000000100
0.0000000100
0.0000000100
0.0000000100
0.0000000100
0.0000000100
0.0000000100
0.0000000100
0.0000000100
0.0000000100
0.0000000100
0.0000000100
0.0000000100
0.0000000100
0.0000000100
0.0000000100
0.0000000100
0.0000000100
0.0000000100
0.0000000100
0.0000000100
0.0000000100
0.0000000100
0.0000000100
0.0000000100
0.0000000100
0.0000000100
0.0000000100
0.0000000100
0.0000000100
0.0000000100
0.0000000100
0.0000000100
0.0000000100
0.0000000100
0.0000000100
0.0000000100
0.0000000100
0.0000000100
0.0000000100
0.0000000100
0.0000000100
0.0000000100
0.0000000100
0.0000000100
0.0000000100
0.0000000100
0.0000000100
0.0000000100
0.0000000100
0.0000000100
0.0000000100
0.0000000100
0.0000000100
0.0000000100
0.0000000100
0.0000000100
0.0000000100
0.0000000100
0.0000000100
0.0000000100
0.0000000100
0.0000000100
0.0000000100
0.0000000100
0.0000000100
0.0000000100
0.0000000100
0.0000000100
0.0000000100
0.0000000100
0.0000000100
0.0000000100
0.0000000100
0.0000000100
0.0000000100
0.0000000100
0.0000000100
0.0000000100
0.0000000100
0.0000000100
0.0000000100
0.0000000100
0.0000000100
0.0000000100
0.0000000100
0.0000000100
0.0000000100
0.0000000100
0.0000000100
0.0000000100
0.0000000100
0.0000000100
0.0000000100
0.0000000100
0.0000000100
0.0000000100
0.0000000100
0.0000000100
0.0000000100
0.0000000100
0.0000000100
0.0000000100
0.0000000100
0.0000000100
0.0000000100
0.0000000100
0.0000000100
0.0000000100
0.0000000100
0.0000000100
0.0000000100
0.0000000100
0.0000000100
0.0000000100
0.0000000100
0.0000000100
0.0000000100
0.0000000100
0.0000000100
0.0000000100
0.0000000100
0.0000000100
0.0000000100
0.0000000100
0.0000000100
0.0000000100
0.0000000100
0.0000000100
0.0000000100
0.0000000100
0.0000000100
0.0000000100
0.0000000100
0.0000000100
0.0000000100
0.0000000100
0.0000000100
0.0000000100
0.0000000100
0.0000000100
0.0000000100
0.0000000100
0.0000000100
0.0000000100
0.0000000100
0.0000000100
0.0000000100
0.0000000100
0.0000000100
0.0000000100
0.0000000100
0.0000000100
0.0000000100
0.0000000100
0.0000000100
0.0000000100
0.0000000100
0.0000000100
0.0000000100
0.0000000100
0.0000000100
0.0000000100
0.0000000100
0.0000000100
0.0000000100
0.0000000100
0.0000000100
0.0000000100
0.0000000100
0.0000000100
0.0000000100
0.0000000100
0.0000000100
0.0000000100
0.0000000100
0.0000000100
0.0000000100
0.0000000100
0.0000000100
0.0000000100
0.0000000100
0.0000000100
0.0000000100
0.0000000100
0.0000000100
0.0000000100
0.0000000100
0.0000000100
0.0000000100
0.0000000100
0.0000000100
0.0000000100
0.0000000100
0.0000000100
0.0000000100
0.0000000100
0.0000000100
0.0000000100
0.0000000100
0.0000000100
0.0000000100
0.0000000100
0.0000000100
0.0000000100
0.0000000100
0.0000000100
0.0000000100
0.0000000100
0.0000000100
0.0000000100
0.0000000100
0.0000000100
0.0000000100
0.0000000100
0.0000000100
0.0000000100
0.0000000100
0.0000000100
0.0000000100
0.0000000100
0.0000000100
0.0000000100
0.0000000100
0.0000000100
0.0000000100
0.0000000100
0.0000000100
0.0000000100
0.0000000100
0.0000000100
0.0000000100
0.0000000100
0.0000000100
0.0000000100
0.0000000100
0.0000000100
0.0000000100
0.0000000100
0.0000000100
0.0000000100
0.0000000100
0.0000000100
0.0000000100
0.0000000100
0.0000000100
0.0000000100
0.0000000100
0.0000000100
0.0000000100
0.0000000100
0.0000000100
0.0000000100
0.0000000100
0.0000000100
0.0000000100
0.0000000100
0.0000000100
0.0000000100
0.0000000100
0.0000000100
0.0000000100
0.0000000100
0.0000000100
0.0000000100
0.0000000100
0.0000000100
0.0000000100
0.0000000100
0.0000000100
0.0000000100
0.0000000100
0.0000000100
0.0000000100
0.0000000100
0.0000000100
0.0000000100
0.0000000100
0.0000000100
0.0000000100
0.0000000100
0.0000000100
0.0000000100
0.0000000100
0.0000000100
0.0000000100
0.0000000100
0.0000000100
0.0000000100
0.0000000100
0.0000000100
0.0000000100
0.0000000100
0.0000000100
0.0000000100
0.0000000100
0.0000000100
0.0000000100
0.0000000100
0.0000000100
0.0000000100
0.0000000100
0.0000000100
0.0000000100
0.0000000100
0.0000000100
0.0000000100
0.0000000100
0.0000000100
0.0000000100
0.0000000100
0.0000000100
0.0000000100
0.0000000100
0.0000000100
0.0000000100
0.0000000100
0.0000000100
0.0000000100
0.0000000100
0.0000000100
0.0000000100
0.0000000100
0.0000000100
0.0000000100
0.0000000100
0.0000000100
0.0000000100
0.0000000100
0.0000000100
0.0000000100
0.0000000100
0.0000000100
0.0000000100
0.0000000100
0.0000000100
0.0000000100
0.0000000100
