0.1336195509
0.1433289300
0.1483487450
0.1396961691
0.1404887715
0.1280052840
0.1270145310
0.1303830911
0.1332232497
0.1437252312
0.1441215324
0.1495376486
0.1449141347
0.1420739762
0.1463672391
0.1370541612
0.1233817701
0.1360634082
0.1398943197
0.1332232497
0.1410832232
0.1336195509
0.1467635403
0.1372523118
0.1237780713
0.1268163804
0.1295904888
0.1270145310
0.1291941876
0.1251651255
0.1289960370
0.1209379128
0.1088507266
0.1314398943
0.1245706737
0.1173051519
0.1178996037
0.1118890357
0.1106340819
0.1064068692
0.1066050198
0.0933949802
0.0910171731
0.0906869221
0.0908850727
0.0914795244
0.0751651255
0.0795244386
0.0795244386
0.0766182299
0.0736459709
0.0609775429
0.0600660502
0.0632959049
0.0581505945
0.0601651255
0.0501387054
0.0511492734
0.0472192867
0.0439431968
0.0444451783
0.0351717305
0.0357793923
0.0367371202
0.0298348745
0.0329590489
0.0275165125
0.0286195509
0.0332100396
0.0241611625
0.0255482166
0.0227014531
0.0222721268
0.0186723910
0.0207331572
0.0200330251
0.0215918098
0.0191743725
0.0188441215
0.0170343461
0.0171070013
0.0182430647
0.0224504624
0.0189960370
0.0222721268
0.0170343461
0.0198546896
0.0192734478
0.0212417437
0.0134015852
0.0154689564
0.0162483487
0.0164266843
0.0152179657
0.0146169089
0.0139365918
0.0161756935
0.0127212682
0.0141875826
0.0115257596
0.0126486129
0.0114398943
0.0099801849
0.0102311757
0.0116908851
0.0129788639
0.0135072655
0.0096367239
0.0119550859
0.0098877147
0.0085138705
0.0073051519
0.0078203435
0.0114398943
0.0095508587
0.0091215324
0.0114398943
0.0095508587
0.0117767503
0.0099801849
0.0137582563
0.0127212682
0.0119550859
0.0128996037
0.0122060766
0.0136789960
0.0144385733
0.0145376486
0.0161756935
0.0173579921
0.0153170410
0.0170343461
0.0178863937
0.0166050198
0.0183157199
0.0171070013
0.0177146631
0.0180647292
0.0203104359
0.0203830911
0.0267569353
0.0303368560
0.0201321004
0.0233817701
0.0218428005
0.0225231176
0.0263077939
0.0287252312
0.0245178336
0.0263077939
0.0320013210
0.0280184941
0.0321532365
0.0320013210
0.0402642008
0.0373910172
0.0353236460
0.0290752972
0.0367833554
0.0407661823
0.0496895641
0.0695508587
0.0683619551
0.0768824306
0.0781373844
0.0741083223
0.0772787318
0.0804491413
0.0875825627
0.0797886394
0.0889696169
0.0832232497
0.0994055482
0.0883751651
0.0943196830
0.0904887715
0.1021796565
0.1036327609
0.1066050198
0.0992734478
0.1084544254
0.1076618230
0.1036327609
0.1155217966
0.1116908851
0.1078599736
0.1066050198
0.1169088507
0.1161162483
0.1134742404
0.1138705416
0.1136723910
0.1140686922
0.1191545575
0.1257595773
0.1221268164
0.1207397622
0.1195508587
0.1241743725
0.1320343461
0.1285997358
0.1346763540
0.1391017173
0.1346763540
0.1334214003
0.1289960370
0.1402906209
0.1465653897
0.1414795244
0.1402906209
0.1445178336
0.1459048877
0.1469616909
0.1546235139
0.1461690885
0.1665125495
0.1570013210
0.1525759577
0.1642668428
0.1550198151
0.1620871863
0.1711360634
0.1673051519
0.1394980185
0.1330250991
0.2499339498
0.4192866579
0.4636063408
0.4998678996
0.4773447820
0.3664464993
0.1644649934
0.1263540291
0.1140686922
0.1136723910
0.1255614267
0.1080581242
0.1157199472
0.1112945839
0.1221268164
0.1114927345
0.1146631440
0.1120871863
0.1096433289
0.1163143989
0.1112945839
0.1138705416
0.1142668428
0.1191545575
0.1134742404
0.1076618230
0.1116908851
0.1050198151
0.1120871863
0.1090488771
0.1182959049
0.1229854690
0.1144649934
0.1094451783
0.1195508587
0.1219286658
0.1161162483
0.1159180978
0.1149273448
0.1068031704
0.1140686922
0.1219286658
0.1088507266
0.1207397622
0.1140686922
0.1102377807
0.1108322325
0.1173051519
0.1167107001
0.1186922061
0.1207397622
0.1177014531
0.1171070013
0.1295904888
0.1207397622
0.1370541612
0.1398943197
0.1370541612
0.1364597094
0.1391017173
0.1303830911
0.1389035667
0.1447159841
0.1445178336
0.1342140026
0.1408850727
0.1314398943
0.1342140026
0.1453104359
0.1487450462
0.1505944518
0.1507926024
0.1558124174
0.1622853369
0.1711360634
0.1626816380
0.1540290621
0.1560105680
0.1537648613
0.1552179657
0.1657199472
0.1628797886
0.1560105680
0.1570013210
0.1449141347
0.1451122853
0.1433289300
0.1439233818
0.1469616909
0.1336195509
0.1237780713
0.1186922061
0.1289960370
0.1259577279
0.1287978864
0.1239762219
0.1126816380
0.1132760898
0.1110964333
0.1112945839
0.1025099075
0.0926023778
0.1058124174
0.1080581242
0.0856671070
0.0972258917
0.0885733157
0.0887714663
0.0883091149
0.0778071334
0.0667107001
0.0636988111
0.0683619551
0.0624834875
0.0642998679
0.0613804491
0.0654095112
0.0639960370
0.0456538970
0.0442932629
0.0458586526
0.0407661823
0.0423315720
0.0423778071
0.0399075297
0.0378467635
0.0332100396
0.0294319683
0.0289762219
0.0306406869
0.0233091149
0.0244121532
0.0206340819
0.0220211361
0.0172853369
0.0132562748
0.0205614267
0.0188441215
0.0165059445
0.0180647292
0.0191017173
0.0183157199
0.0203830911
0.0219220608
0.0177146631
0.0193527081
0.0201321004
0.0191743725
0.0162483487
0.0137582563
0.0151453104
0.0214134742
0.0214134742
0.0173579921
0.0141083223
0.0154689564
0.0157463672
0.0143593131
0.0131505945
0.0128137384
0.0126486129
0.0141083223
0.0122985469
0.0087714663
0.0110105680
0.0148877147
0.0126486129
0.0117767503
0.0084280053
0.0098877147
0.0115257596
0.0093725231
0.0110964333
0.0103170410
0.0010330251
0.0013731836
0.0042140026
0.0061922061
0.0112615588
0.0117767503
0.0112615588
0.0135072655
0.0125627477
0.0081770145
0.0100660502
0.0136789960
0.0108322325
0.0123844122
0.0117767503
0.0095508587
0.0137582563
0.0115257596
0.0158256275
0.0189960370
0.0148877147
0.0161756935
0.0248414795
0.0166776750
0.0157463672
0.0191017173
0.0173579921
0.0173579921
0.0215918098
0.0177146631
0.0213408190
0.0187450462
0.0183157199
0.0198546896
0.0249471598
0.0236591810
0.0249471598
0.0205614267
0.0214134742
0.0205614267
0.0210634082
0.0209907530
0.0228005284
0.0324042272
0.0298348745
0.0313936592
0.0296829590
0.0312417437
0.0300858653
0.0340620872
0.0349207398
0.0342140026
0.0345706737
0.0427344782
0.0413738441
0.0456538970
0.0422258917
0.0468626156
0.0506472919
0.0502443857
0.0487780713
0.0530118890
0.0541215324
0.0493857332
0.0592602378
0.0539167768
0.0466116248
0.0531109643
0.0588573316
0.0542206077
0.0556340819
0.0572457067
0.0503896962
0.0573447820
0.0554293263
0.0629920740
0.0609775429
0.0553302510
0.0525099075
0.0600660502
0.0610766182
0.0612747688
0.0683619551
0.0612747688
0.0725891678
0.0676354029
0.0635931308
0.0669088507
0.0684280053
0.0760237781
0.0665125495
0.0662483487
0.0758916777
0.0632959049
0.0729854690
0.0696169089
0.0756935271
0.0696169089
0.0749009247
0.0706737120
0.0729854690
0.0854689564
0.0743725231
0.0000000100
0.0000000100
0.0000000100
0.0000000100
0.0000000100
0.0000000100
0.0000000100
0.0000000100
0.0000000100
0.0000000100
0.0000000100
0.0000000100
0.0000000100
0.0000000100
0.0000000100
0.0000000100
0.0000000100
0.0000000100
0.0000000100
0.0000000100
0.0000000100
0.0000000100
0.0000000100
0.0000000100
0.0000000100
0.0000000100
0.0000000100
0.0000000100
0.0000000100
0.0000000100
0.0000000100
0.0000000100
0.0000000100
0.0000000100
0.0000000100
0.0000000100
0.0000000100
0.0000000100
0.0000000100
0.0000000100
0.0000000100
0.0000000100
0.0000000100
0.0000000100
0.0000000100
0.0000000100
0.0000000100
0.0000000100
0.0000000100
0.0000000100
0.0000000100
0.0000000100
0.0000000100
0.0000000100
0.0000000100
0.0000000100
0.0000000100
0.0000000100
0.0000000100
0.0000000100
0.0000000100
0.0000000100
0.0000000100
0.0000000100
0.0000000100
0.0000000100
0.0000000100
0.0000000100
0.0000000100
0.0000000100
0.0000000100
0.0000000100
0.0000000100
0.0000000100
0.0000000100
0.0000000100
0.0000000100
0.0000000100
0.0000000100
0.0000000100
0.0000000100
0.0000000100
0.0000000100
0.0000000100
0.0000000100
0.0000000100
0.0000000100
0.0000000100
0.0000000100
0.0000000100
0.0000000100
0.0000000100
0.0000000100
0.0000000100
0.0000000100
0.0000000100
0.0000000100
0.0000000100
0.0000000100
0.0000000100
0.0000000100
0.0000000100
0.0000000100
0.0000000100
0.0000000100
0.0000000100
0.0000000100
0.0000000100
0.0000000100
0.0000000100
0.0000000100
0.0000000100
0.0000000100
0.0000000100
0.0000000100
0.0000000100
0.0000000100
0.0000000100
0.0000000100
0.0000000100
0.0000000100
0.0000000100
0.0000000100
0.0000000100
0.0000000100
0.0000000100
0.0000000100
0.0000000100
0.0000000100
0.0000000100
0.0000000100
0.0000000100
0.0000000100
0.0000000100
0.0000000100
0.0000000100
0.0000000100
0.0000000100
0.0000000100
0.0000000100
0.0000000100
0.0000000100
0.0000000100
0.0000000100
0.0000000100
0.0000000100
0.0000000100
0.0000000100
0.0000000100
0.0000000100
0.0000000100
0.0000000100
0.0000000100
0.0000000100
0.0000000100
0.0000000100
0.0000000100
0.0000000100
0.0000000100
0.0000000100
0.0000000100
0.0000000100
0.0000000100
0.0000000100
0.0000000100
0.0000000100
0.0000000100
0.0000000100
0.0000000100
0.0000000100
0.0000000100
0.0000000100
0.0000000100
0.0000000100
0.0000000100
0.0000000100
0.0000000100
0.0000000100
0.0000000100
0.0000000100
0.0000000100
0.0000000100
0.0000000100
0.0000000100
0.0000000100
0.0000000100
0.0000000100
0.0000000100
0.0000000100
0.0000000100
0.0000000100
0.0000000100
0.0000000100
0.0000000100
0.0000000100
0.0000000100
0.0000000100
0.0000000100
0.0000000100
0.0000000100
0.0000000100
0.0000000100
0.0000000100
0.0000000100
0.0000000100
0.0000000100
0.0000000100
0.0000000100
0.0000000100
0.0000000100
0.0000000100
0.0000000100
0.0000000100
0.0000000100
0.0000000100
0.0000000100
0.0000000100
0.0000000100
0.0000000100
0.0000000100
0.0000000100
0.0000000100
0.0000000100
0.0000000100
0.0000000100
0.0000000100
0.0000000100
0.0000000100
0.0000000100
0.0000000100
0.0000000100
0.0000000100
0.0000000100
0.0000000100
0.0000000100
0.0000000100
0.0000000100
0.0000000100
0.0000000100
0.0000000100
0.0000000100
0.0000000100
0.0000000100
0.0000000100
0.0000000100
0.0000000100
0.0000000100
0.0000000100
0.0000000100
0.0000000100
0.0000000100
0.0000000100
0.0000000100
0.0000000100
0.0000000100
0.0000000100
0.0000000100
0.0000000100
0.0000000100
0.0000000100
0.0000000100
0.0000000100
0.0000000100
0.0000000100
0.0000000100
0.0000000100
0.0000000100
0.0000000100
0.0000000100
0.0000000100
0.0000000100
0.0000000100
0.0000000100
0.0000000100
0.0000000100
0.0000000100
0.0000000100
0.0000000100
0.0000000100
0.0000000100
0.0000000100
0.0000000100
0.0000000100
0.0000000100
0.0000000100
0.0000000100
0.0000000100
0.0000000100
0.0000000100
0.0000000100
0.0000000100
0.0000000100
0.0000000100
0.0000000100
0.0000000100
0.0000000100
0.0000000100
0.0000000100
0.0000000100
0.0000000100
0.0000000100
0.0000000100
0.0000000100
0.0000000100
0.0000000100
0.0000000100
0.0000000100
0.0000000100
0.0000000100
0.0000000100
0.0000000100
0.0000000100
0.0000000100
0.0000000100
0.0000000100
0.0000000100
0.0000000100
0.0000000100
0.0000000100
0.0000000100
0.0000000100
0.0000000100
0.0000000100
0.0000000100
0.0000000100
0.0000000100
0.0000000100
0.0000000100
0.0000000100
0.0000000100
0.0000000100
0.0000000100
0.0000000100
0.0000000100
0.0000000100
0.0000000100
0.0000000100
0.0000000100
0.0000000100
0.0000000100
0.0000000100
0.0000000100
0.0000000100
0.0000000100
0.0000000100
0.0000000100
0.0000000100
0.0000000100
0.0000000100
0.0000000100
0.0000000100
0.0000000100
0.0000000100
0.0000000100
0.0000000100
0.0000000100
0.0000000100
0.0000000100
0.0000000100
0.0000000100
0.0000000100
0.0000000100
0.0000000100
0.0000000100
0.0000000100
0.0000000100
0.0000000100
0.0000000100
