0.8320000000
0.8400000000
0.8006400000
0.8524800000
0.7872000000
0.8700800000
0.9286400000
0.8643200000
0.8515200000
0.8739200000
0.8358400000
0.8905600000
0.9334400000
0.9004800000
0.8572800000
0.8672000000
0.8272000000
0.8758400000
0.9043200000
0.8828800000
0.8672000000
0.7696000000
0.8534400000
0.9062400000
0.8595200000
0.8604800000
0.8377600000
0.7996800000
0.7900800000
0.8780800000
0.8329600000
0.8691200000
0.7958400000
0.8300800000
0.8096000000
0.8800000000
0.8672000000
0.8758400000
0.8038400000
0.7977600000
0.8976000000
0.8876800000
0.8700800000
0.9200000000
0.7996800000
0.7568000000
0.8172800000
0.8633600000
0.9148800000
0.8662400000
0.8377600000
0.7040000000
0.8720000000
0.8409600000
0.9376000000
0.8182400000
0.8438400000
0.7020800000
0.8691200000
0.8496000000
0.9356800000
0.8476800000
0.8828800000
0.7811200000
0.8172800000
0.8966400000
0.8944000000
0.8457600000
0.8838400000
0.7891200000
0.7820800000
0.8604800000
0.9219200000
0.8153600000
0.8438400000
0.7510400000
0.8006400000
0.8905600000
0.8838400000
0.8368000000
0.8076800000
0.7929600000
0.8467200000
0.8966400000
0.8896000000
0.9062400000
0.8505600000
0.8038400000
0.8144000000
0.8915200000
0.9033600000
0.8700800000
0.8243200000
0.8438400000
0.8310400000
0.8016000000
0.9238400000
0.8438400000
0.8524800000
0.8348800000
0.7696000000
0.8614400000
0.9091200000
0.8400000000
0.8524800000
0.8214400000
0.8214400000
0.8780800000
0.9257600000
0.9014400000
0.7929600000
0.7648000000
0.8153600000
0.8153600000
0.9404800000
0.8924800000
0.7987200000
0.7811200000
0.8172800000
0.8233600000
0.9062400000
0.8572800000
0.8848000000
0.7811200000
0.7929600000
0.8876800000
0.8985600000
0.9200000000
0.8681600000
0.8496000000
0.7587200000
0.9139200000
0.8985600000
0.9228800000
0.8614400000
0.7958400000
0.8310400000
0.8995200000
0.9004800000
0.9228800000
0.7958400000
0.8672000000
0.7686400000
0.8819200000
0.8457600000
0.9356800000
0.7529600000
0.8524800000
0.7958400000
0.8496000000
0.8739200000
0.9120000000
0.7782400000
0.8553600000
0.8192000000
0.8339200000
0.8652800000
0.9004800000
0.8419200000
0.8310400000
0.8115200000
0.8329600000
0.8876800000
0.8595200000
0.8976000000
0.8006400000
0.8348800000
0.9286400000
0.8505600000
0.9033600000
0.8748800000
0.7734400000
0.8582400000
0.9004800000
0.8486400000
0.8758400000
0.8582400000
0.7772800000
0.8867200000
0.8944000000
0.8515200000
0.8486400000
0.8729600000
0.7820800000
0.8348800000
0.8486400000
0.8358400000
0.8867200000
0.8291200000
0.8710400000
0.7430400000
0.8563200000
0.8604800000
0.8857600000
0.8563200000
0.8144000000
0.8310400000
0.8476800000
0.8691200000
0.8681600000
0.8652800000
0.7792000000
0.8604800000
0.9148800000
0.8387200000
0.8976000000
0.8467200000
0.8300800000
0.8400000000
0.8438400000
0.9209600000
0.9052800000
0.8633600000
0.7948800000
0.8448000000
0.8633600000
0.8838400000
0.9014400000
0.8438400000
0.8438400000
0.9081600000
0.8720000000
0.8953600000
0.9385600000
0.8377600000
0.8320000000
0.8339200000
0.9072000000
0.8524800000
0.9062400000
0.8681600000
0.8262400000
0.8681600000
0.8563200000
0.8915200000
0.8428800000
0.9462400000
0.8377600000
0.8524800000
0.8563200000
0.9052800000
0.8467200000
0.9510400000
0.7811200000
0.8995200000
0.8896000000
0.9491200000
0.8377600000
0.9443200000
0.8016000000
0.8614400000
0.8976000000
0.9100800000
0.8182400000
0.9043200000
0.7596800000
0.8905600000
0.8924800000
0.8739200000
0.9043200000
0.8700800000
0.8320000000
0.8604800000
0.8633600000
0.8201600000
0.8985600000
0.8339200000
0.8144000000
0.8976000000
0.8867200000
0.7996800000
0.8790400000
0.8272000000
0.8876800000
0.9286400000
0.7987200000
0.8700800000
0.8739200000
0.8534400000
0.8720000000
0.9190400000
0.8700800000
0.8339200000
0.9334400000
0.8768000000
0.8553600000
0.9366400000
0.8934400000
0.8291200000
0.8790400000
0.8809600000
0.8604800000
0.8857600000
0.8809600000
0.9148800000
0.8067200000
0.9200000000
0.8652800000
0.8819200000
0.8780800000
0.8809600000
0.8448000000
0.8720000000
0.8828800000
0.8838400000
0.8624000000
0.9161600000
0.8310400000
0.8838400000
0.9100800000
0.8515200000
0.8828800000
0.8720000000
0.8320000000
0.9062400000
0.8348800000
0.8448000000
0.9043200000
0.8134400000
0.8272000000
0.8544000000
0.8300800000
0.8748800000
0.8838400000
0.8553600000
0.8515200000
0.8438400000
0.8553600000
0.8691200000
0.8700800000
0.8224000000
0.8153600000
0.8182400000
0.8300800000
0.8006400000
0.8780800000
0.7734400000
0.8924800000
0.8057600000
0.7977600000
0.8428800000
0.8838400000
0.7558400000
0.8057600000
0.8243200000
0.7548800000
0.8358400000
0.8624000000
0.8595200000
0.8563200000
0.8924800000
0.7801600000
0.8662400000
0.8329600000
0.8633600000
0.7929600000
0.7929600000
0.7843200000
0.8563200000
0.8505600000
0.8496000000
0.8243200000
0.8748800000
0.8224000000
0.9491200000
0.8905600000
0.8604800000
0.8614400000
0.8534400000
0.7382400000
0.9161600000
0.8419200000
0.8409600000
0.8896000000
0.8457600000
0.7734400000
0.8643200000
0.8995200000
0.8300800000
0.9043200000
0.8633600000
0.7939200000
0.8348800000
0.8377600000
0.8067200000
0.8572800000
0.8681600000
0.8115200000
0.8828800000
0.8672000000
0.8710400000
0.9257600000
0.8662400000
0.8006400000
0.8809600000
0.8476800000
0.8233600000
0.9424000000
0.8377600000
0.8067200000
0.9171200000
0.7862400000
0.8867200000
0.9267200000
0.8758400000
0.7891200000
0.8486400000
0.8553600000
0.8896000000
0.8243200000
0.8329600000
0.7705600000
0.8633600000
0.8272000000
0.8905600000
0.8153600000
0.8700800000
0.7872000000
0.8233600000
0.8780800000
0.9334400000
0.8291200000
0.9091200000
0.8096000000
0.8790400000
0.7920000000
0.8006400000
0.8377600000
0.9091200000
0.7568000000
0.7724800000
0.8096000000
0.8224000000
0.8544000000
0.8662400000
0.7596800000
0.7724800000
0.8604800000
0.7353600000
0.8662400000
0.8291200000
0.8016000000
0.8387200000
0.8448000000
0.7939200000
0.9171200000
0.8582400000
0.8016000000
0.7929600000
0.8172800000
0.8544000000
0.8662400000
0.8867200000
0.7948800000
0.8105600000
0.8272000000
0.8419200000
0.8262400000
0.8582400000
0.8691200000
0.7500800000
0.8652800000
0.8515200000
0.8377600000
0.8115200000
0.9072000000
0.7852800000
0.8476800000
0.8604800000
0.8134400000
0.8633600000
0.8809600000
0.8214400000
0.7820800000
0.8758400000
0.8243200000
0.8172800000
0.8201600000
0.8214400000
0.8320000000
0.8595200000
0.8048000000
0.8038400000
0.8124800000
0.7833600000
0.8595200000
0.8720000000
0.8505600000
0.8182400000
0.9148800000
0.7881600000
0.7539200000
0.8662400000
0.8505600000
0.8329600000
0.8438400000
0.8016000000
0.7820800000
0.9180800000
0.8544000000
0.8192000000
0.8643200000
0.0000000100
0.0000000100
0.0000000100
0.0000000100
0.0000000100
0.0000000100
0.0000000100
0.0000000100
0.0000000100
0.0000000100
0.0000000100
0.0000000100
0.0000000100
0.0000000100
0.0000000100
0.0000000100
0.0000000100
0.0000000100
0.0000000100
0.0000000100
0.0000000100
0.0000000100
0.0000000100
0.0000000100
0.0000000100
0.0000000100
0.0000000100
0.0000000100
0.0000000100
0.0000000100
0.0000000100
0.0000000100
0.0000000100
0.0000000100
0.0000000100
0.0000000100
0.0000000100
0.0000000100
0.0000000100
0.0000000100
0.0000000100
0.0000000100
0.0000000100
0.0000000100
0.0000000100
0.0000000100
0.0000000100
0.0000000100
0.0000000100
0.0000000100
0.0000000100
0.0000000100
0.0000000100
0.0000000100
0.0000000100
0.0000000100
0.0000000100
0.0000000100
0.0000000100
0.0000000100
0.0000000100
0.0000000100
0.0000000100
0.0000000100
0.0000000100
0.0000000100
0.0000000100
0.0000000100
0.0000000100
0.0000000100
0.0000000100
0.0000000100
0.0000000100
0.0000000100
0.0000000100
0.0000000100
0.0000000100
0.0000000100
0.0000000100
0.0000000100
0.0000000100
0.0000000100
0.0000000100
0.0000000100
0.0000000100
0.0000000100
0.0000000100
0.0000000100
0.0000000100
0.0000000100
0.0000000100
0.0000000100
0.0000000100
0.0000000100
0.0000000100
0.0000000100
0.0000000100
0.0000000100
0.0000000100
0.0000000100
0.0000000100
0.0000000100
0.0000000100
0.0000000100
0.0000000100
0.0000000100
0.0000000100
0.0000000100
0.0000000100
0.0000000100
0.0000000100
0.0000000100
0.0000000100
0.0000000100
0.0000000100
0.0000000100
0.0000000100
0.0000000100
0.0000000100
0.0000000100
0.0000000100
0.0000000100
0.0000000100
0.0000000100
0.0000000100
0.0000000100
0.0000000100
0.0000000100
0.0000000100
0.0000000100
0.0000000100
0.0000000100
0.0000000100
0.0000000100
0.0000000100
0.0000000100
0.0000000100
0.0000000100
0.0000000100
0.0000000100
0.0000000100
0.0000000100
0.0000000100
0.0000000100
0.0000000100
0.0000000100
0.0000000100
0.0000000100
0.0000000100
0.0000000100
0.0000000100
0.0000000100
0.0000000100
0.0000000100
0.0000000100
0.0000000100
0.0000000100
0.0000000100
0.0000000100
0.0000000100
0.0000000100
0.0000000100
0.0000000100
0.0000000100
0.0000000100
0.0000000100
0.0000000100
0.0000000100
0.0000000100
0.0000000100
0.0000000100
0.0000000100
0.0000000100
0.0000000100
0.0000000100
0.0000000100
0.0000000100
0.0000000100
0.0000000100
0.0000000100
0.0000000100
0.0000000100
0.0000000100
0.0000000100
0.0000000100
0.0000000100
0.0000000100
0.0000000100
0.0000000100
0.0000000100
0.0000000100
0.0000000100
0.0000000100
0.0000000100
0.0000000100
0.0000000100
0.0000000100
0.0000000100
0.0000000100
0.0000000100
0.0000000100
0.0000000100
0.0000000100
0.0000000100
0.0000000100
0.0000000100
0.0000000100
0.0000000100
0.0000000100
0.0000000100
0.0000000100
0.0000000100
0.0000000100
0.0000000100
0.0000000100
0.0000000100
0.0000000100
0.0000000100
0.0000000100
0.0000000100
0.0000000100
0.0000000100
0.0000000100
0.0000000100
0.0000000100
0.0000000100
0.0000000100
0.0000000100
0.0000000100
0.0000000100
0.0000000100
0.0000000100
0.0000000100
0.0000000100
0.0000000100
0.0000000100
0.0000000100
0.0000000100
0.0000000100
0.0000000100
0.0000000100
0.0000000100
0.0000000100
0.0000000100
0.0000000100
0.0000000100
0.0000000100
0.0000000100
0.0000000100
0.0000000100
0.0000000100
0.0000000100
0.0000000100
0.0000000100
0.0000000100
0.0000000100
0.0000000100
0.0000000100
0.0000000100
0.0000000100
0.0000000100
0.0000000100
0.0000000100
0.0000000100
0.0000000100
0.0000000100
0.0000000100
0.0000000100
0.0000000100
0.0000000100
0.0000000100
0.0000000100
0.0000000100
0.0000000100
0.0000000100
0.0000000100
0.0000000100
0.0000000100
0.0000000100
0.0000000100
0.0000000100
0.0000000100
0.0000000100
0.0000000100
0.0000000100
0.0000000100
0.0000000100
0.0000000100
0.0000000100
0.0000000100
0.0000000100
0.0000000100
0.0000000100
0.0000000100
0.0000000100
0.0000000100
0.0000000100
0.0000000100
0.0000000100
0.0000000100
0.0000000100
0.0000000100
0.0000000100
0.0000000100
0.0000000100
0.0000000100
0.0000000100
0.0000000100
0.0000000100
0.0000000100
0.0000000100
0.0000000100
0.0000000100
0.0000000100
0.0000000100
0.0000000100
0.0000000100
0.0000000100
0.0000000100
0.0000000100
0.0000000100
0.0000000100
0.0000000100
0.0000000100
0.0000000100
0.0000000100
0.0000000100
0.0000000100
0.0000000100
0.0000000100
0.0000000100
0.0000000100
0.0000000100
0.0000000100
0.0000000100
0.0000000100
0.0000000100
0.0000000100
0.0000000100
0.0000000100
0.0000000100
0.0000000100
0.0000000100
0.0000000100
0.0000000100
0.0000000100
0.0000000100
0.0000000100
0.0000000100
0.0000000100
0.0000000100
0.0000000100
0.0000000100
0.0000000100
0.0000000100
0.0000000100
0.0000000100
0.0000000100
0.0000000100
0.0000000100
0.0000000100
0.0000000100
0.0000000100
0.0000000100
0.0000000100
0.0000000100
0.0000000100
0.0000000100
