0.8892595063
0.9234156104
0.9055370247
0.8281521014
0.8265510340
0.7963975984
0.8761841227
0.9055370247
0.8957971981
0.8761841227
0.8779186124
0.9234156104
0.8957971981
0.9186124083
0.9430286858
0.8860573716
0.8388258839
0.8713809206
0.9006004003
0.8583055370
0.8924616411
0.8779186124
0.8664442962
0.8697798532
0.8241494330
0.8370913943
0.8005336891
0.8241494330
0.8745830554
0.8160106738
0.8225483656
0.7979986658
0.7687791861
0.7753168779
0.7557038025
0.7785190127
0.7606404270
0.7199466311
0.7044696464
0.6727151434
0.6848565710
0.7076717812
0.7100733823
0.7100733823
0.6945963976
0.6987324883
0.6979319546
0.7100733823
0.6987324883
0.6880587058
0.6897931955
0.7174116077
0.7019346231
0.6921947965
0.6392261508
0.6368245497
0.6563042028
0.6310873916
0.6604402935
0.6669779853
0.6270847231
0.6278852568
0.5521014009
0.5953302201
0.5806537692
0.5757171448
0.5521014009
0.5488992662
0.5326217478
0.5659773182
0.5627751835
0.5562374917
0.5326217478
0.4951300867
0.5072715143
0.5187458306
0.5016677785
0.5227484990
0.0958905937
0.0695263509
0.1723815877
0.8265510340
0.7092728486
0.7239492995
0.7035356905
0.6897931955
0.7271514343
0.7296864576
0.7890593729
0.8297531688
0.7614409606
0.7239492995
0.7255503669
0.7215476985
0.7255503669
0.7158105404
0.7410273516
0.7491661107
0.7223482322
0.7336891261
0.7336891261
0.7312875250
0.7630420280
0.7352901935
0.7646430954
0.7769179453
0.7459639760
0.7491661107
0.7312875250
0.7475650434
0.7370246831
0.7589059373
0.8176117412
0.7727818546
0.7573048699
0.7517011341
0.8045363576
0.7907938626
0.7866577718
0.8338892595
0.7687791861
0.7939959973
0.7923949300
0.7785190127
0.7989326217
0.7882588392
0.7866577718
0.7549032688
0.7963975984
0.8102735157
0.7842561708
0.8021347565
0.7890593729
0.8664442962
0.8501667779
0.8045363576
0.8501667779
0.8126751167
0.7753168779
0.8200133422
0.8241494330
0.9088725817
0.8908605737
0.8501667779
0.8102735157
0.8567044696
0.8779186124
0.8388258839
0.8297531688
0.8388258839
0.8265510340
0.7743829219
0.7044696464
0.7199466311
0.7606404270
0.7711807872
0.7850567045
0.7939959973
0.8045363576
0.7727818546
0.7727818546
0.7687791861
0.8061374249
0.7809206137
0.7923949300
0.7606404270
0.7753168779
0.7507671781
0.7850567045
0.7939959973
0.8200133422
0.7533022015
0.7459639760
0.7687791861
0.7549032688
0.8086724483
0.8404269513
0.7255503669
0.7239492995
0.7654436291
0.7850567045
0.7979986658
0.8680453636
0.8144096064
0.8160106738
0.8216144096
0.8045363576
0.7711807872
0.8200133422
0.8469646431
0.8281521014
0.7890593729
0.7654436291
0.7923949300
0.7907938626
0.7907938626
0.7963975984
0.7671781187
0.7711807872
0.7589059373
0.7947965310
0.7866577718
0.7785190127
0.7850567045
0.7589059373
0.7939959973
0.7769179453
0.7882588392
0.7451634423
0.7727818546
0.8078719146
0.7963975984
0.7809206137
0.7743829219
0.7793195464
0.8338892595
0.8297531688
0.7793195464
0.7410273516
0.7923949300
0.7753168779
0.8297531688
0.7858572382
0.7923949300
0.7753168779
0.7939959973
0.7890593729
0.7947965310
0.8126751167
0.7979986658
0.7947965310
0.7769179453
0.7785190127
0.7753168779
0.7491661107
0.7842561708
0.7507671781
0.7882588392
0.7451634423
0.7451634423
0.7199466311
0.7280853903
0.7727818546
0.7199466311
0.7606404270
0.7491661107
0.7215476985
0.7866577718
0.7882588392
0.7825216811
0.7255503669
0.7451634423
0.7312875250
0.7614409606
0.7727818546
0.7687791861
0.7451634423
0.7646430954
0.7100733823
0.7199466311
0.7785190127
0.7630420280
0.7890593729
0.7769179453
0.7370246831
0.8160106738
0.7687791861
0.7491661107
0.7947965310
0.8184122748
0.7963975984
0.7939959973
0.8160106738
0.8029352902
0.7809206137
0.7743829219
0.7491661107
0.7785190127
0.7549032688
0.7646430954
0.7743829219
0.7320880587
0.7654436291
0.7882588392
0.7866577718
0.7671781187
0.7312875250
0.7549032688
0.7890593729
0.7549032688
0.7573048699
0.7890593729
0.7410273516
0.7573048699
0.7459639760
0.7312875250
0.7606404270
0.7646430954
0.7589059373
0.7671781187
0.7435623749
0.7727818546
0.7614409606
0.7557038025
0.7671781187
0.7459639760
0.7255503669
0.7517011341
0.7711807872
0.7842561708
0.7753168779
0.7533022015
0.7573048699
0.7491661107
0.7517011341
0.8176117412
0.7507671781
0.7142094730
0.6701801201
0.6392261508
0.6294863242
0.6751167445
0.6628418946
0.6310873916
0.5757171448
0.5447631755
0.5562374917
0.5822548366
0.5725150100
0.5798532355
0.6001334223
0.6229486324
0.6140093396
0.5562374917
0.5822548366
0.5699799867
0.5350233489
0.5090060040
0.5072715143
0.5171447632
0.5032688459
0.5187458306
0.5114076051
0.5098065377
0.5252835223
0.5056704470
0.4893929286
0.4665777185
0.4348232155
0.4332221481
0.4210807205
0.4641761174
0.4462975317
0.4478985991
0.4519012675
0.4250833889
0.4429619746
0.4332221481
0.4141427618
0.4088058706
0.4042695130
0.4088058706
0.3847898599
0.3945296865
0.3863909273
0.3542361574
0.1347565043
0.1014943296
0.0973182121
0.0889659773
0.6563042028
0.8225483656
0.8200133422
0.7695797198
0.7687791861
0.7825216811
0.7711807872
0.8501667779
0.8184122748
0.8086724483
0.7989326217
0.8144096064
0.7882588392
0.7517011341
0.7890593729
0.8078719146
0.8225483656
0.8216144096
0.8005336891
0.7866577718
0.8029352902
0.7630420280
0.8021347565
0.8485657105
0.8370913943
0.8664442962
0.8485657105
0.8314876584
0.8216144096
0.8501667779
0.8086724483
0.8924616411
0.8322881921
0.8388258839
0.8501667779
0.8957971981
0.8664442962
0.8583055370
0.8061374249
0.8680453636
0.8779186124
0.7947965310
0.8314876584
0.8200133422
0.8860573716
0.8517678452
0.8843228819
0.9104736491
0.8795196798
0.9136757839
0.8616410941
0.8517678452
0.8876584390
0.9380920614
0.9642428286
0.9218145430
0.9234156104
0.8811207472
0.8729819880
0.9478318879
0.9674449633
0.9267511674
0.8860573716
0.8583055370
0.8843228819
0.8908605737
0.3183455637
0.1056571047
0.1056571047
0.9821214143
0.7507671781
0.7507671781
0.7451634423
0.7223482322
0.7743829219
0.7435623749
0.7753168779
0.7809206137
0.7963975984
0.7418278853
0.7370246831
0.6945963976
0.7654436291
0.7320880587
0.7255503669
0.7646430954
0.7890593729
0.7850567045
0.7549032688
0.7507671781
0.7842561708
0.8225483656
0.8160106738
0.8420280187
0.8184122748
0.7753168779
0.7646430954
0.7947965310
0.7809206137
0.8029352902
0.8404269513
0.8126751167
0.8061374249
0.7850567045
0.7695797198
0.7475650434
0.7320880587
0.7606404270
0.7394262842
0.7825216811
0.7630420280
0.7711807872
0.8086724483
0.7793195464
0.7475650434
0.7336891261
0.7825216811
0.7727818546
0.7907938626
0.8485657105
0.8761841227
0.9414276184
0.9218145430
0.8989993329
0.8485657105
0.8761841227
0.8388258839
0.8501667779
0.8664442962
0.8388258839
0.8314876584
0.8061374249
0.0000000100
0.0000000100
0.0000000100
0.0000000100
0.0000000100
0.0000000100
0.0000000100
0.0000000100
0.0000000100
0.0000000100
0.0000000100
0.0000000100
0.0000000100
0.0000000100
0.0000000100
0.0000000100
0.0000000100
0.0000000100
0.0000000100
0.0000000100
0.0000000100
0.0000000100
0.0000000100
0.0000000100
0.0000000100
0.0000000100
0.0000000100
0.0000000100
0.0000000100
0.0000000100
0.0000000100
0.0000000100
0.0000000100
0.0000000100
0.0000000100
0.0000000100
0.0000000100
0.0000000100
0.0000000100
0.0000000100
0.0000000100
0.0000000100
0.0000000100
0.0000000100
0.0000000100
0.0000000100
0.0000000100
0.0000000100
0.0000000100
0.0000000100
0.0000000100
0.0000000100
0.0000000100
0.0000000100
0.0000000100
0.0000000100
0.0000000100
0.0000000100
0.0000000100
0.0000000100
0.0000000100
0.0000000100
0.0000000100
0.0000000100
0.0000000100
0.0000000100
0.0000000100
0.0000000100
0.0000000100
0.0000000100
0.0000000100
0.0000000100
0.0000000100
0.0000000100
0.0000000100
0.0000000100
0.0000000100
0.0000000100
0.0000000100
0.0000000100
0.0000000100
0.0000000100
0.0000000100
0.0000000100
0.0000000100
0.0000000100
0.0000000100
0.0000000100
0.0000000100
0.0000000100
0.0000000100
0.0000000100
0.0000000100
0.0000000100
0.0000000100
0.0000000100
0.0000000100
0.0000000100
0.0000000100
0.0000000100
0.0000000100
0.0000000100
0.0000000100
0.0000000100
0.0000000100
0.0000000100
0.0000000100
0.0000000100
0.0000000100
0.0000000100
0.0000000100
0.0000000100
0.0000000100
0.0000000100
0.0000000100
0.0000000100
0.0000000100
0.0000000100
0.0000000100
0.0000000100
0.0000000100
0.0000000100
0.0000000100
0.0000000100
0.0000000100
0.0000000100
0.0000000100
0.0000000100
0.0000000100
0.0000000100
0.0000000100
0.0000000100
0.0000000100
0.0000000100
0.0000000100
0.0000000100
0.0000000100
0.0000000100
0.0000000100
0.0000000100
0.0000000100
0.0000000100
0.0000000100
0.0000000100
0.0000000100
0.0000000100
0.0000000100
0.0000000100
0.0000000100
0.0000000100
0.0000000100
0.0000000100
0.0000000100
0.0000000100
0.0000000100
0.0000000100
0.0000000100
0.0000000100
0.0000000100
0.0000000100
0.0000000100
0.0000000100
0.0000000100
0.0000000100
0.0000000100
0.0000000100
0.0000000100
0.0000000100
0.0000000100
0.0000000100
0.0000000100
0.0000000100
0.0000000100
0.0000000100
0.0000000100
0.0000000100
0.0000000100
0.0000000100
0.0000000100
0.0000000100
0.0000000100
0.0000000100
0.0000000100
0.0000000100
0.0000000100
0.0000000100
0.0000000100
0.0000000100
0.0000000100
0.0000000100
0.0000000100
0.0000000100
0.0000000100
0.0000000100
0.0000000100
0.0000000100
0.0000000100
0.0000000100
0.0000000100
0.0000000100
0.0000000100
0.0000000100
0.0000000100
0.0000000100
0.0000000100
0.0000000100
0.0000000100
0.0000000100
0.0000000100
0.0000000100
0.0000000100
0.0000000100
0.0000000100
0.0000000100
0.0000000100
0.0000000100
0.0000000100
0.0000000100
0.0000000100
0.0000000100
0.0000000100
0.0000000100
0.0000000100
0.0000000100
0.0000000100
0.0000000100
0.0000000100
0.0000000100
0.0000000100
0.0000000100
0.0000000100
0.0000000100
0.0000000100
0.0000000100
0.0000000100
0.0000000100
0.0000000100
0.0000000100
0.0000000100
0.0000000100
0.0000000100
0.0000000100
0.0000000100
0.0000000100
0.0000000100
0.0000000100
0.0000000100
0.0000000100
0.0000000100
0.0000000100
0.0000000100
0.0000000100
0.0000000100
0.0000000100
0.0000000100
0.0000000100
0.0000000100
0.0000000100
0.0000000100
0.0000000100
0.0000000100
0.0000000100
0.0000000100
0.0000000100
0.0000000100
0.0000000100
0.0000000100
0.0000000100
0.0000000100
0.0000000100
0.0000000100
0.0000000100
0.0000000100
0.0000000100
0.0000000100
0.0000000100
0.0000000100
0.0000000100
0.0000000100
0.0000000100
0.0000000100
0.0000000100
0.0000000100
0.0000000100
0.0000000100
0.0000000100
0.0000000100
0.0000000100
0.0000000100
0.0000000100
0.0000000100
0.0000000100
0.0000000100
0.0000000100
0.0000000100
0.0000000100
0.0000000100
0.0000000100
0.0000000100
0.0000000100
0.0000000100
0.0000000100
0.0000000100
0.0000000100
0.0000000100
0.0000000100
0.0000000100
0.0000000100
0.0000000100
0.0000000100
0.0000000100
0.0000000100
0.0000000100
0.0000000100
0.0000000100
0.0000000100
0.0000000100
0.0000000100
0.0000000100
0.0000000100
0.0000000100
0.0000000100
0.0000000100
0.0000000100
0.0000000100
0.0000000100
0.0000000100
0.0000000100
0.0000000100
0.0000000100
0.0000000100
0.0000000100
0.0000000100
0.0000000100
0.0000000100
0.0000000100
0.0000000100
0.0000000100
0.0000000100
0.0000000100
0.0000000100
0.0000000100
0.0000000100
0.0000000100
0.0000000100
0.0000000100
0.0000000100
0.0000000100
0.0000000100
0.0000000100
0.0000000100
0.0000000100
0.0000000100
0.0000000100
0.0000000100
0.0000000100
0.0000000100
0.0000000100
0.0000000100
0.0000000100
0.0000000100
0.0000000100
0.0000000100
0.0000000100
0.0000000100
0.0000000100
0.0000000100
0.0000000100
