0.3369600000
0.3388800000
0.3403200000
0.3452800000
0.3384000000
0.3436800000
0.3364800000
0.3476800000
0.3324800000
0.3427200000
0.3524800000
0.3251200000
0.3569600000
0.3350400000
0.3300800000
0.3398400000
0.3550400000
0.3745600000
0.3612800000
0.3652800000
0.3862400000
0.3696000000
0.3964800000
0.3529600000
0.3486400000
0.3598400000
0.3622400000
0.3667200000
0.3579200000
0.3643200000
0.3593600000
0.3731200000
0.3736000000
0.3481600000
0.3457600000
0.3524800000
0.3427200000
0.3457600000
0.3412800000
0.3398400000
0.3560000000
0.3320000000
0.3403200000
0.3276800000
0.3379200000
0.3300800000
0.3179200000
0.3232000000
0.3096000000
0.3198400000
0.3012800000
0.3076800000
0.2988800000
0.2958400000
0.2939200000
0.2822400000
0.2817600000
0.2851200000
0.2910400000
0.2670400000
0.3022400000
0.2875200000
0.2905600000
0.2929600000
0.3072000000
0.2772800000
0.2798400000
0.2832000000
0.2984000000
0.2870400000
0.2817600000
0.2582400000
0.2788800000
0.2651200000
0.2710400000
0.2558400000
0.2656000000
0.2568000000
0.2598400000
0.2558400000
0.2641600000
0.2548800000
0.2529600000
0.2497600000
0.2499200000
0.2544000000
0.2436800000
0.2350400000
0.2214400000
0.2160000000
0.2211200000
0.2160000000
0.2176000000
0.2078400000
0.2185600000
0.2102400000
0.2088000000
0.2099200000
0.2062400000
0.2006400000
0.2060800000
0.2134400000
0.2097600000
0.2024000000
0.2001600000
0.1940800000
0.1838400000
0.1851200000
0.1928000000
0.1926400000
0.1968000000
0.2062400000
0.2038400000
0.1872000000
0.2000000000
0.2004800000
0.2107200000
0.2160000000
0.2116800000
0.2118400000
0.2144000000
0.2176000000
0.1996800000
0.1964800000
0.2016000000
0.2083200000
0.2046400000
0.2108800000
0.2289600000
0.2336000000
0.2428800000
0.2320000000
0.2224000000
0.2182400000
0.2265600000
0.2200000000
0.2505600000
0.2380800000
0.2488000000
0.2454400000
0.2468800000
0.2377600000
0.2465600000
0.2478400000
0.2539200000
0.2484800000
0.2753600000
0.2803200000
0.2763200000
0.2784000000
0.2870400000
0.2827200000
0.2763200000
0.2836800000
0.2865600000
0.3153600000
0.3129600000
0.3217600000
0.3329600000
0.3550400000
0.3388800000
0.3398400000
0.3422400000
0.3257600000
0.3281600000
0.3491200000
0.3622400000
0.4038400000
0.4209600000
0.3974400000
0.3910400000
0.3910400000
0.4193600000
0.3998400000
0.4043200000
0.4086400000
0.3886400000
0.4048000000
0.4209600000
0.3798400000
0.3833600000
0.4014400000
0.4219200000
0.4174400000
0.4276800000
0.4219200000
0.4428800000
0.4326400000
0.4145600000
0.4193600000
0.4121600000
0.3993600000
0.4086400000
0.4209600000
0.3857600000
0.4096000000
0.4409600000
0.4350400000
0.4395200000
0.4438400000
0.4297600000
0.4497600000
0.4350400000
0.4297600000
0.4243200000
0.4369600000
0.4286400000
0.4457600000
0.4272000000
0.4200000000
0.4364800000
0.4452800000
0.4243200000
0.4326400000
0.4364800000
0.4492800000
0.4286400000
0.4238400000
0.4374400000
0.4312000000
0.4302400000
0.4467200000
0.4384000000
0.4452800000
0.4574400000
0.4595200000
0.4419200000
0.4604800000
0.4345600000
0.4452800000
0.4321600000
0.4321600000
0.4336000000
0.4331200000
0.4467200000
0.4824000000
0.4678400000
0.4780800000
0.4936000000
0.4776000000
0.4785600000
0.4833600000
0.4907200000
0.4892800000
0.4614400000
0.4745600000
0.4545600000
0.4355200000
0.4555200000
0.4497600000
0.4531200000
0.4507200000
0.4140800000
0.4243200000
0.4214400000
0.4086400000
0.4188800000
0.4457600000
0.4897600000
0.5156800000
0.4652800000
0.4326400000
0.4545600000
0.4364800000
0.4331200000
0.4024000000
0.3926400000
0.3988800000
0.4174400000
0.4184000000
0.4262400000
0.4360000000
0.4164800000
0.4379200000
0.4262400000
0.4160000000
0.3945600000
0.3784000000
0.3750400000
0.3612800000
0.3643200000
0.3686400000
0.3736000000
0.3817600000
0.3393600000
0.3545600000
0.3550400000
0.3824000000
0.3496000000
0.3529600000
0.3491200000
0.3529600000
0.3788800000
0.3910400000
0.3755200000
0.3833600000
0.3955200000
0.3940800000
0.3862400000
0.3681600000
0.3643200000
0.3676800000
0.3603200000
0.3828800000
0.3705600000
0.3755200000
0.3921600000
0.3921600000
0.3608000000
0.3560000000
0.3633600000
0.3472000000
0.3462400000
0.3574400000
0.3731200000
0.3510400000
0.3555200000
0.3467200000
0.3246400000
0.3110400000
0.3056000000
0.3076800000
0.3076800000
0.3120000000
0.3227200000
0.3232000000
0.3305600000
0.3305600000
0.3379200000
0.3472000000
0.3408000000
0.3510400000
0.3593600000
0.3588800000
0.3486400000
0.3096000000
0.3164800000
0.3633600000
0.3881600000
0.3808000000
0.3667200000
0.3681600000
0.3648000000
0.3696000000
0.3524800000
0.3500800000
0.3476800000
0.3505600000
0.3364800000
0.2979200000
0.2822400000
0.2753600000
0.2910400000
0.2905600000
0.2803200000
0.2553600000
0.2468800000
0.2336000000
0.2465600000
0.2422400000
0.2368000000
0.2294400000
0.2473600000
0.2568000000
0.2331200000
0.2150400000
0.2409600000
0.2350400000
0.2371200000
0.2284800000
0.2164800000
0.2145600000
0.2134400000
0.2201600000
0.2529600000
0.2214400000
0.2236800000
0.2075200000
0.2176000000
0.2048000000
0.1955200000
0.2046400000
0.2019200000
0.2006400000
0.2036800000
0.1902400000
0.2006400000
0.1992000000
0.2067200000
0.1964800000
0.1945600000
0.1918400000
0.1921600000
0.1779200000
0.1820800000
0.1968000000
0.1916800000
0.1913600000
0.1996800000
0.1974400000
0.1990400000
0.1892800000
0.2036800000
0.1928000000
0.1921600000
0.1945600000
0.1928000000
0.1880000000
0.1918400000
0.1809600000
0.2043200000
0.2185600000
0.2139200000
0.2088000000
0.2024000000
0.1953600000
0.2102400000
0.2153600000
0.2092800000
0.2070400000
0.2182400000
0.2331200000
0.2209600000
0.2216000000
0.2331200000
0.2190400000
0.2304000000
0.2451200000
0.2484800000
0.2448000000
0.2608000000
0.2670400000
0.2112000000
0.2334400000
0.2846400000
0.2920000000
0.3105600000
0.2974400000
0.2827200000
0.2505600000
0.2856000000
0.3129600000
0.3369600000
0.3344000000
0.3139200000
0.3153600000
0.2924800000
0.3100800000
0.3457600000
0.3515200000
0.3462400000
0.3110400000
0.3364800000
0.3339200000
0.3329600000
0.3612800000
0.3555200000
0.3652800000
0.3720000000
0.3843200000
0.4100800000
0.3843200000
0.3857600000
0.3886400000
0.3926400000
0.3926400000
0.3936000000
0.4091200000
0.4048000000
0.4281600000
0.4076800000
0.4014400000
0.4281600000
0.4360000000
0.4462400000
0.4224000000
0.4160000000
0.3988800000
0.3681600000
0.3633600000
0.3881600000
0.3921600000
0.3950400000
0.3724800000
0.4179200000
0.4864000000
0.4912000000
0.4472000000
0.4116800000
0.3993600000
0.4067200000
0.4169600000
0.4281600000
0.4169600000
0.4228800000
0.4316800000
0.4067200000
0.4355200000
0.4564800000
0.0000000100
0.0000000100
0.0000000100
0.0000000100
0.0000000100
0.0000000100
0.0000000100
0.0000000100
0.0000000100
0.0000000100
0.0000000100
0.0000000100
0.0000000100
0.0000000100
0.0000000100
0.0000000100
0.0000000100
0.0000000100
0.0000000100
0.0000000100
0.0000000100
0.0000000100
0.0000000100
0.0000000100
0.0000000100
0.0000000100
0.0000000100
0.0000000100
0.0000000100
0.0000000100
0.0000000100
0.0000000100
0.0000000100
0.0000000100
0.0000000100
0.0000000100
0.0000000100
0.0000000100
0.0000000100
0.0000000100
0.0000000100
0.0000000100
0.0000000100
0.0000000100
0.0000000100
0.0000000100
0.0000000100
0.0000000100
0.0000000100
0.0000000100
0.0000000100
0.0000000100
0.0000000100
0.0000000100
0.0000000100
0.0000000100
0.0000000100
0.0000000100
0.0000000100
0.0000000100
0.0000000100
0.0000000100
0.0000000100
0.0000000100
0.0000000100
0.0000000100
0.0000000100
0.0000000100
0.0000000100
0.0000000100
0.0000000100
0.0000000100
0.0000000100
0.0000000100
0.0000000100
0.0000000100
0.0000000100
0.0000000100
0.0000000100
0.0000000100
0.0000000100
0.0000000100
0.0000000100
0.0000000100
0.0000000100
0.0000000100
0.0000000100
0.0000000100
0.0000000100
0.0000000100
0.0000000100
0.0000000100
0.0000000100
0.0000000100
0.0000000100
0.0000000100
0.0000000100
0.0000000100
0.0000000100
0.0000000100
0.0000000100
0.0000000100
0.0000000100
0.0000000100
0.0000000100
0.0000000100
0.0000000100
0.0000000100
0.0000000100
0.0000000100
0.0000000100
0.0000000100
0.0000000100
0.0000000100
0.0000000100
0.0000000100
0.0000000100
0.0000000100
0.0000000100
0.0000000100
0.0000000100
0.0000000100
0.0000000100
0.0000000100
0.0000000100
0.0000000100
0.0000000100
0.0000000100
0.0000000100
0.0000000100
0.0000000100
0.0000000100
0.0000000100
0.0000000100
0.0000000100
0.0000000100
0.0000000100
0.0000000100
0.0000000100
0.0000000100
0.0000000100
0.0000000100
0.0000000100
0.0000000100
0.0000000100
0.0000000100
0.0000000100
0.0000000100
0.0000000100
0.0000000100
0.0000000100
0.0000000100
0.0000000100
0.0000000100
0.0000000100
0.0000000100
0.0000000100
0.0000000100
0.0000000100
0.0000000100
0.0000000100
0.0000000100
0.0000000100
0.0000000100
0.0000000100
0.0000000100
0.0000000100
0.0000000100
0.0000000100
0.0000000100
0.0000000100
0.0000000100
0.0000000100
0.0000000100
0.0000000100
0.0000000100
0.0000000100
0.0000000100
0.0000000100
0.0000000100
0.0000000100
0.0000000100
0.0000000100
0.0000000100
0.0000000100
0.0000000100
0.0000000100
0.0000000100
0.0000000100
0.0000000100
0.0000000100
0.0000000100
0.0000000100
0.0000000100
0.0000000100
0.0000000100
0.0000000100
0.0000000100
0.0000000100
0.0000000100
0.0000000100
0.0000000100
0.0000000100
0.0000000100
0.0000000100
0.0000000100
0.0000000100
0.0000000100
0.0000000100
0.0000000100
0.0000000100
0.0000000100
0.0000000100
0.0000000100
0.0000000100
0.0000000100
0.0000000100
0.0000000100
0.0000000100
0.0000000100
0.0000000100
0.0000000100
0.0000000100
0.0000000100
0.0000000100
0.0000000100
0.0000000100
0.0000000100
0.0000000100
0.0000000100
0.0000000100
0.0000000100
0.0000000100
0.0000000100
0.0000000100
0.0000000100
0.0000000100
0.0000000100
0.0000000100
0.0000000100
0.0000000100
0.0000000100
0.0000000100
0.0000000100
0.0000000100
0.0000000100
0.0000000100
0.0000000100
0.0000000100
0.0000000100
0.0000000100
0.0000000100
0.0000000100
0.0000000100
0.0000000100
0.0000000100
0.0000000100
0.0000000100
0.0000000100
0.0000000100
0.0000000100
0.0000000100
0.0000000100
0.0000000100
0.0000000100
0.0000000100
0.0000000100
0.0000000100
0.0000000100
0.0000000100
0.0000000100
0.0000000100
0.0000000100
0.0000000100
0.0000000100
0.0000000100
0.0000000100
0.0000000100
0.0000000100
0.0000000100
0.0000000100
0.0000000100
0.0000000100
0.0000000100
0.0000000100
0.0000000100
0.0000000100
0.0000000100
0.0000000100
0.0000000100
0.0000000100
0.0000000100
0.0000000100
0.0000000100
0.0000000100
0.0000000100
0.0000000100
0.0000000100
0.0000000100
0.0000000100
0.0000000100
0.0000000100
0.0000000100
0.0000000100
0.0000000100
0.0000000100
0.0000000100
0.0000000100
0.0000000100
0.0000000100
0.0000000100
0.0000000100
0.0000000100
0.0000000100
0.0000000100
0.0000000100
0.0000000100
0.0000000100
0.0000000100
0.0000000100
0.0000000100
0.0000000100
0.0000000100
0.0000000100
0.0000000100
0.0000000100
0.0000000100
0.0000000100
0.0000000100
0.0000000100
0.0000000100
0.0000000100
0.0000000100
0.0000000100
0.0000000100
0.0000000100
0.0000000100
0.0000000100
0.0000000100
0.0000000100
0.0000000100
0.0000000100
0.0000000100
0.0000000100
0.0000000100
0.0000000100
0.0000000100
0.0000000100
0.0000000100
0.0000000100
0.0000000100
0.0000000100
0.0000000100
0.0000000100
0.0000000100
0.0000000100
0.0000000100
0.0000000100
0.0000000100
0.0000000100
0.0000000100
0.0000000100
0.0000000100
0.0000000100
0.0000000100
0.0000000100
0.0000000100
0.0000000100
0.0000000100
0.0000000100
0.0000000100
