0.3710400000
0.3657600000
0.3564800000
0.3593600000
0.3560000000
0.3555200000
0.3545600000
0.3310400000
0.3300800000
0.3422400000
0.3379200000
0.3334400000
0.3496000000
0.3398400000
0.3350400000
0.3720000000
0.3793600000
0.3676800000
0.3736000000
0.3798400000
0.3798400000
0.3872000000
0.3876800000
0.3648000000
0.3900800000
0.3672000000
0.3657600000
0.3540800000
0.3588800000
0.3534400000
0.3598400000
0.3422400000
0.3569600000
0.3672000000
0.3588800000
0.3545600000
0.3705600000
0.3736000000
0.3896000000
0.3905600000
0.3993600000
0.3921600000
0.3886400000
0.3817600000
0.3672000000
0.3736000000
0.3555200000
0.3505600000
0.3803200000
0.3736000000
0.3617600000
0.3705600000
0.4360000000
0.4740800000
0.4219200000
0.4038400000
0.4200000000
0.4614400000
0.3848000000
0.4272000000
0.3467200000
0.3067200000
0.3017600000
0.3012800000
0.3129600000
0.3300800000
0.3886400000
0.4184000000
0.3979200000
0.3974400000
0.3812800000
0.3076800000
0.2851200000
0.2763200000
0.2948800000
0.2963200000
0.3896000000
0.3969600000
0.2739200000
0.2846400000
0.2763200000
0.3060800000
0.3022400000
0.4488000000
0.4512000000
0.3769600000
0.3169600000
0.3144000000
0.3139200000
0.3524800000
0.3584000000
0.4019200000
0.5009600000
0.4809600000
0.4355200000
0.4497600000
0.4683200000
0.4683200000
0.3910400000
0.3212800000
0.3232000000
0.3300800000
0.3476800000
0.3217600000
0.4312000000
0.4550400000
0.4433600000
0.4726400000
0.4488000000
0.4395200000
0.4678400000
0.3921600000
0.3120000000
0.3369600000
0.3281600000
0.3452800000
0.3422400000
0.4281600000
0.4419200000
0.4531200000
0.4400000000
0.4804800000
0.4164800000
0.4140800000
0.4131200000
0.4600000000
0.4864000000
0.4619200000
0.4662400000
0.4936000000
0.4931200000
0.4507200000
0.4409600000
0.3441600000
0.3203200000
0.3208000000
0.3267200000
0.3272000000
0.3305600000
0.3310400000
0.3384000000
0.3241600000
0.3100800000
0.3360000000
0.3193600000
0.3124800000
0.3110400000
0.3144000000
0.3027200000
0.3198400000
0.3828800000
0.3900800000
0.3276800000
0.3227200000
0.3281600000
0.3988800000
0.4100800000
0.4193600000
0.4462400000
0.4467200000
0.3300800000
0.3550400000
0.3515200000
0.3417600000
0.3881600000
0.3681600000
0.4531200000
0.4873600000
0.4760000000
0.4750400000
0.4502400000
0.4652800000
0.5019200000
0.4428800000
0.4326400000
0.4379200000
0.4755200000
0.5038400000
0.4462400000
0.4628800000
0.4472000000
0.4550400000
0.4497600000
0.4488000000
0.4804800000
0.4360000000
0.4476800000
0.4492800000
0.4512000000
0.4379200000
0.4472000000
0.4843200000
0.4819200000
0.4624000000
0.4614400000
0.4521600000
0.4267200000
0.4379200000
0.4443200000
0.4526400000
0.4433600000
0.4648000000
0.4507200000
0.4457600000
0.4483200000
0.4488000000
0.4321600000
0.5019200000
0.5019200000
0.5088000000
0.4916800000
0.4336000000
0.4414400000
0.4404800000
0.4267200000
0.4374400000
0.4574400000
0.4692800000
0.4848000000
0.4760000000
0.4892800000
0.4868800000
0.4507200000
0.4619200000
0.5028800000
0.5028800000
0.4857600000
0.4838400000
0.4638400000
0.4852800000
0.4945600000
0.4833600000
0.4492800000
0.4843200000
0.4633600000
0.4443200000
0.4390400000
0.4331200000
0.4843200000
0.4819200000
0.4516800000
0.4321600000
0.4467200000
0.4516800000
0.4678400000
0.4795200000
0.4467200000
0.4326400000
0.4233600000
0.4673600000
0.4697600000
0.4916800000
0.4457600000
0.4414400000
0.4340800000
0.5156800000
0.5312000000
0.5497600000
0.5244800000
0.4776000000
0.5244800000
0.4707200000
0.4692800000
0.4667200000
0.4507200000
0.4281600000
0.4574400000
0.4662400000
0.4360000000
0.4843200000
0.4662400000
0.4540800000
0.4731200000
0.5126400000
0.4940800000
0.4726400000
0.4688000000
0.5028800000
0.4936000000
0.5078400000
0.4971200000
0.5635200000
0.4755200000
0.4483200000
0.4272000000
0.4179200000
0.4243200000
0.4580800000
0.4564800000
0.4497600000
0.4483200000
0.4483200000
0.5126400000
0.5800000000
0.5078400000
0.5078400000
0.4574400000
0.4390400000
0.4438400000
0.4638400000
0.4716800000
0.4990400000
0.4600000000
0.4736000000
0.5264000000
0.5430400000
0.4848000000
0.4457600000
0.4736000000
0.4819200000
0.4678400000
0.4950400000
0.4976000000
0.4795200000
0.4804800000
0.4555200000
0.4057600000
0.4721600000
0.3998400000
0.4164800000
0.4252800000
0.4507200000
0.4926400000
0.5264000000
0.4662400000
0.4580800000
0.4550400000
0.4852800000
0.5019200000
0.5009600000
0.4595200000
0.4360000000
0.4740800000
0.4419200000
0.4155200000
0.4536000000
0.4766400000
0.4740800000
0.4864000000
0.4488000000
0.3931200000
0.4174400000
0.4233600000
0.4336000000
0.4428800000
0.4414400000
0.4550400000
0.4452800000
0.4395200000
0.4702400000
0.4476800000
0.4536000000
0.4390400000
0.4345600000
0.4228800000
0.4209600000
0.3931200000
0.3910400000
0.3876800000
0.4419200000
0.3974400000
0.4193600000
0.4633600000
0.4526400000
0.4345600000
0.4755200000
0.4364800000
0.3852800000
0.4193600000
0.3867200000
0.4003200000
0.4521600000
0.4452800000
0.4086400000
0.4390400000
0.5038400000
0.4316800000
0.4169600000
0.3945600000
0.3896000000
0.3779200000
0.3921600000
0.3905600000
0.3940800000
0.3867200000
0.3931200000
0.4033600000
0.3998400000
0.4086400000
0.4072000000
0.4038400000
0.4062400000
0.3857600000
0.3916800000
0.3988800000
0.3974400000
0.4107200000
0.4024000000
0.3950400000
0.3969600000
0.4048000000
0.4252800000
0.4019200000
0.3988800000
0.4204800000
0.4003200000
0.4604800000
0.4790400000
0.3921600000
0.3788800000
0.3812800000
0.3803200000
0.3833600000
0.3998400000
0.4302400000
0.4252800000
0.4048000000
0.4428800000
0.4638400000
0.4595200000
0.4072000000
0.4024000000
0.4024000000
0.4160000000
0.4014400000
0.4028800000
0.4160000000
0.4233600000
0.4048000000
0.3803200000
0.3529600000
0.3681600000
0.3710400000
0.3769600000
0.3769600000
0.3784000000
0.3891200000
0.4116800000
0.3857600000
0.4096000000
0.4257600000
0.4462400000
0.4336000000
0.4281600000
0.4428800000
0.4419200000
0.4057600000
0.3905600000
0.3910400000
0.4667200000
0.4819200000
0.4364800000
0.4424000000
0.4414400000
0.4096000000
0.4340800000
0.4419200000
0.4374400000
0.4814400000
0.4864000000
0.4868800000
0.4931200000
0.4740800000
0.4628800000
0.4819200000
0.5068800000
0.4062400000
0.4316800000
0.4155200000
0.4174400000
0.4193600000
0.4126400000
0.4057600000
0.4033600000
0.4116800000
0.3993600000
0.3964800000
0.4331200000
0.4204800000
0.4307200000
0.4252800000
0.4214400000
0.4331200000
0.4067200000
0.4193600000
0.4395200000
0.4433600000
0.4624000000
0.4467200000
0.4096000000
0.4008000000
0.4438400000
0.4531200000
0.5419200000
0.4828800000
0.4697600000
0.4667200000
0.4921600000
0.4800000000
0.4750400000
0.4760000000
0.0000000100
0.0000000100
0.0000000100
0.0000000100
0.0000000100
0.0000000100
0.0000000100
0.0000000100
0.0000000100
0.0000000100
0.0000000100
0.0000000100
0.0000000100
0.0000000100
0.0000000100
0.0000000100
0.0000000100
0.0000000100
0.0000000100
0.0000000100
0.0000000100
0.0000000100
0.0000000100
0.0000000100
0.0000000100
0.0000000100
0.0000000100
0.0000000100
0.0000000100
0.0000000100
0.0000000100
0.0000000100
0.0000000100
0.0000000100
0.0000000100
0.0000000100
0.0000000100
0.0000000100
0.0000000100
0.0000000100
0.0000000100
0.0000000100
0.0000000100
0.0000000100
0.0000000100
0.0000000100
0.0000000100
0.0000000100
0.0000000100
0.0000000100
0.0000000100
0.0000000100
0.0000000100
0.0000000100
0.0000000100
0.0000000100
0.0000000100
0.0000000100
0.0000000100
0.0000000100
0.0000000100
0.0000000100
0.0000000100
0.0000000100
0.0000000100
0.0000000100
0.0000000100
0.0000000100
0.0000000100
0.0000000100
0.0000000100
0.0000000100
0.0000000100
0.0000000100
0.0000000100
0.0000000100
0.0000000100
0.0000000100
0.0000000100
0.0000000100
0.0000000100
0.0000000100
0.0000000100
0.0000000100
0.0000000100
0.0000000100
0.0000000100
0.0000000100
0.0000000100
0.0000000100
0.0000000100
0.0000000100
0.0000000100
0.0000000100
0.0000000100
0.0000000100
0.0000000100
0.0000000100
0.0000000100
0.0000000100
0.0000000100
0.0000000100
0.0000000100
0.0000000100
0.0000000100
0.0000000100
0.0000000100
0.0000000100
0.0000000100
0.0000000100
0.0000000100
0.0000000100
0.0000000100
0.0000000100
0.0000000100
0.0000000100
0.0000000100
0.0000000100
0.0000000100
0.0000000100
0.0000000100
0.0000000100
0.0000000100
0.0000000100
0.0000000100
0.0000000100
0.0000000100
0.0000000100
0.0000000100
0.0000000100
0.0000000100
0.0000000100
0.0000000100
0.0000000100
0.0000000100
0.0000000100
0.0000000100
0.0000000100
0.0000000100
0.0000000100
0.0000000100
0.0000000100
0.0000000100
0.0000000100
0.0000000100
0.0000000100
0.0000000100
0.0000000100
0.0000000100
0.0000000100
0.0000000100
0.0000000100
0.0000000100
0.0000000100
0.0000000100
0.0000000100
0.0000000100
0.0000000100
0.0000000100
0.0000000100
0.0000000100
0.0000000100
0.0000000100
0.0000000100
0.0000000100
0.0000000100
0.0000000100
0.0000000100
0.0000000100
0.0000000100
0.0000000100
0.0000000100
0.0000000100
0.0000000100
0.0000000100
0.0000000100
0.0000000100
0.0000000100
0.0000000100
0.0000000100
0.0000000100
0.0000000100
0.0000000100
0.0000000100
0.0000000100
0.0000000100
0.0000000100
0.0000000100
0.0000000100
0.0000000100
0.0000000100
0.0000000100
0.0000000100
0.0000000100
0.0000000100
0.0000000100
0.0000000100
0.0000000100
0.0000000100
0.0000000100
0.0000000100
0.0000000100
0.0000000100
0.0000000100
0.0000000100
0.0000000100
0.0000000100
0.0000000100
0.0000000100
0.0000000100
0.0000000100
0.0000000100
0.0000000100
0.0000000100
0.0000000100
0.0000000100
0.0000000100
0.0000000100
0.0000000100
0.0000000100
0.0000000100
0.0000000100
0.0000000100
0.0000000100
0.0000000100
0.0000000100
0.0000000100
0.0000000100
0.0000000100
0.0000000100
0.0000000100
0.0000000100
0.0000000100
0.0000000100
0.0000000100
0.0000000100
0.0000000100
0.0000000100
0.0000000100
0.0000000100
0.0000000100
0.0000000100
0.0000000100
0.0000000100
0.0000000100
0.0000000100
0.0000000100
0.0000000100
0.0000000100
0.0000000100
0.0000000100
0.0000000100
0.0000000100
0.0000000100
0.0000000100
0.0000000100
0.0000000100
0.0000000100
0.0000000100
0.0000000100
0.0000000100
0.0000000100
0.0000000100
0.0000000100
0.0000000100
0.0000000100
0.0000000100
0.0000000100
0.0000000100
0.0000000100
0.0000000100
0.0000000100
0.0000000100
0.0000000100
0.0000000100
0.0000000100
0.0000000100
0.0000000100
0.0000000100
0.0000000100
0.0000000100
0.0000000100
0.0000000100
0.0000000100
0.0000000100
0.0000000100
0.0000000100
0.0000000100
0.0000000100
0.0000000100
0.0000000100
0.0000000100
0.0000000100
0.0000000100
0.0000000100
0.0000000100
0.0000000100
0.0000000100
0.0000000100
0.0000000100
0.0000000100
0.0000000100
0.0000000100
0.0000000100
0.0000000100
0.0000000100
0.0000000100
0.0000000100
0.0000000100
0.0000000100
0.0000000100
0.0000000100
0.0000000100
0.0000000100
0.0000000100
0.0000000100
0.0000000100
0.0000000100
0.0000000100
0.0000000100
0.0000000100
0.0000000100
0.0000000100
0.0000000100
0.0000000100
0.0000000100
0.0000000100
0.0000000100
0.0000000100
0.0000000100
0.0000000100
0.0000000100
0.0000000100
0.0000000100
0.0000000100
0.0000000100
0.0000000100
0.0000000100
0.0000000100
0.0000000100
0.0000000100
0.0000000100
0.0000000100
0.0000000100
0.0000000100
0.0000000100
0.0000000100
0.0000000100
0.0000000100
0.0000000100
0.0000000100
0.0000000100
0.0000000100
0.0000000100
0.0000000100
0.0000000100
0.0000000100
0.0000000100
0.0000000100
0.0000000100
0.0000000100
0.0000000100
0.0000000100
0.0000000100
0.0000000100
0.0000000100
0.0000000100
0.0000000100
0.0000000100
