0.0929600000
0.0874133333
0.0882133333
0.0840000000
0.0821333333
0.0809600000
0.0864000000
0.0804266667
0.0792000000
0.0805866667
0.0846400000
0.0818666667
0.0806400000
0.0800533333
0.0790933333
0.0851200000
0.0773866667
0.0810666667
0.0844800000
0.0804266667
0.0789333333
0.0733866667
0.0794133333
0.0866133333
0.0744533333
0.0792533333
0.0811200000
0.0827733333
0.0817066667
0.0781333333
0.0790933333
0.0734933333
0.0706133333
0.0733866667
0.0721066667
0.0677333333
0.0633066667
0.0658133333
0.0678933333
0.0651200000
0.0624000000
0.0606933333
0.0562133333
0.0560533333
0.0560000000
0.0564800000
0.0514346667
0.0486666667
0.0467946667
0.0404853333
0.0392266667
0.0378826667
0.0375573333
0.0358880000
0.0332853333
0.0382506667
0.0288106667
0.0342613333
0.0286880000
0.0290133333
0.0277493333
0.0244960000
0.0231946667
0.0230720000
0.0240480000
0.0217280000
0.0227840000
0.0181706667
0.0201440000
0.0162346667
0.0155253333
0.0149546667
0.0138346667
0.0120426667
0.0137920000
0.0149333333
0.0113706667
0.0135680000
0.0136320000
0.0127146667
0.0104160000
0.0104800000
0.0121866667
0.0120213333
0.0124693333
0.0108640000
0.0119840000
0.0105386667
0.0127573333
0.0111306667
0.0098240000
0.0120426667
0.0111466667
0.0094506667
0.0085333333
0.0090613333
0.0077013333
0.0088480000
0.0090453333
0.0078346667
0.0084106667
0.0071520000
0.0080266667
0.0071733333
0.0077333333
0.0084000000
0.0074666667
0.0083626667
0.0071626667
0.0076213333
0.0050202667
0.0056853333
0.0053706667
0.0059893333
0.0072213333
0.0065600000
0.0063680000
0.0059840000
0.0073333333
0.0067466667
0.0085440000
0.0077013333
0.0069600000
0.0083200000
0.0093973333
0.0081386667
0.0106826667
0.0109066667
0.0105600000
0.0119626667
0.0123893333
0.0111093333
0.0128160000
0.0120640000
0.0136320000
0.0116800000
0.0116800000
0.0148906667
0.0152160000
0.0140586667
0.0140373333
0.0136906667
0.0180640000
0.0142026667
0.0155413333
0.0136533333
0.0166613333
0.0168480000
0.0166613333
0.0153386667
0.0191466667
0.0189226667
0.0182080000
0.0232320000
0.0210773333
0.0244533333
0.0239680000
0.0219306667
0.0233173333
0.0228266667
0.0351946667
0.0422346667
0.0437813333
0.0485013333
0.0522453333
0.0484213333
0.0541866667
0.0580800000
0.0547733333
0.0546666667
0.0563733333
0.0585066667
0.0625600000
0.0569066667
0.0612800000
0.0622400000
0.0641066667
0.0656533333
0.0639466667
0.0683733333
0.0672000000
0.0691733333
0.0693333333
0.0733333333
0.0685333333
0.0708800000
0.0706133333
0.0719466667
0.0665600000
0.0704000000
0.0674666667
0.0746133333
0.0736533333
0.0781333333
0.0793600000
0.0772266667
0.0719466667
0.0795200000
0.0774933333
0.0823466667
0.0792000000
0.0832533333
0.0825066667
0.0820266667
0.0843200000
0.0893333333
0.0880533333
0.0942400000
0.0878933333
0.0821333333
0.0944000000
0.0932800000
0.0958400000
0.1015466667
0.0947200000
0.0970133333
0.0909866667
0.0976533333
0.1075733333
0.1100266667
0.1066133333
0.1074133333
0.1062933333
0.1058133333
0.1001066667
0.1428800000
0.2415466667
0.2536000000
0.2685333333
0.2617066667
0.2431466667
0.1261333333
0.0860800000
0.0822933333
0.0710400000
0.0756266667
0.0764266667
0.0804800000
0.0750400000
0.0830933333
0.0737066667
0.0734933333
0.0778666667
0.0742933333
0.0765866667
0.0733333333
0.0821333333
0.0781866667
0.0832533333
0.0757866667
0.0760000000
0.0835200000
0.0790400000
0.0800000000
0.0759466667
0.0752533333
0.0841600000
0.0882133333
0.0803200000
0.0797333333
0.0810666667
0.0785066667
0.0831466667
0.0810666667
0.0844800000
0.0760000000
0.0800000000
0.0765866667
0.0752000000
0.0803200000
0.0819733333
0.0835200000
0.0862400000
0.0841600000
0.0874133333
0.0860800000
0.0872533333
0.0856000000
0.0857600000
0.0917866667
0.0945600000
0.1022400000
0.0925866667
0.0968533333
0.0989333333
0.0958400000
0.0974933333
0.1001066667
0.0981333333
0.0994666667
0.0986133333
0.1077333333
0.0888533333
0.1062933333
0.1010666667
0.1089066667
0.1066133333
0.1062933333
0.1196266667
0.1152533333
0.1180266667
0.1109866667
0.1149333333
0.1180266667
0.1147200000
0.1180266667
0.1105066667
0.1162133333
0.1092266667
0.1101866667
0.1109866667
0.1108266667
0.1018666667
0.1058133333
0.1067733333
0.0942400000
0.0979733333
0.0939200000
0.0905066667
0.0809600000
0.0872533333
0.0797333333
0.0798400000
0.0725866667
0.0723733333
0.0678933333
0.0668800000
0.0673066667
0.0678933333
0.0673600000
0.0622400000
0.0593066667
0.0611200000
0.0577066667
0.0556800000
0.0511893333
0.0476906667
0.0499680000
0.0483413333
0.0433760000
0.0441066667
0.0472800000
0.0441066667
0.0383306667
0.0391840000
0.0392640000
0.0321866667
0.0307626667
0.0297013333
0.0283200000
0.0309226667
0.0242080000
0.0243733333
0.0211200000
0.0204693333
0.0177226667
0.0169280000
0.0174133333
0.0208106667
0.0169066667
0.0128586667
0.0147680000
0.0152373333
0.0130186667
0.0142613333
0.0140800000
0.0132640000
0.0141013333
0.0125120000
0.0129600000
0.0138560000
0.0141173333
0.0131626667
0.0130186667
0.0103840000
0.0115146667
0.0100213333
0.0125546667
0.0096746667
0.0097760000
0.0102453333
0.0116960000
0.0112906667
0.0115573333
0.0113920000
0.0092693333
0.0101600000
0.0103040000
0.0077120000
0.0085653333
0.0074080000
0.0086346667
0.0085973333
0.0086240000
0.0083413333
0.0085866667
0.0076373333
0.0063360000
0.0076586667
0.0010832000
0.0008597333
0.0020650667
0.0111093333
0.0122666667
0.0081706667
0.0094613333
0.0101546667
0.0123093333
0.0080266667
0.0080373333
0.0088320000
0.0090346667
0.0093706667
0.0108053333
0.0116160000
0.0127946667
0.0107626667
0.0134293333
0.0145066667
0.0149546667
0.0124693333
0.0132053333
0.0132053333
0.0158666667
0.0167413333
0.0172746667
0.0140000000
0.0167626667
0.0164000000
0.0175786667
0.0152373333
0.0224586667
0.0182506667
0.0162560000
0.0193493333
0.0162986667
0.0219306667
0.0217706667
0.0219306667
0.0216053333
0.0254293333
0.0220160000
0.0238453333
0.0229493333
0.0273013333
0.0260000000
0.0298666667
0.0265280000
0.0338933333
0.0365013333
0.0312480000
0.0365013333
0.0335680000
0.0384906667
0.0361333333
0.0386133333
0.0408533333
0.0404053333
0.0408533333
0.0455733333
0.0380853333
0.0424000000
0.0441066667
0.0435360000
0.0436213333
0.0455733333
0.0499680000
0.0411360000
0.0431306667
0.0458186667
0.0463893333
0.0460586667
0.0511893333
0.0433760000
0.0485813333
0.0510240000
0.0509440000
0.0426453333
0.0510240000
0.0511893333
0.0548266667
0.0567466667
0.0541866667
0.0517600000
0.0563200000
0.0487466667
0.0517600000
0.0519200000
0.0504533333
0.0513493333
0.0585066667
0.0569066667
0.0637333333
0.0560533333
0.0555733333
0.0560000000
0.0602133333
0.0586666667
0.0000000100
0.0000000100
0.0000000100
0.0000000100
0.0000000100
0.0000000100
0.0000000100
0.0000000100
0.0000000100
0.0000000100
0.0000000100
0.0000000100
0.0000000100
0.0000000100
0.0000000100
0.0000000100
0.0000000100
0.0000000100
0.0000000100
0.0000000100
0.0000000100
0.0000000100
0.0000000100
0.0000000100
0.0000000100
0.0000000100
0.0000000100
0.0000000100
0.0000000100
0.0000000100
0.0000000100
0.0000000100
0.0000000100
0.0000000100
0.0000000100
0.0000000100
0.0000000100
0.0000000100
0.0000000100
0.0000000100
0.0000000100
0.0000000100
0.0000000100
0.0000000100
0.0000000100
0.0000000100
0.0000000100
0.0000000100
0.0000000100
0.0000000100
0.0000000100
0.0000000100
0.0000000100
0.0000000100
0.0000000100
0.0000000100
0.0000000100
0.0000000100
0.0000000100
0.0000000100
0.0000000100
0.0000000100
0.0000000100
0.0000000100
0.0000000100
0.0000000100
0.0000000100
0.0000000100
0.0000000100
0.0000000100
0.0000000100
0.0000000100
0.0000000100
0.0000000100
0.0000000100
0.0000000100
0.0000000100
0.0000000100
0.0000000100
0.0000000100
0.0000000100
0.0000000100
0.0000000100
0.0000000100
0.0000000100
0.0000000100
0.0000000100
0.0000000100
0.0000000100
0.0000000100
0.0000000100
0.0000000100
0.0000000100
0.0000000100
0.0000000100
0.0000000100
0.0000000100
0.0000000100
0.0000000100
0.0000000100
0.0000000100
0.0000000100
0.0000000100
0.0000000100
0.0000000100
0.0000000100
0.0000000100
0.0000000100
0.0000000100
0.0000000100
0.0000000100
0.0000000100
0.0000000100
0.0000000100
0.0000000100
0.0000000100
0.0000000100
0.0000000100
0.0000000100
0.0000000100
0.0000000100
0.0000000100
0.0000000100
0.0000000100
0.0000000100
0.0000000100
0.0000000100
0.0000000100
0.0000000100
0.0000000100
0.0000000100
0.0000000100
0.0000000100
0.0000000100
0.0000000100
0.0000000100
0.0000000100
0.0000000100
0.0000000100
0.0000000100
0.0000000100
0.0000000100
0.0000000100
0.0000000100
0.0000000100
0.0000000100
0.0000000100
0.0000000100
0.0000000100
0.0000000100
0.0000000100
0.0000000100
0.0000000100
0.0000000100
0.0000000100
0.0000000100
0.0000000100
0.0000000100
0.0000000100
0.0000000100
0.0000000100
0.0000000100
0.0000000100
0.0000000100
0.0000000100
0.0000000100
0.0000000100
0.0000000100
0.0000000100
0.0000000100
0.0000000100
0.0000000100
0.0000000100
0.0000000100
0.0000000100
0.0000000100
0.0000000100
0.0000000100
0.0000000100
0.0000000100
0.0000000100
0.0000000100
0.0000000100
0.0000000100
0.0000000100
0.0000000100
0.0000000100
0.0000000100
0.0000000100
0.0000000100
0.0000000100
0.0000000100
0.0000000100
0.0000000100
0.0000000100
0.0000000100
0.0000000100
0.0000000100
0.0000000100
0.0000000100
0.0000000100
0.0000000100
0.0000000100
0.0000000100
0.0000000100
0.0000000100
0.0000000100
0.0000000100
0.0000000100
0.0000000100
0.0000000100
0.0000000100
0.0000000100
0.0000000100
0.0000000100
0.0000000100
0.0000000100
0.0000000100
0.0000000100
0.0000000100
0.0000000100
0.0000000100
0.0000000100
0.0000000100
0.0000000100
0.0000000100
0.0000000100
0.0000000100
0.0000000100
0.0000000100
0.0000000100
0.0000000100
0.0000000100
0.0000000100
0.0000000100
0.0000000100
0.0000000100
0.0000000100
0.0000000100
0.0000000100
0.0000000100
0.0000000100
0.0000000100
0.0000000100
0.0000000100
0.0000000100
0.0000000100
0.0000000100
0.0000000100
0.0000000100
0.0000000100
0.0000000100
0.0000000100
0.0000000100
0.0000000100
0.0000000100
0.0000000100
0.0000000100
0.0000000100
0.0000000100
0.0000000100
0.0000000100
0.0000000100
0.0000000100
0.0000000100
0.0000000100
0.0000000100
0.0000000100
0.0000000100
0.0000000100
0.0000000100
0.0000000100
0.0000000100
0.0000000100
0.0000000100
0.0000000100
0.0000000100
0.0000000100
0.0000000100
0.0000000100
0.0000000100
0.0000000100
0.0000000100
0.0000000100
0.0000000100
0.0000000100
0.0000000100
0.0000000100
0.0000000100
0.0000000100
0.0000000100
0.0000000100
0.0000000100
0.0000000100
0.0000000100
0.0000000100
0.0000000100
0.0000000100
0.0000000100
0.0000000100
0.0000000100
0.0000000100
0.0000000100
0.0000000100
0.0000000100
0.0000000100
0.0000000100
0.0000000100
0.0000000100
0.0000000100
0.0000000100
0.0000000100
0.0000000100
0.0000000100
0.0000000100
0.0000000100
0.0000000100
0.0000000100
0.0000000100
0.0000000100
0.0000000100
0.0000000100
0.0000000100
0.0000000100
0.0000000100
0.0000000100
0.0000000100
0.0000000100
0.0000000100
0.0000000100
0.0000000100
0.0000000100
0.0000000100
0.0000000100
0.0000000100
0.0000000100
0.0000000100
0.0000000100
0.0000000100
0.0000000100
0.0000000100
0.0000000100
0.0000000100
0.0000000100
0.0000000100
0.0000000100
0.0000000100
0.0000000100
0.0000000100
0.0000000100
0.0000000100
0.0000000100
0.0000000100
0.0000000100
0.0000000100
0.0000000100
0.0000000100
0.0000000100
0.0000000100
0.0000000100
0.0000000100
0.0000000100
0.0000000100
0.0000000100
0.0000000100
0.0000000100
0.0000000100
0.0000000100
0.0000000100
0.0000000100
0.0000000100
0.0000000100
