0.4608954115
0.4603381014
0.4796581832
0.4647965818
0.4547650009
0.4660969719
0.4699981423
0.4501207505
0.4382314694
0.4399033996
0.4501207505
0.4451049601
0.4473342003
0.4512353706
0.4343302991
0.4387887795
0.4478915103
0.4268994984
0.4224410180
0.4133382872
0.4399033996
0.4324725989
0.4354449192
0.4144529073
0.4111090470
0.4064647966
0.4150102174
0.4218837080
0.4200260078
0.4127809772
0.4070221066
0.4138955973
0.4172394576
0.4138955973
0.4122236671
0.4008916961
0.4343302991
0.4343302991
0.4183540777
0.4194686978
0.4189113877
0.4008916961
0.3973620658
0.3923462753
0.4098086569
0.3906743452
0.3882593349
0.3763700539
0.3735835036
0.3912316552
0.3702396433
0.3644807728
0.3475757013
0.3459037711
0.3542634219
0.3498049415
0.3345718001
0.3553780420
0.3407022107
0.3345718001
0.3265836894
0.3356864202
0.3368010403
0.3249117592
0.3332714100
0.3520341817
0.3293702396
0.3254690693
0.3191528887
0.3111647780
0.3373583504
0.3208248189
0.3083782278
0.3061489876
0.3061489876
0.3185955787
0.3446033810
0.3232398291
0.3293702396
0.3202675088
0.3016905072
0.3111647780
0.3117220881
0.3249117592
0.3174809586
0.3174809586
0.3061489876
0.2992754969
0.3072636077
0.3158090284
0.3152517184
0.3111647780
0.3130224782
0.3169236485
0.3083782278
0.3061489876
0.3276983095
0.3124651681
0.3130224782
0.3089355378
0.3141370983
0.3130224782
0.3351291102
0.3299275497
0.3135797882
0.3158090284
0.3237971391
0.3401449006
0.3249117592
0.3254690693
0.3384729705
0.3520341817
0.3644807728
0.3691250232
0.3650380829
0.3622515326
0.3572357422
0.3877020249
0.3644807728
0.3600222924
0.3583503623
0.3537061118
0.3514768716
0.3481330113
0.3815716143
0.3696823333
0.3492476314
0.3514768716
0.3655953929
0.3713542634
0.3622515326
0.3685677132
0.3503622515
0.3633661527
0.3680104031
0.3713542634
0.3782277540
0.3787850641
0.3774846740
0.3810143043
0.3871447148
0.3940182055
0.4059074865
0.4064647966
0.4003343860
0.4086940368
0.4200260078
0.4194686978
0.4144529073
0.4127809772
0.4177967676
0.4200260078
0.4241129482
0.4241129482
0.4313579788
0.4393460895
0.4348876091
0.4512353706
0.4415753297
0.4399033996
0.4540219209
0.4722273825
0.4699981423
0.4802154932
0.4705554523
0.4921047743
0.4852312837
0.4761285529
0.4761285529
0.4876462939
0.4995355750
0.5062232956
0.5175552666
0.4716700725
0.4755712428
0.4722273825
0.4755712428
0.4785435631
0.5147687163
0.4982351848
0.4909901542
0.5097529259
0.5216422069
0.5437488389
0.5426342188
0.5073379157
0.5051086755
0.4852312837
0.5186698867
0.5755155118
0.5266579974
0.5233141371
0.5545234999
0.5067806056
0.5431915289
0.5288872376
0.5130967862
0.5175552666
0.5125394761
0.5181125766
0.5233141371
0.5221995170
0.5238714471
0.5186698867
0.5114248560
0.5181125766
0.5288872376
0.5363180383
0.5470926992
0.5454207691
0.5431915289
0.5521084897
0.5476500093
0.5402192086
0.5437488389
0.5476500093
0.5363180383
0.5311164778
0.5526657997
0.5771874419
0.6440646480
0.6202860858
0.6111833550
0.5952071336
0.5998513840
0.5805313022
0.5777447520
0.5606539105
0.5623258406
0.5534088798
0.5584246703
0.5628831507
0.5697566413
0.5736578116
0.5885194130
0.5731005016
0.5896340331
0.6043098644
0.6089541148
0.5907486532
0.5896340331
0.5777447520
0.5849897826
0.5777447520
0.5526657997
0.5431915289
0.5849897826
0.5647408508
0.5703139513
0.5612112205
0.5708712614
0.5929778934
0.5838751625
0.5589819803
0.5534088798
0.5896340331
0.6542819989
0.6065391046
0.6031952443
0.6178710756
0.6020806242
0.5976221438
0.5849897826
0.5929778934
0.6065391046
0.5838751625
0.5805313022
0.5940925135
0.5918632733
0.5623258406
0.5760728218
0.5719858815
0.5379899684
0.5509938696
0.5794166821
0.5300018577
0.5108675460
0.5119821661
0.5238714471
0.5084525358
0.5221995170
0.5090098458
0.4948913245
0.5130967862
0.4948913245
0.4824447334
0.4761285529
0.5000928850
0.5181125766
0.5283299275
0.5272153074
0.5277726175
0.5346461081
0.5272153074
0.5221995170
0.5227568270
0.5136540962
0.5221995170
0.5097529259
0.5039940554
0.5039940554
0.4937767044
0.5084525358
0.5000928850
0.4846739736
0.4807728033
0.5556381200
0.4989782649
0.4774289430
0.4876462939
0.4943340145
0.5012075051
0.5142114063
0.5272153074
0.5311164778
0.5249860672
0.5125394761
0.5205275868
0.5244287572
0.5125394761
0.5192271967
0.4852312837
0.5056659855
0.5012075051
0.4971205647
0.5062232956
0.4982351848
0.4898755341
0.4813301133
0.4876462939
0.4791008731
0.4677689021
0.4683262121
0.4824447334
0.4512353706
0.4512353706
0.4517926807
0.4779862530
0.4631246517
0.4553223110
0.4575515512
0.4755712428
0.4636819617
0.4432472599
0.4529073008
0.4456622701
0.4387887795
0.4490061304
0.4302433587
0.4194686978
0.4354449192
0.4098086569
0.3934608954
0.4116663570
0.4092513468
0.3979193758
0.3940182055
0.4092513468
0.4224410180
0.3843581646
0.3628088427
0.3650380829
0.4020063162
0.4246702582
0.4387887795
0.4302433587
0.4205833179
0.3906743452
0.3860300947
0.4075794167
0.4020063162
0.3882593349
0.3838008545
0.3719115735
0.3821289244
0.3934608954
0.3945755155
0.3945755155
0.3882593349
0.3843581646
0.3865874048
0.3832435445
0.4047928664
0.4064647966
0.3890024150
0.3984766859
0.4092513468
0.4116663570
0.4031209363
0.3917889653
0.3973620658
0.3968047557
0.3877020249
0.4008916961
0.3962474457
0.3962474457
0.3917889653
0.3979193758
0.3865874048
0.4042355564
0.4399033996
0.4581088612
0.4647965818
0.4768716329
0.4835593535
0.4796581832
0.4636819617
0.4404607096
0.4672115920
0.4490061304
0.4432472599
0.4376741594
0.4517926807
0.4337729890
0.4478915103
0.4291287386
0.4205833179
0.4308006688
0.4302433587
0.4302433587
0.4296860487
0.4399033996
0.4337729890
0.4393460895
0.4586661713
0.4636819617
0.4467768902
0.4653538919
0.4750139328
0.4672115920
0.4761285529
0.4603381014
0.4688835222
0.4672115920
0.4755712428
0.4688835222
0.4863459038
0.5012075051
0.4857885937
0.4807728033
0.4904328441
0.5062232956
0.5153260264
0.5012075051
0.4937767044
0.5051086755
0.5039940554
0.5062232956
0.5108675460
0.5114248560
0.5097529259
0.5288872376
0.5283299275
0.5437488389
0.5368753483
0.5255433773
0.5368753483
0.5465353892
0.5760728218
0.5647408508
0.5300018577
0.5272153074
0.5352034182
0.5324168679
0.5584246703
0.5470926992
0.5487646294
0.5760728218
0.5550808100
0.5346461081
0.5487646294
0.5539661899
0.5476500093
0.5407765187
0.5482073193
0.5628831507
0.5731005016
0.5623258406
0.6167564555
0.5799739922
0.5573100502
0.6100687349
0.5742151217
0.5742151217
0.6020806242
0.5896340331
0.5862901728
0.5849897826
0.5929778934
0.5998513840
0.6111833550
0.0000001858
0.6825190414
0.6462938882
0.6553966190
0.6485231284
0.6418354078
0.6225153260
0.5266579974
0.5272153074
0.5272153074
0.5294445477
0.0000000100
0.0000000100
0.0000000100
0.0000000100
0.0000000100
0.0000000100
0.0000000100
0.0000000100
0.0000000100
0.0000000100
0.0000000100
0.0000000100
0.0000000100
0.0000000100
0.0000000100
0.0000000100
0.0000000100
0.0000000100
0.0000000100
0.0000000100
0.0000000100
0.0000000100
0.0000000100
0.0000000100
0.0000000100
0.0000000100
0.0000000100
0.0000000100
0.0000000100
0.0000000100
0.0000000100
0.0000000100
0.0000000100
0.0000000100
0.0000000100
0.0000000100
0.0000000100
0.0000000100
0.0000000100
0.0000000100
0.0000000100
0.0000000100
0.0000000100
0.0000000100
0.0000000100
0.0000000100
0.0000000100
0.0000000100
0.0000000100
0.0000000100
0.0000000100
0.0000000100
0.0000000100
0.0000000100
0.0000000100
0.0000000100
0.0000000100
0.0000000100
0.0000000100
0.0000000100
0.0000000100
0.0000000100
0.0000000100
0.0000000100
0.0000000100
0.0000000100
0.0000000100
0.0000000100
0.0000000100
0.0000000100
0.0000000100
0.0000000100
0.0000000100
0.0000000100
0.0000000100
0.0000000100
0.0000000100
0.0000000100
0.0000000100
0.0000000100
0.0000000100
0.0000000100
0.0000000100
0.0000000100
0.0000000100
0.0000000100
0.0000000100
0.0000000100
0.0000000100
0.0000000100
0.0000000100
0.0000000100
0.0000000100
0.0000000100
0.0000000100
0.0000000100
0.0000000100
0.0000000100
0.0000000100
0.0000000100
0.0000000100
0.0000000100
0.0000000100
0.0000000100
0.0000000100
0.0000000100
0.0000000100
0.0000000100
0.0000000100
0.0000000100
0.0000000100
0.0000000100
0.0000000100
0.0000000100
0.0000000100
0.0000000100
0.0000000100
0.0000000100
0.0000000100
0.0000000100
0.0000000100
0.0000000100
0.0000000100
0.0000000100
0.0000000100
0.0000000100
0.0000000100
0.0000000100
0.0000000100
0.0000000100
0.0000000100
0.0000000100
0.0000000100
0.0000000100
0.0000000100
0.0000000100
0.0000000100
0.0000000100
0.0000000100
0.0000000100
0.0000000100
0.0000000100
0.0000000100
0.0000000100
0.0000000100
0.0000000100
0.0000000100
0.0000000100
0.0000000100
0.0000000100
0.0000000100
0.0000000100
0.0000000100
0.0000000100
0.0000000100
0.0000000100
0.0000000100
0.0000000100
0.0000000100
0.0000000100
0.0000000100
0.0000000100
0.0000000100
0.0000000100
0.0000000100
0.0000000100
0.0000000100
0.0000000100
0.0000000100
0.0000000100
0.0000000100
0.0000000100
0.0000000100
0.0000000100
0.0000000100
0.0000000100
0.0000000100
0.0000000100
0.0000000100
0.0000000100
0.0000000100
0.0000000100
0.0000000100
0.0000000100
0.0000000100
0.0000000100
0.0000000100
0.0000000100
0.0000000100
0.0000000100
0.0000000100
0.0000000100
0.0000000100
0.0000000100
0.0000000100
0.0000000100
0.0000000100
0.0000000100
0.0000000100
0.0000000100
0.0000000100
0.0000000100
0.0000000100
0.0000000100
0.0000000100
0.0000000100
0.0000000100
0.0000000100
0.0000000100
0.0000000100
0.0000000100
0.0000000100
0.0000000100
0.0000000100
0.0000000100
0.0000000100
0.0000000100
0.0000000100
0.0000000100
0.0000000100
0.0000000100
0.0000000100
0.0000000100
0.0000000100
0.0000000100
0.0000000100
0.0000000100
0.0000000100
0.0000000100
0.0000000100
0.0000000100
0.0000000100
0.0000000100
0.0000000100
0.0000000100
0.0000000100
0.0000000100
0.0000000100
0.0000000100
0.0000000100
0.0000000100
0.0000000100
0.0000000100
0.0000000100
0.0000000100
0.0000000100
0.0000000100
0.0000000100
0.0000000100
0.0000000100
0.0000000100
0.0000000100
0.0000000100
0.0000000100
0.0000000100
0.0000000100
0.0000000100
0.0000000100
0.0000000100
0.0000000100
0.0000000100
0.0000000100
0.0000000100
0.0000000100
0.0000000100
0.0000000100
0.0000000100
0.0000000100
0.0000000100
0.0000000100
0.0000000100
0.0000000100
0.0000000100
0.0000000100
0.0000000100
0.0000000100
0.0000000100
0.0000000100
0.0000000100
0.0000000100
0.0000000100
0.0000000100
0.0000000100
0.0000000100
0.0000000100
0.0000000100
0.0000000100
0.0000000100
0.0000000100
0.0000000100
0.0000000100
0.0000000100
0.0000000100
0.0000000100
0.0000000100
0.0000000100
0.0000000100
0.0000000100
0.0000000100
0.0000000100
0.0000000100
0.0000000100
0.0000000100
0.0000000100
0.0000000100
0.0000000100
0.0000000100
0.0000000100
0.0000000100
0.0000000100
0.0000000100
0.0000000100
0.0000000100
0.0000000100
0.0000000100
0.0000000100
0.0000000100
0.0000000100
0.0000000100
0.0000000100
0.0000000100
0.0000000100
0.0000000100
0.0000000100
0.0000000100
0.0000000100
0.0000000100
0.0000000100
0.0000000100
0.0000000100
0.0000000100
0.0000000100
0.0000000100
0.0000000100
0.0000000100
0.0000000100
0.0000000100
0.0000000100
0.0000000100
0.0000000100
0.0000000100
0.0000000100
0.0000000100
0.0000000100
0.0000000100
0.0000000100
0.0000000100
0.0000000100
0.0000000100
0.0000000100
0.0000000100
0.0000000100
0.0000000100
0.0000000100
0.0000000100
0.0000000100
0.0000000100
0.0000000100
0.0000000100
0.0000000100
0.0000000100
0.0000000100
0.0000000100
0.0000000100
0.0000000100
0.0000000100
0.0000000100
0.0000000100
