0.2397291196
0.2128668172
0.2318284424
0.2231941309
0.1770316027
0.1717268623
0.1953160271
0.1918735892
0.2069977427
0.1987584650
0.2156320542
0.1717268623
0.1591422122
0.1555304740
0.1582957111
0.1599887133
0.1400112867
0.1164221219
0.1233069977
0.1217832957
0.1370767494
0.1150677201
0.1305304740
0.1298532731
0.1324492099
0.1264108352
0.1608352144
0.1483069977
0.1441309255
0.1310383747
0.1477426637
0.1651805869
0.2207674944
0.3420428894
0.3940180587
0.4395033860
0.3761286682
0.4704853273
0.4188487585
0.3864559819
0.4581264108
0.4339729120
0.4429458239
0.4064334086
0.3705981941
0.3823363431
0.4208803612
0.4009029345
0.4284988713
0.4229683973
0.4312641084
0.3898984199
0.4112866817
0.4036681716
0.4291760722
0.4229683973
0.4016365688
0.3933408578
0.4367381490
0.4608916479
0.4773702032
0.3465011287
0.4760158014
0.5001128668
0.4773702032
0.4505079007
0.4098758465
0.4044018059
0.4216139955
0.3774830700
0.3851015801
0.3974604966
0.3851015801
0.4174379233
0.4002257336
0.4181715576
0.4195259594
0.4704853273
0.4222911964
0.3988713318
0.4195259594
0.4098758465
0.3774830700
0.3967832957
0.2152934537
0.3589164786
0.3465011287
0.3145033860
0.4181715576
0.4835778781
0.4519187359
0.4332957111
0.4133182844
0.3940180587
0.3754514673
0.3836907449
0.3933408578
0.4064334086
0.3892212190
0.3823363431
0.3857787810
0.4071106095
0.4098758465
0.3892212190
0.3678893905
0.4154063205
0.3788939052
0.3637133183
0.3145033860
0.3361738149
0.3885440181
0.3754514673
0.3533860045
0.3802483070
0.4257336343
0.4553611738
0.4773702032
0.5028781038
0.4408577878
0.3961060948
0.4656884876
0.4980812641
0.3974604966
0.4126410835
0.4319413093
0.4484762980
0.4270880361
0.4567155756
0.4650112867
0.4546839729
0.4002257336
0.3857787810
0.3905756208
0.4174379233
0.3582392777
0.3616817156
0.3795711061
0.4036681716
0.3892212190
0.3406320542
0.3368510158
0.3458239278
0.3248306998
0.3165349887
0.3540632054
0.3251693002
0.3303047404
0.3630361174
0.2914221219
0.2879796840
0.3034424379
0.2665914221
0.2945259594
0.3182844244
0.3623589165
0.3713318284
0.3547968397
0.3399548533
0.3371896163
0.3120767494
0.2869074492
0.2383747178
0.2545146727
0.2769187359
0.3209932280
0.3086343115
0.2955417607
0.3947516930
0.3878668172
0.3045146727
0.2710496614
0.2886568849
0.3705981941
0.3616817156
0.3196388262
0.3437358916
0.3616817156
0.4002257336
0.4091986456
0.4174379233
0.3885440181
0.4105530474
0.3809255079
0.3726862302
0.3892212190
0.3705981941
0.3685665914
0.3933408578
0.3940180587
0.3823363431
0.4236455982
0.4360609481
0.4250564334
0.4457110609
0.4036681716
0.4388261851
0.4112866817
0.4443566591
0.4436230248
0.4553611738
0.4319413093
0.4760158014
0.4498306998
0.4532731377
0.4298532731
0.4036681716
0.4250564334
0.4036681716
0.4154063205
0.4085214447
0.4284988713
0.5097629797
0.5035553047
0.4408577878
0.5235327314
0.4457110609
0.4739277652
0.3898984199
0.4229683973
0.4636004515
0.4491534989
0.4519187359
0.4036681716
0.4326185102
0.4029909707
0.4167607223
0.4360609481
0.4050790068
0.4139954853
0.4505079007
0.4278216704
0.4567155756
0.4608916479
0.4670428894
0.4567155756
0.4684537246
0.5090857788
0.4622460497
0.4477990971
0.4098758465
0.4139954853
0.4112866817
0.3995485327
0.3926636569
0.4044018059
0.3678893905
0.3685665914
0.3671557562
0.3086343115
0.3292889391
0.3420428894
0.3348194131
0.3358352144
0.3713318284
0.3705981941
0.3678893905
0.3527088036
0.3836907449
0.3678893905
0.3836907449
0.3919864560
0.3768058691
0.3795711061
0.3651241535
0.3926636569
0.3227426637
0.3471783296
0.3482505643
0.3595936795
0.3630361174
0.3898984199
0.3933408578
0.3637133183
0.3726862302
0.3255079007
0.3496049661
0.3227426637
0.2893340858
0.3089729120
0.3317155756
0.3151805869
0.3320541761
0.3371896163
0.3165349887
0.3427200903
0.3713318284
0.3816591422
0.3637133183
0.3809255079
0.3823363431
0.3616817156
0.4229683973
0.4057562077
0.3974604966
0.3947516930
0.4305304740
0.4581264108
0.4918735892
0.4291760722
0.4319413093
0.4112866817
0.4208803612
0.4112866817
0.4188487585
0.4395033860
0.4174379233
0.4395033860
0.3409706546
0.3303047404
0.4216139955
0.3720090293
0.3230812641
0.2858916479
0.3396162528
0.3082957111
0.3292889391
0.2941309255
0.2493792325
0.2373024831
0.1956546275
0.2345372460
0.2387133183
0.2545146727
0.2107787810
0.2276523702
0.2524830700
0.2338600451
0.2407449210
0.2634875847
0.2459367946
0.2896726862
0.2476297968
0.2721218962
0.2580135440
0.2831264108
0.2786681716
0.3051918736
0.3795711061
0.3795711061
0.2831264108
0.2580135440
0.2889954853
0.3151805869
0.2903498871
0.2480248307
0.2607223476
0.2215011287
0.2937923251
0.2955417607
0.2752257336
0.2476297968
0.2276523702
0.3623589165
0.3692437923
0.3296275395
0.2831264108
0.2996613995
0.3240970655
0.2731376975
0.3058690745
0.3148419865
0.3261851016
0.2889954853
0.3272009029
0.3275395034
0.3196388262
0.3203160271
0.3120767494
0.3110045147
0.2975733634
0.3589164786
0.3279345372
0.3103273138
0.2676072235
0.2387133183
0.2218397291
0.2307562077
0.2304176072
0.2376410835
0.2452595937
0.2572799097
0.2572799097
0.2752257336
0.2659142212
0.2931151242
0.3340857788
0.3423814898
0.3272009029
0.3230812641
0.3292889391
0.3568284424
0.3568284424
0.3836907449
0.3379232506
0.3533860045
0.3685665914
0.3595936795
0.3461625282
0.3864559819
0.3809255079
0.4119638826
0.4670428894
0.4229683973
0.4401805869
0.4312641084
0.4581264108
0.3747742664
0.4443566591
0.4208803612
0.4477990971
0.4243792325
0.4332957111
0.3733634312
0.3961060948
0.4415914221
0.4270880361
0.4588036117
0.4546839729
0.4105530474
0.4098758465
0.4270880361
0.4167607223
0.3823363431
0.4009029345
0.3678893905
0.3547968397
0.3754514673
0.4126410835
0.4367381490
0.4160835214
0.4029909707
0.3802483070
0.3658013544
0.3692437923
0.4401805869
0.4573927765
0.4725733634
0.4677765237
0.4422686230
0.4216139955
0.4236455982
0.3919864560
0.4085214447
0.4512415350
0.3892212190
0.4085214447
0.3788939052
0.3664785553
0.3892212190
0.4139954853
0.4016365688
0.3417042889
0.3437358916
0.3761286682
0.3733634312
0.3851015801
0.4588036117
0.5008465011
0.4994356659
0.4787810384
0.4884311512
0.4023137698
0.4408577878
0.4808690745
0.4725733634
0.4732505643
0.4505079007
0.3334085779
0.4573927765
0.3609480813
0.4291760722
0.4160835214
0.4216139955
0.4023137698
0.4677765237
0.4601580135
0.5063205418
0.5125282167
0.4601580135
0.5097629797
0.4925507901
0.4987584650
0.5063205418
0.4932279910
0.5414785553
0.5166478555
0.4656884876
0.4326185102
0.3589164786
0.5215011287
0.5208239278
0.4843115124
0.4739277652
0.5028781038
0.5524830700
0.5373024831
0.5063205418
0.4319413093
0.3795711061
0.4002257336
0.5084085779
0.4250564334
0.0000000100
0.0000000100
0.0000000100
0.0000000100
0.0000000100
0.0000000100
0.0000000100
0.0000000100
0.0000000100
0.0000000100
0.0000000100
0.0000000100
0.0000000100
0.0000000100
0.0000000100
0.0000000100
0.0000000100
0.0000000100
0.0000000100
0.0000000100
0.0000000100
0.0000000100
0.0000000100
0.0000000100
0.0000000100
0.0000000100
0.0000000100
0.0000000100
0.0000000100
0.0000000100
0.0000000100
0.0000000100
0.0000000100
0.0000000100
0.0000000100
0.0000000100
0.0000000100
0.0000000100
0.0000000100
0.0000000100
0.0000000100
0.0000000100
0.0000000100
0.0000000100
0.0000000100
0.0000000100
0.0000000100
0.0000000100
0.0000000100
0.0000000100
0.0000000100
0.0000000100
0.0000000100
0.0000000100
0.0000000100
0.0000000100
0.0000000100
0.0000000100
0.0000000100
0.0000000100
0.0000000100
0.0000000100
0.0000000100
0.0000000100
0.0000000100
0.0000000100
0.0000000100
0.0000000100
0.0000000100
0.0000000100
0.0000000100
0.0000000100
0.0000000100
0.0000000100
0.0000000100
0.0000000100
0.0000000100
0.0000000100
0.0000000100
0.0000000100
0.0000000100
0.0000000100
0.0000000100
0.0000000100
0.0000000100
0.0000000100
0.0000000100
0.0000000100
0.0000000100
0.0000000100
0.0000000100
0.0000000100
0.0000000100
0.0000000100
0.0000000100
0.0000000100
0.0000000100
0.0000000100
0.0000000100
0.0000000100
0.0000000100
0.0000000100
0.0000000100
0.0000000100
0.0000000100
0.0000000100
0.0000000100
0.0000000100
0.0000000100
0.0000000100
0.0000000100
0.0000000100
0.0000000100
0.0000000100
0.0000000100
0.0000000100
0.0000000100
0.0000000100
0.0000000100
0.0000000100
0.0000000100
0.0000000100
0.0000000100
0.0000000100
0.0000000100
0.0000000100
0.0000000100
0.0000000100
0.0000000100
0.0000000100
0.0000000100
0.0000000100
0.0000000100
0.0000000100
0.0000000100
0.0000000100
0.0000000100
0.0000000100
0.0000000100
0.0000000100
0.0000000100
0.0000000100
0.0000000100
0.0000000100
0.0000000100
0.0000000100
0.0000000100
0.0000000100
0.0000000100
0.0000000100
0.0000000100
0.0000000100
0.0000000100
0.0000000100
0.0000000100
0.0000000100
0.0000000100
0.0000000100
0.0000000100
0.0000000100
0.0000000100
0.0000000100
0.0000000100
0.0000000100
0.0000000100
0.0000000100
0.0000000100
0.0000000100
0.0000000100
0.0000000100
0.0000000100
0.0000000100
0.0000000100
0.0000000100
0.0000000100
0.0000000100
0.0000000100
0.0000000100
0.0000000100
0.0000000100
0.0000000100
0.0000000100
0.0000000100
0.0000000100
0.0000000100
0.0000000100
0.0000000100
0.0000000100
0.0000000100
0.0000000100
0.0000000100
0.0000000100
0.0000000100
0.0000000100
0.0000000100
0.0000000100
0.0000000100
0.0000000100
0.0000000100
0.0000000100
0.0000000100
0.0000000100
0.0000000100
0.0000000100
0.0000000100
0.0000000100
0.0000000100
0.0000000100
0.0000000100
0.0000000100
0.0000000100
0.0000000100
0.0000000100
0.0000000100
0.0000000100
0.0000000100
0.0000000100
0.0000000100
0.0000000100
0.0000000100
0.0000000100
0.0000000100
0.0000000100
0.0000000100
0.0000000100
0.0000000100
0.0000000100
0.0000000100
0.0000000100
0.0000000100
0.0000000100
0.0000000100
0.0000000100
0.0000000100
0.0000000100
0.0000000100
0.0000000100
0.0000000100
0.0000000100
0.0000000100
0.0000000100
0.0000000100
0.0000000100
0.0000000100
0.0000000100
0.0000000100
0.0000000100
0.0000000100
0.0000000100
0.0000000100
0.0000000100
0.0000000100
0.0000000100
0.0000000100
0.0000000100
0.0000000100
0.0000000100
0.0000000100
0.0000000100
0.0000000100
0.0000000100
0.0000000100
0.0000000100
0.0000000100
0.0000000100
0.0000000100
0.0000000100
0.0000000100
0.0000000100
0.0000000100
0.0000000100
0.0000000100
0.0000000100
0.0000000100
0.0000000100
0.0000000100
0.0000000100
0.0000000100
0.0000000100
0.0000000100
0.0000000100
0.0000000100
0.0000000100
0.0000000100
0.0000000100
0.0000000100
0.0000000100
0.0000000100
0.0000000100
0.0000000100
0.0000000100
0.0000000100
0.0000000100
0.0000000100
0.0000000100
0.0000000100
0.0000000100
0.0000000100
0.0000000100
0.0000000100
0.0000000100
0.0000000100
0.0000000100
0.0000000100
0.0000000100
0.0000000100
0.0000000100
0.0000000100
0.0000000100
0.0000000100
0.0000000100
0.0000000100
0.0000000100
0.0000000100
0.0000000100
0.0000000100
0.0000000100
0.0000000100
0.0000000100
0.0000000100
0.0000000100
0.0000000100
0.0000000100
0.0000000100
0.0000000100
0.0000000100
0.0000000100
0.0000000100
0.0000000100
0.0000000100
0.0000000100
0.0000000100
0.0000000100
0.0000000100
0.0000000100
0.0000000100
0.0000000100
0.0000000100
0.0000000100
0.0000000100
0.0000000100
0.0000000100
0.0000000100
0.0000000100
0.0000000100
0.0000000100
0.0000000100
0.0000000100
0.0000000100
0.0000000100
0.0000000100
0.0000000100
0.0000000100
0.0000000100
0.0000000100
0.0000000100
0.0000000100
0.0000000100
0.0000000100
0.0000000100
0.0000000100
0.0000000100
0.0000000100
0.0000000100
0.0000000100
0.0000000100
0.0000000100
0.0000000100
