0.0894933333
0.0840000000
0.0922666667
0.0824533333
0.0890133333
0.0906666667
0.0797333333
0.0810666667
0.0846400000
0.0891733333
0.0944000000
0.0878933333
0.0805866667
0.0823466667
0.0932800000
0.0781333333
0.0813866667
0.0864000000
0.0860800000
0.0802666667
0.0835200000
0.0811200000
0.0832533333
0.0844800000
0.0835200000
0.0821866667
0.0857600000
0.0877333333
0.0805866667
0.0780266667
0.0747200000
0.0693333333
0.0727466667
0.0745600000
0.0783466667
0.0699200000
0.0651733333
0.0619200000
0.0591466667
0.0667200000
0.0632533333
0.0537066667
0.0578666667
0.0558400000
0.0533066667
0.0520000000
0.0572266667
0.0467146667
0.0460586667
0.0470400000
0.0427253333
0.0406080000
0.0408106667
0.0397546667
0.0345866667
0.0361333333
0.0311680000
0.0342613333
0.0310453333
0.0322666667
0.0231946667
0.0249013333
0.0234400000
0.0211573333
0.0229066667
0.0235573333
0.0216853333
0.0183893333
0.0188800000
0.0164000000
0.0161333333
0.0161333333
0.0158080000
0.0149920000
0.0146666667
0.0131040000
0.0111306667
0.0134666667
0.0124533333
0.0122880000
0.0116373333
0.0108053333
0.0114560000
0.0135093333
0.0094613333
0.0115573333
0.0151360000
0.0118613333
0.0137333333
0.0114346667
0.0109226667
0.0120640000
0.0106400000
0.0103946667
0.0086880000
0.0100906667
0.0121866667
0.0077813333
0.0083413333
0.0075360000
0.0076480000
0.0079573333
0.0102826667
0.0079733333
0.0085226667
0.0068960000
0.0068266667
0.0073760000
0.0061653333
0.0065493333
0.0078933333
0.0063680000
0.0065706667
0.0064800000
0.0049440000
0.0077493333
0.0059840000
0.0079946667
0.0071733333
0.0077600000
0.0087893333
0.0078240000
0.0083306667
0.0102133333
0.0107200000
0.0094613333
0.0100906667
0.0123520000
0.0087360000
0.0108213333
0.0114560000
0.0116586667
0.0122293333
0.0109653333
0.0134080000
0.0132426667
0.0133280000
0.0107413333
0.0135680000
0.0158506667
0.0174986667
0.0159733333
0.0144266667
0.0159733333
0.0161120000
0.0123306667
0.0169653333
0.0158506667
0.0146880000
0.0182293333
0.0197973333
0.0170720000
0.0216480000
0.0217280000
0.0216853333
0.0242080000
0.0230720000
0.0206720000
0.0225440000
0.0282773333
0.0323466667
0.0498026667
0.0490720000
0.0511093333
0.0528160000
0.0552533333
0.0569600000
0.0549866667
0.0613866667
0.0594666667
0.0596266667
0.0587733333
0.0622400000
0.0626666667
0.0694400000
0.0649600000
0.0629866667
0.0726933333
0.0704533333
0.0742400000
0.0734933333
0.0720000000
0.0752533333
0.0719466667
0.0789333333
0.0809600000
0.0776533333
0.0809600000
0.0796800000
0.0797333333
0.0763200000
0.0830933333
0.0803200000
0.0797333333
0.0829866667
0.0769066667
0.0864000000
0.0852800000
0.0890133333
0.0862400000
0.0940800000
0.0846400000
0.0828266667
0.0921066667
0.0888533333
0.0905066667
0.0942400000
0.0948800000
0.1002666667
0.1024000000
0.0979733333
0.1032000000
0.0966933333
0.1067733333
0.0962133333
0.0994666667
0.1082133333
0.1114666667
0.1197866667
0.1165333333
0.1217600000
0.1197866667
0.1100266667
0.1067733333
0.1012266667
0.1502400000
0.2594666667
0.2714666667
0.2838400000
0.2903466667
0.2587733333
0.1292266667
0.1020266667
0.0840000000
0.0773866667
0.0809066667
0.0730133333
0.0862400000
0.0852800000
0.0821866667
0.0795733333
0.0789333333
0.0857600000
0.0859200000
0.0803200000
0.0829333333
0.0830933333
0.0849600000
0.0818666667
0.0806400000
0.0840000000
0.0888533333
0.0813866667
0.0849600000
0.0804266667
0.0869333333
0.0815466667
0.0860800000
0.0848000000
0.0840000000
0.0828266667
0.0848000000
0.0830933333
0.0814400000
0.0827733333
0.0838400000
0.0797333333
0.0750400000
0.0852800000
0.0867733333
0.0885333333
0.0874133333
0.0934400000
0.0898666667
0.0822933333
0.0885333333
0.0888533333
0.0939200000
0.0916266667
0.0968533333
0.0974933333
0.0955200000
0.1013866667
0.0991466667
0.1004266667
0.1040000000
0.1078933333
0.1097066667
0.1059733333
0.1038400000
0.1009066667
0.1020266667
0.1056533333
0.1080533333
0.1051200000
0.1083733333
0.1025600000
0.1105066667
0.1145600000
0.1181866667
0.1162133333
0.1108266667
0.1253333333
0.1098666667
0.1191466667
0.1152533333
0.1163733333
0.1150933333
0.1154133333
0.1062933333
0.1204266667
0.1128000000
0.1040000000
0.1136000000
0.1049600000
0.1028800000
0.0932800000
0.0922666667
0.0953600000
0.0942400000
0.0944000000
0.0826666667
0.0809600000
0.0796800000
0.0735466667
0.0738133333
0.0686933333
0.0681066667
0.0700800000
0.0643733333
0.0668266667
0.0651733333
0.0631466667
0.0652800000
0.0572266667
0.0522453333
0.0539733333
0.0525706667
0.0488266667
0.0494773333
0.0465493333
0.0420746667
0.0437013333
0.0413813333
0.0422346667
0.0442720000
0.0327946667
0.0319413333
0.0297440000
0.0298240000
0.0296640000
0.0268533333
0.0232320000
0.0244533333
0.0225013333
0.0181066667
0.0185333333
0.0175146667
0.0190240000
0.0168053333
0.0158293333
0.0135520000
0.0154826667
0.0147306667
0.0136906667
0.0161333333
0.0125120000
0.0146080000
0.0135680000
0.0133440000
0.0135893333
0.0129386667
0.0122293333
0.0121280000
0.0114560000
0.0124693333
0.0105973333
0.0132640000
0.0092480000
0.0123893333
0.0096213333
0.0107200000
0.0108426667
0.0090240000
0.0093973333
0.0105600000
0.0100320000
0.0109866667
0.0080160000
0.0088800000
0.0081706667
0.0080853333
0.0085546667
0.0081813333
0.0079840000
0.0091466667
0.0081386667
0.0073760000
0.0072320000
0.0015818667
0.0008394667
0.0024160000
0.0037738667
0.0068053333
0.0078346667
0.0081280000
0.0100213333
0.0106400000
0.0047504000
0.0088373333
0.0059093333
0.0087680000
0.0087893333
0.0080480000
0.0084960000
0.0090240000
0.0076693333
0.0104586667
0.0110666667
0.0099200000
0.0101333333
0.0107200000
0.0105973333
0.0116960000
0.0118613333
0.0133066667
0.0122453333
0.0125706667
0.0122293333
0.0161333333
0.0143413333
0.0130026667
0.0141013333
0.0131626667
0.0129600000
0.0168640000
0.0154400000
0.0136106667
0.0181493333
0.0158293333
0.0185120000
0.0169866667
0.0223786667
0.0224213333
0.0209546667
0.0211200000
0.0213600000
0.0197120000
0.0232746667
0.0241706667
0.0225813333
0.0238826667
0.0269386667
0.0282773333
0.0298240000
0.0298240000
0.0274666667
0.0307200000
0.0344640000
0.0309226667
0.0354400000
0.0377600000
0.0336906667
0.0379253333
0.0377173333
0.0336906667
0.0362933333
0.0349120000
0.0393493333
0.0424000000
0.0424000000
0.0376373333
0.0376000000
0.0397973333
0.0365013333
0.0403626667
0.0382080000
0.0438613333
0.0421546667
0.0388586667
0.0424000000
0.0419946667
0.0476906667
0.0501280000
0.0415040000
0.0466293333
0.0421546667
0.0477706667
0.0445173333
0.0415040000
0.0439466667
0.0463040000
0.0463040000
0.0438613333
0.0458186667
0.0511093333
0.0467146667
0.0500480000
0.0485813333
0.0527360000
0.0482560000
0.0477706667
0.0000000100
0.0000000100
0.0000000100
0.0000000100
0.0000000100
0.0000000100
0.0000000100
0.0000000100
0.0000000100
0.0000000100
0.0000000100
0.0000000100
0.0000000100
0.0000000100
0.0000000100
0.0000000100
0.0000000100
0.0000000100
0.0000000100
0.0000000100
0.0000000100
0.0000000100
0.0000000100
0.0000000100
0.0000000100
0.0000000100
0.0000000100
0.0000000100
0.0000000100
0.0000000100
0.0000000100
0.0000000100
0.0000000100
0.0000000100
0.0000000100
0.0000000100
0.0000000100
0.0000000100
0.0000000100
0.0000000100
0.0000000100
0.0000000100
0.0000000100
0.0000000100
0.0000000100
0.0000000100
0.0000000100
0.0000000100
0.0000000100
0.0000000100
0.0000000100
0.0000000100
0.0000000100
0.0000000100
0.0000000100
0.0000000100
0.0000000100
0.0000000100
0.0000000100
0.0000000100
0.0000000100
0.0000000100
0.0000000100
0.0000000100
0.0000000100
0.0000000100
0.0000000100
0.0000000100
0.0000000100
0.0000000100
0.0000000100
0.0000000100
0.0000000100
0.0000000100
0.0000000100
0.0000000100
0.0000000100
0.0000000100
0.0000000100
0.0000000100
0.0000000100
0.0000000100
0.0000000100
0.0000000100
0.0000000100
0.0000000100
0.0000000100
0.0000000100
0.0000000100
0.0000000100
0.0000000100
0.0000000100
0.0000000100
0.0000000100
0.0000000100
0.0000000100
0.0000000100
0.0000000100
0.0000000100
0.0000000100
0.0000000100
0.0000000100
0.0000000100
0.0000000100
0.0000000100
0.0000000100
0.0000000100
0.0000000100
0.0000000100
0.0000000100
0.0000000100
0.0000000100
0.0000000100
0.0000000100
0.0000000100
0.0000000100
0.0000000100
0.0000000100
0.0000000100
0.0000000100
0.0000000100
0.0000000100
0.0000000100
0.0000000100
0.0000000100
0.0000000100
0.0000000100
0.0000000100
0.0000000100
0.0000000100
0.0000000100
0.0000000100
0.0000000100
0.0000000100
0.0000000100
0.0000000100
0.0000000100
0.0000000100
0.0000000100
0.0000000100
0.0000000100
0.0000000100
0.0000000100
0.0000000100
0.0000000100
0.0000000100
0.0000000100
0.0000000100
0.0000000100
0.0000000100
0.0000000100
0.0000000100
0.0000000100
0.0000000100
0.0000000100
0.0000000100
0.0000000100
0.0000000100
0.0000000100
0.0000000100
0.0000000100
0.0000000100
0.0000000100
0.0000000100
0.0000000100
0.0000000100
0.0000000100
0.0000000100
0.0000000100
0.0000000100
0.0000000100
0.0000000100
0.0000000100
0.0000000100
0.0000000100
0.0000000100
0.0000000100
0.0000000100
0.0000000100
0.0000000100
0.0000000100
0.0000000100
0.0000000100
0.0000000100
0.0000000100
0.0000000100
0.0000000100
0.0000000100
0.0000000100
0.0000000100
0.0000000100
0.0000000100
0.0000000100
0.0000000100
0.0000000100
0.0000000100
0.0000000100
0.0000000100
0.0000000100
0.0000000100
0.0000000100
0.0000000100
0.0000000100
0.0000000100
0.0000000100
0.0000000100
0.0000000100
0.0000000100
0.0000000100
0.0000000100
0.0000000100
0.0000000100
0.0000000100
0.0000000100
0.0000000100
0.0000000100
0.0000000100
0.0000000100
0.0000000100
0.0000000100
0.0000000100
0.0000000100
0.0000000100
0.0000000100
0.0000000100
0.0000000100
0.0000000100
0.0000000100
0.0000000100
0.0000000100
0.0000000100
0.0000000100
0.0000000100
0.0000000100
0.0000000100
0.0000000100
0.0000000100
0.0000000100
0.0000000100
0.0000000100
0.0000000100
0.0000000100
0.0000000100
0.0000000100
0.0000000100
0.0000000100
0.0000000100
0.0000000100
0.0000000100
0.0000000100
0.0000000100
0.0000000100
0.0000000100
0.0000000100
0.0000000100
0.0000000100
0.0000000100
0.0000000100
0.0000000100
0.0000000100
0.0000000100
0.0000000100
0.0000000100
0.0000000100
0.0000000100
0.0000000100
0.0000000100
0.0000000100
0.0000000100
0.0000000100
0.0000000100
0.0000000100
0.0000000100
0.0000000100
0.0000000100
0.0000000100
0.0000000100
0.0000000100
0.0000000100
0.0000000100
0.0000000100
0.0000000100
0.0000000100
0.0000000100
0.0000000100
0.0000000100
0.0000000100
0.0000000100
0.0000000100
0.0000000100
0.0000000100
0.0000000100
0.0000000100
0.0000000100
0.0000000100
0.0000000100
0.0000000100
0.0000000100
0.0000000100
0.0000000100
0.0000000100
0.0000000100
0.0000000100
0.0000000100
0.0000000100
0.0000000100
0.0000000100
0.0000000100
0.0000000100
0.0000000100
0.0000000100
0.0000000100
0.0000000100
0.0000000100
0.0000000100
0.0000000100
0.0000000100
0.0000000100
0.0000000100
0.0000000100
0.0000000100
0.0000000100
0.0000000100
0.0000000100
0.0000000100
0.0000000100
0.0000000100
0.0000000100
0.0000000100
0.0000000100
0.0000000100
0.0000000100
0.0000000100
0.0000000100
0.0000000100
0.0000000100
0.0000000100
0.0000000100
0.0000000100
0.0000000100
0.0000000100
0.0000000100
0.0000000100
0.0000000100
0.0000000100
0.0000000100
0.0000000100
0.0000000100
0.0000000100
0.0000000100
0.0000000100
0.0000000100
0.0000000100
0.0000000100
0.0000000100
0.0000000100
0.0000000100
0.0000000100
0.0000000100
0.0000000100
0.0000000100
0.0000000100
0.0000000100
0.0000000100
0.0000000100
0.0000000100
0.0000000100
0.0000000100
