0.1829006772
0.1770316027
0.1911399549
0.1942437923
0.1563769752
0.1556997743
0.1644469526
0.1770316027
0.1694695260
0.1694695260
0.1656884876
0.1393340858
0.1417607223
0.1558690745
0.1562076749
0.1636004515
0.1431151242
0.1207110609
0.1270880361
0.1229683973
0.1405191874
0.1141647856
0.1321106095
0.1386568849
0.1467268623
0.1599887133
0.1720654628
0.1701467269
0.1606659142
0.1275959368
0.1453724605
0.1727426637
0.2207674944
0.3513544018
0.4147291196
0.5215011287
0.4512415350
0.4491534989
0.4064334086
0.3995485327
0.4408577878
0.4112866817
0.4133182844
0.3940180587
0.3671557562
0.3905756208
0.4085214447
0.4071106095
0.4229683973
0.4332957111
0.4401805869
0.3733634312
0.3933408578
0.3671557562
0.3919864560
0.3995485327
0.3905756208
0.3836907449
0.4229683973
0.4429458239
0.4643340858
0.3582392777
0.4622460497
0.4704853273
0.4691309255
0.4326185102
0.4270880361
0.4098758465
0.4126410835
0.3699209932
0.3768058691
0.3754514673
0.3754514673
0.3940180587
0.3947516930
0.4085214447
0.3940180587
0.4270880361
0.3940180587
0.3844243792
0.3830135440
0.3705981941
0.3575056433
0.3644469526
0.2087471783
0.3499435666
0.3234198646
0.2934537246
0.3851015801
0.4270880361
0.4119638826
0.3768058691
0.3809255079
0.3527088036
0.3286117381
0.3340857788
0.3475169300
0.3602708804
0.3489277652
0.3348194131
0.3337471783
0.3658013544
0.3433972912
0.3244920993
0.3196388262
0.3451467269
0.3440744921
0.3213882619
0.3289503386
0.3124153499
0.3402934537
0.3616817156
0.3371896163
0.3595936795
0.3981941309
0.3913092551
0.4091986456
0.4154063205
0.3816591422
0.3782167043
0.4036681716
0.4250564334
0.3933408578
0.3905756208
0.4029909707
0.4181715576
0.4243792325
0.4016365688
0.5194130926
0.4044018059
0.3513544018
0.3720090293
0.3547968397
0.3747742664
0.3309819413
0.3433972912
0.3630361174
0.3644469526
0.3509593679
0.3299661400
0.3055304740
0.3237584650
0.2996613995
0.3027652370
0.3303047404
0.3134311512
0.3051918736
0.3175507901
0.2665914221
0.2683408578
0.2738148984
0.2407449210
0.2738148984
0.2934537246
0.2841422122
0.2727990971
0.2793453725
0.2831264108
0.3099887133
0.2593679458
0.2445259594
0.2069977427
0.2204288939
0.2490406321
0.2927765237
0.2775959368
0.2400677201
0.2906884876
0.2772573363
0.2459367946
0.2259593679
0.2356094808
0.3024266366
0.2779909707
0.2724604966
0.3000000000
0.3323927765
0.3417042889
0.3444695260
0.3713318284
0.3520316027
0.3582392777
0.3361738149
0.3255079007
0.3420428894
0.3275395034
0.3255079007
0.3479119639
0.3458239278
0.3389390519
0.3547968397
0.3692437923
0.3802483070
0.3733634312
0.3595936795
0.3802483070
0.3644469526
0.3788939052
0.4036681716
0.4208803612
0.4181715576
0.4195259594
0.4023137698
0.4036681716
0.3913092551
0.3630361174
0.3844243792
0.3554740406
0.3658013544
0.3816591422
0.4002257336
0.4684537246
0.4739277652
0.4195259594
0.4794582393
0.4016365688
0.4347065463
0.3420428894
0.4002257336
0.4078442438
0.4002257336
0.3974604966
0.3616817156
0.3623589165
0.3303047404
0.3816591422
0.3995485327
0.3616817156
0.3699209932
0.3892212190
0.3802483070
0.4023137698
0.4009029345
0.4064334086
0.4174379233
0.3981941309
0.4422686230
0.4029909707
0.4023137698
0.3885440181
0.3774830700
0.3788939052
0.3561512415
0.3509593679
0.3705981941
0.3568284424
0.3582392777
0.3361738149
0.2979683973
0.3206546275
0.3292889391
0.3282731377
0.3155191874
0.3516930023
0.3444695260
0.3454853273
0.3437358916
0.3761286682
0.3533860045
0.3554740406
0.3482505643
0.3427200903
0.3499435666
0.3199774266
0.3389390519
0.3134311512
0.3234198646
0.3244920993
0.3117381490
0.3382618510
0.3644469526
0.3768058691
0.3726862302
0.3740406321
0.3189616253
0.3303047404
0.3130925508
0.2762415350
0.2962189616
0.3058690745
0.2848758465
0.2931151242
0.3068848758
0.3186230248
0.2889954853
0.2848758465
0.2931151242
0.2983069977
0.2968961625
0.3134311512
0.3371896163
0.3361738149
0.3220654628
0.2883182844
0.3224040632
0.3433972912
0.3678893905
0.4078442438
0.3671557562
0.3179458239
0.2993227991
0.3292889391
0.3327313770
0.3433972912
0.3320541761
0.3258465011
0.3079571106
0.2810383747
0.2690180587
0.3155191874
0.3103273138
0.2937923251
0.2690180587
0.2490406321
0.2249435666
0.2676072235
0.2721218962
0.2194130926
0.2300790068
0.2045711061
0.2194130926
0.2194130926
0.2441873589
0.1945823928
0.2149548533
0.2300790068
0.2066591422
0.2063205418
0.2252821670
0.2197516930
0.2410835214
0.2879796840
0.5462753950
0.2310948081
0.1777088036
0.2624717833
0.2487020316
0.3182844244
0.3230812641
0.2727990971
0.2727990971
0.2707110609
0.2765801354
0.2514672686
0.2128668172
0.2269751693
0.1959932280
0.2600451467
0.2734762980
0.2359480813
0.2221783296
0.2028781038
0.3268623025
0.3382618510
0.3000000000
0.2652370203
0.2845372460
0.2931151242
0.2487020316
0.2576185102
0.2714446953
0.2741534989
0.2645598194
0.2910270880
0.2972347630
0.2827878104
0.2700338600
0.2676072235
0.2597065463
0.2421557562
0.3113995485
0.2662528217
0.2834650113
0.2438487585
0.2197516930
0.2118510158
0.2022009029
0.2076749436
0.2032167043
0.1935665914
0.2063205418
0.2135440181
0.2207674944
0.2190744921
0.2534988713
0.3031038375
0.3196388262
0.3037810384
0.2910270880
0.3086343115
0.3020880361
0.3220654628
0.3371896163
0.2827878104
0.2924379233
0.3110045147
0.3127539503
0.2614559819
0.3289503386
0.3137697517
0.3379232506
0.3871331828
0.3651241535
0.3720090293
0.3816591422
0.3527088036
0.3196388262
0.3575056433
0.3919864560
0.3988713318
0.3754514673
0.3644469526
0.3513544018
0.3630361174
0.3981941309
0.3981941309
0.4050790068
0.4167607223
0.3561512415
0.3533860045
0.3892212190
0.4098758465
0.4243792325
0.3589164786
0.3506207675
0.3079571106
0.2931151242
0.3323927765
0.3795711061
0.4139954853
0.4029909707
0.3365124153
0.3317155756
0.3417042889
0.4050790068
0.4078442438
0.4422686230
0.4098758465
0.4044018059
0.3830135440
0.4236455982
0.3967832957
0.4195259594
0.4822234763
0.3857787810
0.3802483070
0.3382618510
0.3334085779
0.3747742664
0.4023137698
0.3782167043
0.3402934537
0.3413656885
0.3609480813
0.3575056433
0.3479119639
0.3836907449
0.4312641084
0.4601580135
0.4470654628
0.4208803612
0.3623589165
0.4044018059
0.4953160271
0.3699209932
0.4608916479
0.4835778781
0.3506207675
0.3892212190
0.3261851016
0.3933408578
0.3630361174
0.3685665914
0.3705981941
0.4133182844
0.4436230248
0.4573927765
0.4918735892
0.4994356659
0.5699774266
0.5200902935
0.4794582393
0.4684537246
0.4505079007
0.4856659142
0.4622460497
0.4202031603
0.4188487585
0.3165349887
0.4567155756
0.4677765237
0.4298532731
0.4278216704
0.4388261851
0.4484762980
0.4229683973
0.4029909707
0.2665914221
0.3286117381
0.3616817156
0.4401805869
0.3430586907
0.0000000100
0.0000000100
0.0000000100
0.0000000100
0.0000000100
0.0000000100
0.0000000100
0.0000000100
0.0000000100
0.0000000100
0.0000000100
0.0000000100
0.0000000100
0.0000000100
0.0000000100
0.0000000100
0.0000000100
0.0000000100
0.0000000100
0.0000000100
0.0000000100
0.0000000100
0.0000000100
0.0000000100
0.0000000100
0.0000000100
0.0000000100
0.0000000100
0.0000000100
0.0000000100
0.0000000100
0.0000000100
0.0000000100
0.0000000100
0.0000000100
0.0000000100
0.0000000100
0.0000000100
0.0000000100
0.0000000100
0.0000000100
0.0000000100
0.0000000100
0.0000000100
0.0000000100
0.0000000100
0.0000000100
0.0000000100
0.0000000100
0.0000000100
0.0000000100
0.0000000100
0.0000000100
0.0000000100
0.0000000100
0.0000000100
0.0000000100
0.0000000100
0.0000000100
0.0000000100
0.0000000100
0.0000000100
0.0000000100
0.0000000100
0.0000000100
0.0000000100
0.0000000100
0.0000000100
0.0000000100
0.0000000100
0.0000000100
0.0000000100
0.0000000100
0.0000000100
0.0000000100
0.0000000100
0.0000000100
0.0000000100
0.0000000100
0.0000000100
0.0000000100
0.0000000100
0.0000000100
0.0000000100
0.0000000100
0.0000000100
0.0000000100
0.0000000100
0.0000000100
0.0000000100
0.0000000100
0.0000000100
0.0000000100
0.0000000100
0.0000000100
0.0000000100
0.0000000100
0.0000000100
0.0000000100
0.0000000100
0.0000000100
0.0000000100
0.0000000100
0.0000000100
0.0000000100
0.0000000100
0.0000000100
0.0000000100
0.0000000100
0.0000000100
0.0000000100
0.0000000100
0.0000000100
0.0000000100
0.0000000100
0.0000000100
0.0000000100
0.0000000100
0.0000000100
0.0000000100
0.0000000100
0.0000000100
0.0000000100
0.0000000100
0.0000000100
0.0000000100
0.0000000100
0.0000000100
0.0000000100
0.0000000100
0.0000000100
0.0000000100
0.0000000100
0.0000000100
0.0000000100
0.0000000100
0.0000000100
0.0000000100
0.0000000100
0.0000000100
0.0000000100
0.0000000100
0.0000000100
0.0000000100
0.0000000100
0.0000000100
0.0000000100
0.0000000100
0.0000000100
0.0000000100
0.0000000100
0.0000000100
0.0000000100
0.0000000100
0.0000000100
0.0000000100
0.0000000100
0.0000000100
0.0000000100
0.0000000100
0.0000000100
0.0000000100
0.0000000100
0.0000000100
0.0000000100
0.0000000100
0.0000000100
0.0000000100
0.0000000100
0.0000000100
0.0000000100
0.0000000100
0.0000000100
0.0000000100
0.0000000100
0.0000000100
0.0000000100
0.0000000100
0.0000000100
0.0000000100
0.0000000100
0.0000000100
0.0000000100
0.0000000100
0.0000000100
0.0000000100
0.0000000100
0.0000000100
0.0000000100
0.0000000100
0.0000000100
0.0000000100
0.0000000100
0.0000000100
0.0000000100
0.0000000100
0.0000000100
0.0000000100
0.0000000100
0.0000000100
0.0000000100
0.0000000100
0.0000000100
0.0000000100
0.0000000100
0.0000000100
0.0000000100
0.0000000100
0.0000000100
0.0000000100
0.0000000100
0.0000000100
0.0000000100
0.0000000100
0.0000000100
0.0000000100
0.0000000100
0.0000000100
0.0000000100
0.0000000100
0.0000000100
0.0000000100
0.0000000100
0.0000000100
0.0000000100
0.0000000100
0.0000000100
0.0000000100
0.0000000100
0.0000000100
0.0000000100
0.0000000100
0.0000000100
0.0000000100
0.0000000100
0.0000000100
0.0000000100
0.0000000100
0.0000000100
0.0000000100
0.0000000100
0.0000000100
0.0000000100
0.0000000100
0.0000000100
0.0000000100
0.0000000100
0.0000000100
0.0000000100
0.0000000100
0.0000000100
0.0000000100
0.0000000100
0.0000000100
0.0000000100
0.0000000100
0.0000000100
0.0000000100
0.0000000100
0.0000000100
0.0000000100
0.0000000100
0.0000000100
0.0000000100
0.0000000100
0.0000000100
0.0000000100
0.0000000100
0.0000000100
0.0000000100
0.0000000100
0.0000000100
0.0000000100
0.0000000100
0.0000000100
0.0000000100
0.0000000100
0.0000000100
0.0000000100
0.0000000100
0.0000000100
0.0000000100
0.0000000100
0.0000000100
0.0000000100
0.0000000100
0.0000000100
0.0000000100
0.0000000100
0.0000000100
0.0000000100
0.0000000100
0.0000000100
0.0000000100
0.0000000100
0.0000000100
0.0000000100
0.0000000100
0.0000000100
0.0000000100
0.0000000100
0.0000000100
0.0000000100
0.0000000100
0.0000000100
0.0000000100
0.0000000100
0.0000000100
0.0000000100
0.0000000100
0.0000000100
0.0000000100
0.0000000100
0.0000000100
0.0000000100
0.0000000100
0.0000000100
0.0000000100
0.0000000100
0.0000000100
0.0000000100
0.0000000100
0.0000000100
0.0000000100
0.0000000100
0.0000000100
0.0000000100
0.0000000100
0.0000000100
0.0000000100
0.0000000100
0.0000000100
0.0000000100
0.0000000100
0.0000000100
0.0000000100
0.0000000100
0.0000000100
0.0000000100
0.0000000100
0.0000000100
0.0000000100
0.0000000100
0.0000000100
0.0000000100
0.0000000100
0.0000000100
0.0000000100
0.0000000100
0.0000000100
0.0000000100
0.0000000100
0.0000000100
0.0000000100
0.0000000100
0.0000000100
0.0000000100
0.0000000100
0.0000000100
0.0000000100
0.0000000100
0.0000000100
0.0000000100
0.0000000100
0.0000000100
0.0000000100
0.0000000100
0.0000000100
