1.0000000000
1.0000000000
1.0000000000
0.9891165173
1.0000000000
0.9915172855
1.0000000000
1.0000000000
1.0000000000
1.0000000000
1.0000000000
1.0000000000
1.0000000000
1.0000000000
1.0000000000
1.0000000000
1.0000000000
1.0000000000
1.0000000000
1.0000000000
1.0000000000
1.0000000000
1.0000000000
1.0000000000
1.0000000000
0.9891165173
1.0000000000
1.0000000000
1.0000000000
1.0000000000
1.0000000000
1.0000000000
1.0000000000
1.0000000000
1.0000000000
1.0000000000
1.0000000000
1.0000000000
1.0000000000
1.0000000000
1.0000000000
1.0000000000
1.0000000000
1.0000000000
1.0000000000
1.0000000000
1.0000000000
0.9891165173
1.0000000000
1.0000000000
1.0000000000
0.9915172855
1.0000000000
1.0000000000
1.0000000000
0.9635083227
0.9951984635
0.9340588988
1.0000000000
1.0000000000
1.0000000000
0.9463828425
0.9585467350
0.9218950064
0.9487836108
0.8975672215
0.9377400768
0.9194942382
1.0000000000
0.9537451985
1.0000000000
0.9340588988
0.9585467350
0.8950064020
0.9231754161
0.9060499360
0.9537451985
0.9060499360
0.9110115237
0.8804417414
0.8902048656
0.8253841229
0.9097311140
0.7997759283
0.7839308579
0.6654929577
0.7997759283
0.7509603073
0.7826504481
0.7106274008
0.7240717029
0.6984635083
0.7314340589
0.6850192061
0.7167093470
0.6472471191
0.6997439181
0.6251600512
0.6654929577
0.5952304738
0.7082266325
0.6129961588
0.6410051216
0.6160371319
0.6398847631
0.5763444302
0.6312419974
0.5824263764
0.7106274008
0.5941101152
0.6117157490
0.5702624840
0.6544494238
0.5488156210
0.5989116517
0.5531370038
0.6105953905
0.5513764405
0.5885083227
0.5629001280
0.6075544174
0.5635403329
0.6129961588
0.5720230474
0.6056338028
0.5648207426
0.6019526248
0.5629001280
0.5971510883
0.5617797695
0.6349231754
0.5648207426
0.6166773367
0.5958706786
0.6715749040
0.6166773367
0.8303457106
0.9036491677
0.9242957746
0.9047695262
0.9218950064
1.0000000000
1.0000000000
1.0000000000
1.0000000000
0.8095390525
0.8253841229
0.7754481434
0.8498719590
0.8485915493
0.9279769526
0.8962868118
0.9170934699
0.8290653009
0.8780409731
0.8023367478
0.8401088348
0.7863316261
0.8413892446
0.8218629962
0.8878040973
0.8754801536
0.9316581306
0.9207746479
0.9242957746
0.8596350832
0.9305377721
0.8511523688
0.9073303457
0.8609154930
1.0000000000
0.8706786172
0.9390204866
0.8767605634
0.9390204866
0.8986875800
0.9329385403
0.8878040973
0.9854353393
0.9194942382
0.9769526248
0.9475032010
0.9659090909
0.9475032010
0.9414212548
0.8218629962
0.8132202305
0.7912932138
0.8413892446
0.8413892446
0.8388284251
0.7900128041
0.8413892446
0.8401088348
0.8511523688
0.8279449424
0.8205825864
0.8023367478
0.8596350832
0.8401088348
0.8572343150
0.8548335467
0.8815620999
0.8413892446
0.9073303457
0.8767605634
0.8780409731
0.8791613316
0.8938860435
0.8950064020
0.8986875800
0.8767605634
0.8986875800
0.8767605634
0.9010883483
0.8815620999
0.9121318822
0.8926056338
0.9427016645
0.9292573624
0.9366197183
0.9194942382
0.9500640205
0.9207746479
0.9487836108
0.9537451985
0.9500640205
0.9329385403
0.8730793854
0.7936939821
0.8401088348
0.9170934699
0.9451024328
0.9010883483
0.9475032010
0.9194942382
0.9756722151
0.9878361076
0.9988796415
0.9609475032
0.9756722151
1.0000000000
1.0000000000
0.9769526248
1.0000000000
0.9891165173
1.0000000000
1.0000000000
1.0000000000
1.0000000000
1.0000000000
1.0000000000
1.0000000000
1.0000000000
1.0000000000
1.0000000000
1.0000000000
1.0000000000
1.0000000000
1.0000000000
1.0000000000
1.0000000000
1.0000000000
1.0000000000
1.0000000000
1.0000000000
1.0000000000
1.0000000000
1.0000000000
1.0000000000
1.0000000000
1.0000000000
1.0000000000
1.0000000000
1.0000000000
1.0000000000
1.0000000000
1.0000000000
1.0000000000
1.0000000000
1.0000000000
1.0000000000
1.0000000000
1.0000000000
1.0000000000
1.0000000000
1.0000000000
1.0000000000
1.0000000000
1.0000000000
1.0000000000
1.0000000000
1.0000000000
1.0000000000
1.0000000000
1.0000000000
1.0000000000
1.0000000000
1.0000000000
1.0000000000
1.0000000000
1.0000000000
1.0000000000
1.0000000000
1.0000000000
1.0000000000
1.0000000000
1.0000000000
1.0000000000
1.0000000000
1.0000000000
1.0000000000
1.0000000000
1.0000000000
1.0000000000
1.0000000000
1.0000000000
1.0000000000
1.0000000000
1.0000000000
1.0000000000
1.0000000000
1.0000000000
1.0000000000
1.0000000000
1.0000000000
1.0000000000
1.0000000000
1.0000000000
1.0000000000
1.0000000000
1.0000000000
1.0000000000
1.0000000000
1.0000000000
1.0000000000
1.0000000000
1.0000000000
1.0000000000
1.0000000000
1.0000000000
1.0000000000
1.0000000000
1.0000000000
1.0000000000
1.0000000000
1.0000000000
1.0000000000
1.0000000000
1.0000000000
1.0000000000
0.9915172855
0.9598271447
0.9218950064
0.9609475032
0.9182138284
0.9010883483
0.8645966709
0.8609154930
0.8047375160
0.8485915493
0.7826504481
0.8108194622
0.7936939821
0.8717989757
0.7839308579
0.7411971831
0.7155889885
0.7240717029
0.7143085787
0.7143085787
0.7106274008
0.6288412292
0.5457746479
0.6410051216
0.6301216389
0.6410051216
0.6075544174
0.6233994878
0.6032330346
0.6277208707
0.5915492958
0.5910691421
0.5941101152
0.6301216389
0.6019526248
0.5739436620
0.6001920615
0.6056338028
0.5750640205
0.5915492958
0.5635403329
0.5982714469
0.5867477593
0.5837067862
0.5782650448
0.6056338028
0.6129961588
0.5915492958
0.4951984635
0.5128040973
0.4761523688
0.5147247119
0.5251280410
0.5366517286
0.5262483995
0.5385723431
0.5073623560
0.5470550576
0.5043213828
0.5617797695
0.5555377721
0.5982714469
0.5806658131
0.5678617157
0.5366517286
0.6446862996
0.6019526248
0.6435659411
0.5982714469
0.6544494238
0.6056338028
0.5982714469
0.5750640205
0.6032330346
0.5910691421
0.6374839949
0.6197183099
0.6570102433
0.6496478873
0.6923815621
0.6496478873
0.6997439181
0.6594110115
0.7143085787
0.6874199744
0.7363956466
0.7069462228
0.7363956466
0.7131882202
0.7522407170
0.7363956466
0.7741677337
0.7765685019
0.7852112676
0.7338348271
0.7461587708
0.7264724712
0.7375160051
0.7240717029
0.7448783611
0.7179897567
0.7314340589
0.7435979513
0.7594430218
0.7496798976
0.8145006402
0.7192701665
0.7522407170
0.7106274008
0.6678937260
0.7216709347
0.7546414853
0.7424775928
0.7728873239
0.7607234315
0.7863316261
0.7546414853
0.8071382843
0.7570422535
0.7960947503
0.7863316261
0.8084186940
0.7852112676
0.8095390525
0.7852112676
0.8034571063
0.7728873239
0.7852112676
0.7888924456
0.7949743918
0.8485915493
0.8084186940
0.7863316261
0.8253841229
0.8156209987
0.8229833547
0.8169014085
0.8401088348
0.8145006402
0.8437900128
0.8303457106
0.8669974392
0.8353072983
0.8596350832
0.8461907810
0.8780409731
0.8498719590
0.8815620999
0.8717989757
0.9537451985
0.8791613316
0.0000000100
0.0000000100
0.0000000100
0.0000000100
0.0000000100
0.0000000100
0.0000000100
0.0000000100
0.0000000100
0.0000000100
0.0000000100
0.0000000100
0.0000000100
0.0000000100
0.0000000100
0.0000000100
0.0000000100
0.0000000100
0.0000000100
0.0000000100
0.0000000100
0.0000000100
0.0000000100
0.0000000100
0.0000000100
0.0000000100
0.0000000100
0.0000000100
0.0000000100
0.0000000100
0.0000000100
0.0000000100
0.0000000100
0.0000000100
0.0000000100
0.0000000100
0.0000000100
0.0000000100
0.0000000100
0.0000000100
0.0000000100
0.0000000100
0.0000000100
0.0000000100
0.0000000100
0.0000000100
0.0000000100
0.0000000100
0.0000000100
0.0000000100
0.0000000100
0.0000000100
0.0000000100
0.0000000100
0.0000000100
0.0000000100
0.0000000100
0.0000000100
0.0000000100
0.0000000100
0.0000000100
0.0000000100
0.0000000100
0.0000000100
0.0000000100
0.0000000100
0.0000000100
0.0000000100
0.0000000100
0.0000000100
0.0000000100
0.0000000100
0.0000000100
0.0000000100
0.0000000100
0.0000000100
0.0000000100
0.0000000100
0.0000000100
0.0000000100
0.0000000100
0.0000000100
0.0000000100
0.0000000100
0.0000000100
0.0000000100
0.0000000100
0.0000000100
0.0000000100
0.0000000100
0.0000000100
0.0000000100
0.0000000100
0.0000000100
0.0000000100
0.0000000100
0.0000000100
0.0000000100
0.0000000100
0.0000000100
0.0000000100
0.0000000100
0.0000000100
0.0000000100
0.0000000100
0.0000000100
0.0000000100
0.0000000100
0.0000000100
0.0000000100
0.0000000100
0.0000000100
0.0000000100
0.0000000100
0.0000000100
0.0000000100
0.0000000100
0.0000000100
0.0000000100
0.0000000100
0.0000000100
0.0000000100
0.0000000100
0.0000000100
0.0000000100
0.0000000100
0.0000000100
0.0000000100
0.0000000100
0.0000000100
0.0000000100
0.0000000100
0.0000000100
0.0000000100
0.0000000100
0.0000000100
0.0000000100
0.0000000100
0.0000000100
0.0000000100
0.0000000100
0.0000000100
0.0000000100
0.0000000100
0.0000000100
0.0000000100
0.0000000100
0.0000000100
0.0000000100
0.0000000100
0.0000000100
0.0000000100
0.0000000100
0.0000000100
0.0000000100
0.0000000100
0.0000000100
0.0000000100
0.0000000100
0.0000000100
0.0000000100
0.0000000100
0.0000000100
0.0000000100
0.0000000100
0.0000000100
0.0000000100
0.0000000100
0.0000000100
0.0000000100
0.0000000100
0.0000000100
0.0000000100
0.0000000100
0.0000000100
0.0000000100
0.0000000100
0.0000000100
0.0000000100
0.0000000100
0.0000000100
0.0000000100
0.0000000100
0.0000000100
0.0000000100
0.0000000100
0.0000000100
0.0000000100
0.0000000100
0.0000000100
0.0000000100
0.0000000100
0.0000000100
0.0000000100
0.0000000100
0.0000000100
0.0000000100
0.0000000100
0.0000000100
0.0000000100
0.0000000100
0.0000000100
0.0000000100
0.0000000100
0.0000000100
0.0000000100
0.0000000100
0.0000000100
0.0000000100
0.0000000100
0.0000000100
0.0000000100
0.0000000100
0.0000000100
0.0000000100
0.0000000100
0.0000000100
0.0000000100
0.0000000100
0.0000000100
0.0000000100
0.0000000100
0.0000000100
0.0000000100
0.0000000100
0.0000000100
0.0000000100
0.0000000100
0.0000000100
0.0000000100
0.0000000100
0.0000000100
0.0000000100
0.0000000100
0.0000000100
0.0000000100
0.0000000100
0.0000000100
0.0000000100
0.0000000100
0.0000000100
0.0000000100
0.0000000100
0.0000000100
0.0000000100
0.0000000100
0.0000000100
0.0000000100
0.0000000100
0.0000000100
0.0000000100
0.0000000100
0.0000000100
0.0000000100
0.0000000100
0.0000000100
0.0000000100
0.0000000100
0.0000000100
0.0000000100
0.0000000100
0.0000000100
0.0000000100
0.0000000100
0.0000000100
0.0000000100
0.0000000100
0.0000000100
0.0000000100
0.0000000100
0.0000000100
0.0000000100
0.0000000100
0.0000000100
0.0000000100
0.0000000100
0.0000000100
0.0000000100
0.0000000100
0.0000000100
0.0000000100
0.0000000100
0.0000000100
0.0000000100
0.0000000100
0.0000000100
0.0000000100
0.0000000100
0.0000000100
0.0000000100
0.0000000100
0.0000000100
0.0000000100
0.0000000100
0.0000000100
0.0000000100
0.0000000100
0.0000000100
0.0000000100
0.0000000100
0.0000000100
0.0000000100
0.0000000100
0.0000000100
0.0000000100
0.0000000100
0.0000000100
0.0000000100
0.0000000100
0.0000000100
0.0000000100
0.0000000100
0.0000000100
0.0000000100
0.0000000100
0.0000000100
0.0000000100
0.0000000100
0.0000000100
0.0000000100
0.0000000100
0.0000000100
0.0000000100
0.0000000100
0.0000000100
0.0000000100
0.0000000100
0.0000000100
0.0000000100
0.0000000100
0.0000000100
0.0000000100
0.0000000100
0.0000000100
0.0000000100
0.0000000100
0.0000000100
0.0000000100
0.0000000100
0.0000000100
0.0000000100
0.0000000100
0.0000000100
0.0000000100
0.0000000100
0.0000000100
0.0000000100
0.0000000100
0.0000000100
0.0000000100
0.0000000100
0.0000000100
0.0000000100
0.0000000100
0.0000000100
0.0000000100
0.0000000100
0.0000000100
0.0000000100
0.0000000100
0.0000000100
0.0000000100
0.0000000100
0.0000000100
0.0000000100
0.0000000100
0.0000000100
0.0000000100
