0.3978000328
0.4129042850
0.4019044492
0.4007552126
0.3982925628
0.3953373830
0.4007552126
0.4002626826
0.3987850928
0.4073222788
0.4087998687
0.4129042850
0.4353964866
0.4248891808
0.4068297488
0.4268593006
0.4383516664
0.4298144804
0.4168445247
0.4048596290
0.4073222788
0.4083073387
0.4083073387
0.4119192251
0.4133968150
0.4124117550
0.4309637170
0.4068297488
0.4002626826
0.4019044492
0.4043670990
0.4083073387
0.4038745690
0.4124117550
0.4207847644
0.4324413068
0.4119192251
0.4112625185
0.4168445247
0.4207847644
0.4183221146
0.4163519947
0.4168445247
0.4102774585
0.4263667706
0.4087998687
0.4163519947
0.4183221146
0.4283368905
0.4124117550
0.4007552126
0.4083073387
0.4058446889
0.4058446889
0.4268593006
0.4573961583
0.4358890166
0.4019044492
0.3997701527
0.3997701527
0.4063372188
0.4087998687
0.4053521589
0.4048596290
0.3943523231
0.4038745690
0.4078148087
0.4214414710
0.3953373830
0.3907404367
0.4023969791
0.4083073387
0.4092923986
0.4173370547
0.3923822033
0.4163519947
0.3892628468
0.4087998687
0.3877852569
0.3843375472
0.3858151371
0.3882777869
0.4133968150
0.3912329667
0.3943523231
0.4043670990
0.4124117550
0.4023969791
0.3933672632
0.3923822033
0.4019044492
0.3892628468
0.4033820391
0.4087998687
0.4158594648
0.4148744049
0.4119192251
0.4129042850
0.4168445247
0.4102774585
0.4102774585
0.4092923986
0.4273518306
0.4368740765
0.4048596290
0.4129042850
0.4133968150
0.4138893449
0.4124117550
0.4092923986
0.4092923986
0.4097849286
0.4092923986
0.4078148087
0.4124117550
0.4119192251
0.3968149729
0.3933672632
0.3973075029
0.4253817107
0.4224265309
0.4163519947
0.4253817107
0.4488589723
0.4519783287
0.4505007388
0.4583812182
0.4334263668
0.4349039567
0.4353964866
0.4403217862
0.4197997045
0.4234115909
0.4148744049
0.4153669348
0.4234115909
0.4229190609
0.4268593006
0.4043670990
0.4092923986
0.4143818749
0.4138893449
0.4119192251
0.4097849286
0.4153669348
0.4124117550
0.4038745690
0.4063372188
0.3943523231
0.3987850928
0.3968149729
0.4012477426
0.4153669348
0.4188146446
0.4243966508
0.4197997045
0.4158594648
0.4124117550
0.4268593006
0.4129042850
0.4073222788
0.4053521589
0.4207847644
0.4314562469
0.4143818749
0.4083073387
0.4173370547
0.4112625185
0.4068297488
0.4053521589
0.4043670990
0.4043670990
0.4002626826
0.4068297488
0.3923822033
0.3797406009
0.3792480709
0.3838450172
0.4358890166
0.4539484485
0.4429486127
0.4693810540
0.4468888524
0.4639632244
0.4329338368
0.4268593006
0.4197997045
0.4197997045
0.4173370547
0.4424560827
0.4229190609
0.4429486127
0.4273518306
0.4158594648
0.4459037925
0.4173370547
0.4188146446
0.4168445247
0.4278443605
0.4239041208
0.4173370547
0.4202922344
0.4214414710
0.4188146446
0.4168445247
0.4163519947
0.4202922344
0.4319487769
0.4414710228
0.4764406501
0.4810375965
0.4559185684
0.4564110983
0.4488589723
0.4358890166
0.4344114267
0.4358890166
0.4303070103
0.4329338368
0.4324413068
0.4349039567
0.4263667706
0.4578886882
0.4414710228
0.4483664423
0.4378591364
0.4434411427
0.4409784929
0.4129042850
0.4293219504
0.4293219504
0.4263667706
0.4605155147
0.4478739123
0.4178295846
0.4634706945
0.4519783287
0.4398292563
0.4288294205
0.4193071745
0.4268593006
0.4193071745
0.4383516664
0.4483664423
0.4583812182
0.4683959941
0.4800525365
0.4725004104
0.4984403218
0.4629781645
0.4493515022
0.4268593006
0.4243966508
0.4368740765
0.4207847644
0.4298144804
0.4483664423
0.4583812182
0.4534559186
0.4624856345
0.4534559186
0.4334263668
0.4493515022
0.4409784929
0.5064849778
0.5010671483
0.5201116401
0.5320965359
0.5210967000
0.5220817600
0.5250369397
0.5360367756
0.5000820883
0.4434411427
0.4268593006
0.4207847644
0.4124117550
0.4454112625
0.4615005746
0.4605155147
0.4610080447
0.4388441964
0.4038745690
0.4334263668
0.4358890166
0.4644557544
0.4363815465
0.4112625185
0.4019044492
0.4324413068
0.4419635528
0.4564110983
0.4749630603
0.4629781645
0.4634706945
0.4895747825
0.5320965359
0.5330815958
0.5230668199
0.5160072238
0.4473813824
0.4197997045
0.4298144804
0.4353964866
0.4329338368
0.4463963224
0.4383516664
0.4334263668
0.4344114267
0.4519783287
0.4463963224
0.4224265309
0.4339188967
0.4363815465
0.4463963224
0.4344114267
0.4554260384
0.4488589723
0.4288294205
0.4293219504
0.4124117550
0.4253817107
0.4339188967
0.4493515022
0.4388441964
0.4505007388
0.4514857987
0.4344114267
0.4700377606
0.4509932688
0.4224265309
0.4258742407
0.4339188967
0.4419635528
0.4414710228
0.4298144804
0.4319487769
0.4610080447
0.4454112625
0.4429486127
0.4383516664
0.4112625185
0.4119192251
0.4243966508
0.4378591364
0.4224265309
0.4207847644
0.4243966508
0.4258742407
0.4278443605
0.4138893449
0.4363815465
0.4414710228
0.4193071745
0.4214414710
0.4214414710
0.4383516664
0.4324413068
0.4229190609
0.4564110983
0.4539484485
0.4263667706
0.4229190609
0.4253817107
0.4329338368
0.4319487769
0.4268593006
0.4268593006
0.4207847644
0.4324413068
0.4358890166
0.4219340010
0.4268593006
0.4353964866
0.4239041208
0.4424560827
0.4439336726
0.4414710228
0.4403217862
0.4429486127
0.4424560827
0.4529633886
0.4129042850
0.4373666065
0.4309637170
0.4388441964
0.4463963224
0.4514857987
0.4268593006
0.4419635528
0.4514857987
0.4434411427
0.4414710228
0.4434411427
0.4569036283
0.4615005746
0.4463963224
0.4298144804
0.4353964866
0.4143818749
0.4534559186
0.4334263668
0.4559185684
0.4639632244
0.4774257101
0.4729929404
0.4769331801
0.4789033000
0.4679034641
0.4654408143
0.4539484485
0.4349039567
0.4629781645
0.4498440322
0.4498440322
0.4398292563
0.4207847644
0.4143818749
0.4268593006
0.4168445247
0.4309637170
0.4368740765
0.4468888524
0.4498440322
0.4744705303
0.4529633886
0.4649482844
0.4784107700
0.4693810540
0.4764406501
0.4945000821
0.4764406501
0.4820226564
0.4835002463
0.4830077163
0.4669184042
0.4588737482
0.4403217862
0.4383516664
0.4534559186
0.4710228206
0.4839927762
0.4725004104
0.4593662781
0.4844853062
0.5000820883
0.5340666557
0.5220817600
0.5086192743
0.5079625677
0.5054999179
0.4890822525
0.4705302906
0.4710228206
0.4729929404
0.4739780003
0.4664258742
0.5064849778
0.5210967000
0.5015596782
0.5079625677
0.5091118043
0.4910523724
0.4920374323
0.4935150222
0.4874404860
0.5040223280
0.4925299622
0.4959776720
0.5010671483
0.4879330159
0.4795600066
0.4879330159
0.4578886882
0.4830077163
0.5140371039
0.5074700378
0.4414710228
0.5811853554
0.5105893942
0.5250369397
0.5105893942
0.4935150222
0.5030372681
0.5086192743
0.5130520440
0.5220817600
0.5250369397
0.5110819242
0.5035297981
0.5260219997
0.5000820883
0.5054999179
0.5035297981
0.5054999179
0.4805450665
0.5096043343
0.5181415203
0.4915449023
0.5096043343
0.5064849778
0.5125595140
0.0000000100
0.0000000100
0.0000000100
0.0000000100
0.0000000100
0.0000000100
0.0000000100
0.0000000100
0.0000000100
0.0000000100
0.0000000100
0.0000000100
0.0000000100
0.0000000100
0.0000000100
0.0000000100
0.0000000100
0.0000000100
0.0000000100
0.0000000100
0.0000000100
0.0000000100
0.0000000100
0.0000000100
0.0000000100
0.0000000100
0.0000000100
0.0000000100
0.0000000100
0.0000000100
0.0000000100
0.0000000100
0.0000000100
0.0000000100
0.0000000100
0.0000000100
0.0000000100
0.0000000100
0.0000000100
0.0000000100
0.0000000100
0.0000000100
0.0000000100
0.0000000100
0.0000000100
0.0000000100
0.0000000100
0.0000000100
0.0000000100
0.0000000100
0.0000000100
0.0000000100
0.0000000100
0.0000000100
0.0000000100
0.0000000100
0.0000000100
0.0000000100
0.0000000100
0.0000000100
0.0000000100
0.0000000100
0.0000000100
0.0000000100
0.0000000100
0.0000000100
0.0000000100
0.0000000100
0.0000000100
0.0000000100
0.0000000100
0.0000000100
0.0000000100
0.0000000100
0.0000000100
0.0000000100
0.0000000100
0.0000000100
0.0000000100
0.0000000100
0.0000000100
0.0000000100
0.0000000100
0.0000000100
0.0000000100
0.0000000100
0.0000000100
0.0000000100
0.0000000100
0.0000000100
0.0000000100
0.0000000100
0.0000000100
0.0000000100
0.0000000100
0.0000000100
0.0000000100
0.0000000100
0.0000000100
0.0000000100
0.0000000100
0.0000000100
0.0000000100
0.0000000100
0.0000000100
0.0000000100
0.0000000100
0.0000000100
0.0000000100
0.0000000100
0.0000000100
0.0000000100
0.0000000100
0.0000000100
0.0000000100
0.0000000100
0.0000000100
0.0000000100
0.0000000100
0.0000000100
0.0000000100
0.0000000100
0.0000000100
0.0000000100
0.0000000100
0.0000000100
0.0000000100
0.0000000100
0.0000000100
0.0000000100
0.0000000100
0.0000000100
0.0000000100
0.0000000100
0.0000000100
0.0000000100
0.0000000100
0.0000000100
0.0000000100
0.0000000100
0.0000000100
0.0000000100
0.0000000100
0.0000000100
0.0000000100
0.0000000100
0.0000000100
0.0000000100
0.0000000100
0.0000000100
0.0000000100
0.0000000100
0.0000000100
0.0000000100
0.0000000100
0.0000000100
0.0000000100
0.0000000100
0.0000000100
0.0000000100
0.0000000100
0.0000000100
0.0000000100
0.0000000100
0.0000000100
0.0000000100
0.0000000100
0.0000000100
0.0000000100
0.0000000100
0.0000000100
0.0000000100
0.0000000100
0.0000000100
0.0000000100
0.0000000100
0.0000000100
0.0000000100
0.0000000100
0.0000000100
0.0000000100
0.0000000100
0.0000000100
0.0000000100
0.0000000100
0.0000000100
0.0000000100
0.0000000100
0.0000000100
0.0000000100
0.0000000100
0.0000000100
0.0000000100
0.0000000100
0.0000000100
0.0000000100
0.0000000100
0.0000000100
0.0000000100
0.0000000100
0.0000000100
0.0000000100
0.0000000100
0.0000000100
0.0000000100
0.0000000100
0.0000000100
0.0000000100
0.0000000100
0.0000000100
0.0000000100
0.0000000100
0.0000000100
0.0000000100
0.0000000100
0.0000000100
0.0000000100
0.0000000100
0.0000000100
0.0000000100
0.0000000100
0.0000000100
0.0000000100
0.0000000100
0.0000000100
0.0000000100
0.0000000100
0.0000000100
0.0000000100
0.0000000100
0.0000000100
0.0000000100
0.0000000100
0.0000000100
0.0000000100
0.0000000100
0.0000000100
0.0000000100
0.0000000100
0.0000000100
0.0000000100
0.0000000100
0.0000000100
0.0000000100
0.0000000100
0.0000000100
0.0000000100
0.0000000100
0.0000000100
0.0000000100
0.0000000100
0.0000000100
0.0000000100
0.0000000100
0.0000000100
0.0000000100
0.0000000100
0.0000000100
0.0000000100
0.0000000100
0.0000000100
0.0000000100
0.0000000100
0.0000000100
0.0000000100
0.0000000100
0.0000000100
0.0000000100
0.0000000100
0.0000000100
0.0000000100
0.0000000100
0.0000000100
0.0000000100
0.0000000100
0.0000000100
0.0000000100
0.0000000100
0.0000000100
0.0000000100
0.0000000100
0.0000000100
0.0000000100
0.0000000100
0.0000000100
0.0000000100
0.0000000100
0.0000000100
0.0000000100
0.0000000100
0.0000000100
0.0000000100
0.0000000100
0.0000000100
0.0000000100
0.0000000100
0.0000000100
0.0000000100
0.0000000100
0.0000000100
0.0000000100
0.0000000100
0.0000000100
0.0000000100
0.0000000100
0.0000000100
0.0000000100
0.0000000100
0.0000000100
0.0000000100
0.0000000100
0.0000000100
0.0000000100
0.0000000100
0.0000000100
0.0000000100
0.0000000100
0.0000000100
0.0000000100
0.0000000100
0.0000000100
0.0000000100
0.0000000100
0.0000000100
0.0000000100
0.0000000100
0.0000000100
0.0000000100
0.0000000100
0.0000000100
0.0000000100
0.0000000100
0.0000000100
0.0000000100
0.0000000100
0.0000000100
0.0000000100
0.0000000100
0.0000000100
0.0000000100
0.0000000100
0.0000000100
0.0000000100
0.0000000100
0.0000000100
0.0000000100
0.0000000100
0.0000000100
0.0000000100
0.0000000100
0.0000000100
0.0000000100
0.0000000100
0.0000000100
0.0000000100
0.0000000100
0.0000000100
0.0000000100
0.0000000100
0.0000000100
0.0000000100
0.0000000100
0.0000000100
0.0000000100
0.0000000100
0.0000000100
0.0000000100
0.0000000100
