0.2993600000
0.3046400000
0.3041600000
0.2998400000
0.2974400000
0.2948800000
0.2896000000
0.2910400000
0.2860800000
0.2920000000
0.2817600000
0.2856000000
0.2851200000
0.2856000000
0.2808000000
0.2881600000
0.2915200000
0.2920000000
0.2993600000
0.2953600000
0.2832000000
0.2817600000
0.2763200000
0.2684800000
0.2784000000
0.2696000000
0.2753600000
0.2793600000
0.2793600000
0.2910400000
0.2924800000
0.2798400000
0.2772800000
0.2793600000
0.2827200000
0.2705600000
0.2739200000
0.2803200000
0.2715200000
0.2856000000
0.3091200000
0.3046400000
0.3060800000
0.3086400000
0.2993600000
0.2822400000
0.2763200000
0.2724800000
0.2715200000
0.2617600000
0.2572800000
0.2680000000
0.2492800000
0.2441600000
0.2456000000
0.2368000000
0.2395200000
0.2248000000
0.2251200000
0.2361600000
0.2454400000
0.2355200000
0.2424000000
0.2563200000
0.2577600000
0.2460800000
0.2483200000
0.2443200000
0.2304000000
0.2153600000
0.2187200000
0.2148800000
0.2075200000
0.2033600000
0.2041600000
0.2046400000
0.2057600000
0.2036800000
0.2046400000
0.1982400000
0.1936000000
0.1897600000
0.1888000000
0.1880000000
0.2084800000
0.2009600000
0.1963200000
0.1987200000
0.1926400000
0.1872000000
0.1814400000
0.1846400000
0.1865600000
0.1936000000
0.1960000000
0.1974400000
0.1969600000
0.1977600000
0.1953600000
0.1860800000
0.1833600000
0.1862400000
0.1852800000
0.1897600000
0.1907200000
0.1884800000
0.1731200000
0.1745600000
0.1742400000
0.1945600000
0.1884800000
0.1932800000
0.1862400000
0.1748800000
0.1782400000
0.1788800000
0.1748800000
0.1691200000
0.1736000000
0.1835200000
0.1704000000
0.1750400000
0.1795200000
0.1712000000
0.1742400000
0.1801600000
0.1833600000
0.1939200000
0.1908800000
0.1974400000
0.1974400000
0.1955200000
0.2224000000
0.2134400000
0.2216000000
0.2224000000
0.2288000000
0.2273600000
0.2262400000
0.2312000000
0.2380800000
0.2404800000
0.2412800000
0.2361600000
0.2489600000
0.2459200000
0.2529600000
0.2563200000
0.2529600000
0.2544000000
0.2598400000
0.2632000000
0.2777600000
0.2784000000
0.2748800000
0.2758400000
0.2808000000
0.3012800000
0.2851200000
0.2963200000
0.3208000000
0.3188800000
0.3281600000
0.3262400000
0.3257600000
0.3174400000
0.3198400000
0.3296000000
0.3305600000
0.3350400000
0.3436800000
0.3500800000
0.3388800000
0.3374400000
0.3427200000
0.3412800000
0.3398400000
0.3584000000
0.3936000000
0.3936000000
0.3960000000
0.4019200000
0.4112000000
0.4179200000
0.3936000000
0.3921600000
0.3998400000
0.3862400000
0.3793600000
0.3910400000
0.3950400000
0.3921600000
0.3896000000
0.3876800000
0.3926400000
0.3910400000
0.3824000000
0.3817600000
0.3886400000
0.3886400000
0.3867200000
0.3921600000
0.3969600000
0.3793600000
0.3872000000
0.3867200000
0.3852800000
0.3900800000
0.3705600000
0.3862400000
0.3886400000
0.3862400000
0.3745600000
0.3769600000
0.3848000000
0.3886400000
0.3921600000
0.3921600000
0.3852800000
0.3750400000
0.4326400000
0.4174400000
0.4140800000
0.4067200000
0.4219200000
0.4116800000
0.4160000000
0.4067200000
0.3940800000
0.3876800000
0.3988800000
0.3974400000
0.4038400000
0.4043200000
0.4112000000
0.4184000000
0.4369600000
0.4276800000
0.4238400000
0.4326400000
0.4233600000
0.4276800000
0.4121600000
0.4164800000
0.4116800000
0.4297600000
0.4326400000
0.4248000000
0.4219200000
0.4219200000
0.4086400000
0.4188800000
0.4043200000
0.3960000000
0.3867200000
0.3950400000
0.3828800000
0.3843200000
0.3988800000
0.4043200000
0.3964800000
0.3852800000
0.3838400000
0.3764800000
0.3848000000
0.3905600000
0.3833600000
0.3900800000
0.3798400000
0.3793600000
0.3950400000
0.3769600000
0.3643200000
0.3676800000
0.3555200000
0.3560000000
0.3524800000
0.3467200000
0.3545600000
0.3505600000
0.3505600000
0.3355200000
0.3574400000
0.3472000000
0.3779200000
0.3900800000
0.4116800000
0.4374400000
0.4243200000
0.3760000000
0.3441600000
0.3476800000
0.3486400000
0.3524800000
0.3593600000
0.3555200000
0.3388800000
0.3334400000
0.3344000000
0.3467200000
0.3545600000
0.3486400000
0.3374400000
0.3448000000
0.3257600000
0.3300800000
0.3251200000
0.3344000000
0.3291200000
0.3560000000
0.3384000000
0.3251200000
0.3262400000
0.3246400000
0.3236800000
0.3251200000
0.3324800000
0.3227200000
0.3198400000
0.3129600000
0.3320000000
0.3241600000
0.3262400000
0.3217600000
0.3208000000
0.3198400000
0.3105600000
0.2974400000
0.3120000000
0.3120000000
0.3091200000
0.3129600000
0.3115200000
0.3072000000
0.3072000000
0.2974400000
0.2920000000
0.2915200000
0.3012800000
0.2875200000
0.2891200000
0.2910400000
0.2920000000
0.2817600000
0.2841600000
0.2763200000
0.2670400000
0.2734400000
0.2627200000
0.2608000000
0.2563200000
0.2665600000
0.2641600000
0.2544000000
0.2488000000
0.2473600000
0.2488000000
0.2350400000
0.2451200000
0.2340800000
0.2316800000
0.2292800000
0.2238400000
0.2299200000
0.2204800000
0.2262400000
0.2273600000
0.2283200000
0.2201600000
0.2176000000
0.2155200000
0.2099200000
0.2057600000
0.1977600000
0.1908800000
0.1872000000
0.1899200000
0.1902400000
0.1940800000
0.1944000000
0.1964800000
0.2006400000
0.1913600000
0.2020800000
0.1936000000
0.1912000000
0.1926400000
0.1926400000
0.1870400000
0.1795200000
0.1806400000
0.1788800000
0.1745600000
0.1764800000
0.1760000000
0.1755200000
0.1726400000
0.1696000000
0.1825600000
0.1702400000
0.1811200000
0.1769600000
0.1777600000
0.1787200000
0.1736000000
0.1667200000
0.1731200000
0.1681600000
0.1686400000
0.1696000000
0.1726400000
0.1696000000
0.1716800000
0.1737600000
0.1707200000
0.1732800000
0.1819200000
0.1758400000
0.1899200000
0.1851200000
0.1852800000
0.1867200000
0.1982400000
0.2046400000
0.2072000000
0.2334400000
0.2582400000
0.2603200000
0.2744000000
0.2454400000
0.2241600000
0.2361600000
0.2448000000
0.2464000000
0.2492800000
0.2548800000
0.2598400000
0.2691200000
0.2729600000
0.2784000000
0.2953600000
0.3032000000
0.3072000000
0.3076800000
0.2958400000
0.2968000000
0.2939200000
0.3017600000
0.3129600000
0.3091200000
0.3193600000
0.3369600000
0.3364800000
0.3267200000
0.3388800000
0.3350400000
0.3462400000
0.3529600000
0.3486400000
0.3529600000
0.3555200000
0.3638400000
0.3672000000
0.3700800000
0.3824000000
0.3720000000
0.3886400000
0.3817600000
0.3960000000
0.3886400000
0.3784000000
0.3798400000
0.3817600000
0.3793600000
0.3950400000
0.3910400000
0.3838400000
0.3817600000
0.3760000000
0.3617600000
0.3715200000
0.3808000000
0.4131200000
0.4204800000
0.3998400000
0.4062400000
0.3979200000
0.4155200000
0.4307200000
0.4452800000
0.4560000000
0.4443200000
0.4414400000
0.4233600000
0.4193600000
0.4100800000
0.4126400000
0.4233600000
0.4345600000
0.4302400000
0.4272000000
0.4267200000
0.0000000100
0.0000000100
0.0000000100
0.0000000100
0.0000000100
0.0000000100
0.0000000100
0.0000000100
0.0000000100
0.0000000100
0.0000000100
0.0000000100
0.0000000100
0.0000000100
0.0000000100
0.0000000100
0.0000000100
0.0000000100
0.0000000100
0.0000000100
0.0000000100
0.0000000100
0.0000000100
0.0000000100
0.0000000100
0.0000000100
0.0000000100
0.0000000100
0.0000000100
0.0000000100
0.0000000100
0.0000000100
0.0000000100
0.0000000100
0.0000000100
0.0000000100
0.0000000100
0.0000000100
0.0000000100
0.0000000100
0.0000000100
0.0000000100
0.0000000100
0.0000000100
0.0000000100
0.0000000100
0.0000000100
0.0000000100
0.0000000100
0.0000000100
0.0000000100
0.0000000100
0.0000000100
0.0000000100
0.0000000100
0.0000000100
0.0000000100
0.0000000100
0.0000000100
0.0000000100
0.0000000100
0.0000000100
0.0000000100
0.0000000100
0.0000000100
0.0000000100
0.0000000100
0.0000000100
0.0000000100
0.0000000100
0.0000000100
0.0000000100
0.0000000100
0.0000000100
0.0000000100
0.0000000100
0.0000000100
0.0000000100
0.0000000100
0.0000000100
0.0000000100
0.0000000100
0.0000000100
0.0000000100
0.0000000100
0.0000000100
0.0000000100
0.0000000100
0.0000000100
0.0000000100
0.0000000100
0.0000000100
0.0000000100
0.0000000100
0.0000000100
0.0000000100
0.0000000100
0.0000000100
0.0000000100
0.0000000100
0.0000000100
0.0000000100
0.0000000100
0.0000000100
0.0000000100
0.0000000100
0.0000000100
0.0000000100
0.0000000100
0.0000000100
0.0000000100
0.0000000100
0.0000000100
0.0000000100
0.0000000100
0.0000000100
0.0000000100
0.0000000100
0.0000000100
0.0000000100
0.0000000100
0.0000000100
0.0000000100
0.0000000100
0.0000000100
0.0000000100
0.0000000100
0.0000000100
0.0000000100
0.0000000100
0.0000000100
0.0000000100
0.0000000100
0.0000000100
0.0000000100
0.0000000100
0.0000000100
0.0000000100
0.0000000100
0.0000000100
0.0000000100
0.0000000100
0.0000000100
0.0000000100
0.0000000100
0.0000000100
0.0000000100
0.0000000100
0.0000000100
0.0000000100
0.0000000100
0.0000000100
0.0000000100
0.0000000100
0.0000000100
0.0000000100
0.0000000100
0.0000000100
0.0000000100
0.0000000100
0.0000000100
0.0000000100
0.0000000100
0.0000000100
0.0000000100
0.0000000100
0.0000000100
0.0000000100
0.0000000100
0.0000000100
0.0000000100
0.0000000100
0.0000000100
0.0000000100
0.0000000100
0.0000000100
0.0000000100
0.0000000100
0.0000000100
0.0000000100
0.0000000100
0.0000000100
0.0000000100
0.0000000100
0.0000000100
0.0000000100
0.0000000100
0.0000000100
0.0000000100
0.0000000100
0.0000000100
0.0000000100
0.0000000100
0.0000000100
0.0000000100
0.0000000100
0.0000000100
0.0000000100
0.0000000100
0.0000000100
0.0000000100
0.0000000100
0.0000000100
0.0000000100
0.0000000100
0.0000000100
0.0000000100
0.0000000100
0.0000000100
0.0000000100
0.0000000100
0.0000000100
0.0000000100
0.0000000100
0.0000000100
0.0000000100
0.0000000100
0.0000000100
0.0000000100
0.0000000100
0.0000000100
0.0000000100
0.0000000100
0.0000000100
0.0000000100
0.0000000100
0.0000000100
0.0000000100
0.0000000100
0.0000000100
0.0000000100
0.0000000100
0.0000000100
0.0000000100
0.0000000100
0.0000000100
0.0000000100
0.0000000100
0.0000000100
0.0000000100
0.0000000100
0.0000000100
0.0000000100
0.0000000100
0.0000000100
0.0000000100
0.0000000100
0.0000000100
0.0000000100
0.0000000100
0.0000000100
0.0000000100
0.0000000100
0.0000000100
0.0000000100
0.0000000100
0.0000000100
0.0000000100
0.0000000100
0.0000000100
0.0000000100
0.0000000100
0.0000000100
0.0000000100
0.0000000100
0.0000000100
0.0000000100
0.0000000100
0.0000000100
0.0000000100
0.0000000100
0.0000000100
0.0000000100
0.0000000100
0.0000000100
0.0000000100
0.0000000100
0.0000000100
0.0000000100
0.0000000100
0.0000000100
0.0000000100
0.0000000100
0.0000000100
0.0000000100
0.0000000100
0.0000000100
0.0000000100
0.0000000100
0.0000000100
0.0000000100
0.0000000100
0.0000000100
0.0000000100
0.0000000100
0.0000000100
0.0000000100
0.0000000100
0.0000000100
0.0000000100
0.0000000100
0.0000000100
0.0000000100
0.0000000100
0.0000000100
0.0000000100
0.0000000100
0.0000000100
0.0000000100
0.0000000100
0.0000000100
0.0000000100
0.0000000100
0.0000000100
0.0000000100
0.0000000100
0.0000000100
0.0000000100
0.0000000100
0.0000000100
0.0000000100
0.0000000100
0.0000000100
0.0000000100
0.0000000100
0.0000000100
0.0000000100
0.0000000100
0.0000000100
0.0000000100
0.0000000100
0.0000000100
0.0000000100
0.0000000100
0.0000000100
0.0000000100
0.0000000100
0.0000000100
0.0000000100
0.0000000100
0.0000000100
0.0000000100
0.0000000100
0.0000000100
0.0000000100
0.0000000100
0.0000000100
0.0000000100
0.0000000100
0.0000000100
0.0000000100
0.0000000100
0.0000000100
0.0000000100
0.0000000100
0.0000000100
0.0000000100
0.0000000100
0.0000000100
0.0000000100
0.0000000100
0.0000000100
0.0000000100
0.0000000100
0.0000000100
0.0000000100
0.0000000100
0.0000000100
