0.1360634082
0.1435270806
0.1404887715
0.1342140026
0.1312417437
0.1324306473
0.1326287979
0.1396961691
0.1340158520
0.1362615588
0.1461690885
0.1406869221
0.1362615588
0.1485468956
0.1441215324
0.1406869221
0.1253632761
0.1282034346
0.1412813738
0.1362615588
0.1239762219
0.1318361955
0.1322324967
0.1398943197
0.1291941876
0.1266182299
0.1175033025
0.1295904888
0.1328269485
0.1209379128
0.1195508587
0.1193527081
0.1122853369
0.1316380449
0.1336195509
0.1090488771
0.1076618230
0.1138705416
0.1036327609
0.1134742404
0.0985468956
0.0896301189
0.0933949802
0.0914795244
0.0906208719
0.0859973580
0.0816380449
0.0823645971
0.0779392338
0.0709379128
0.0692206077
0.0607727873
0.0614795244
0.0597622193
0.0590620872
0.0579524439
0.0509973580
0.0491347424
0.0496895641
0.0461096433
0.0405680317
0.0416776750
0.0361822985
0.0348745046
0.0393064729
0.0304359313
0.0287714663
0.0305350066
0.0307926024
0.0233553501
0.0246895641
0.0250198151
0.0246433289
0.0208850727
0.0235336856
0.0207595773
0.0195244386
0.0175099075
0.0222457067
0.0162483487
0.0171862616
0.0123051519
0.0210369881
0.0194782034
0.0173117569
0.0187978864
0.0186988111
0.0195772787
0.0233553501
0.0170805812
0.0165785997
0.0161756935
0.0180383091
0.0170805812
0.0132298547
0.0154689564
0.0163276090
0.0139564069
0.0161228534
0.0111360634
0.0118824306
0.0120211361
0.0119154557
0.0122985469
0.0110766182
0.0154227213
0.0099537649
0.0105812417
0.0136789960
0.0101387054
0.0062047556
0.0084808454
0.0081770145
0.0098018494
0.0098745046
0.0098877147
0.0102443857
0.0112351387
0.0112153236
0.0122457067
0.0129524439
0.0112615588
0.0129788639
0.0113540291
0.0118428005
0.0155944518
0.0112615588
0.0139828269
0.0140092470
0.0177873184
0.0180383091
0.0192272127
0.0186988111
0.0184940555
0.0154227213
0.0215918098
0.0225033025
0.0190752972
0.0230317041
0.0243394980
0.0297291942
0.0235336856
0.0216710700
0.0203104359
0.0200330251
0.0221202114
0.0239894320
0.0266578600
0.0279656539
0.0271136063
0.0260501982
0.0270079260
0.0307397622
0.0331109643
0.0352774108
0.0359313078
0.0359313078
0.0325561427
0.0335601057
0.0453038309
0.0464134742
0.0634940555
0.0709379128
0.0695508587
0.0700132100
0.0766182299
0.0776750330
0.0732496697
0.0819682959
0.0774768824
0.0883091149
0.0821664465
0.0943196830
0.0925363276
0.0904227213
0.0950462351
0.0946499339
0.1019154557
0.1029062087
0.1054161162
0.0949141347
0.1008586526
0.1004623514
0.1178996037
0.1180977543
0.0981505945
0.1110964333
0.1066050198
0.1110964333
0.1104359313
0.1092470277
0.1078599736
0.1153236460
0.1165125495
0.1098414795
0.1126816380
0.1237780713
0.1239762219
0.1328269485
0.1213342140
0.1140686922
0.1167107001
0.1414795244
0.1295904888
0.1270145310
0.1272126816
0.1354689564
0.1473579921
0.1391017173
0.1481505945
0.1387054161
0.1392998679
0.1529722589
0.1525759577
0.1437252312
0.1620871863
0.1525759577
0.1575957728
0.1677014531
0.1548216645
0.1525759577
0.1610303831
0.1620871863
0.1380449141
0.1241743725
0.2418758256
0.4192866579
0.4539630119
0.4733157199
0.4676354029
0.3491413474
0.1612285337
0.1233817701
0.1180977543
0.1042272127
0.1092470277
0.1126816380
0.1149273448
0.1110964333
0.1199471598
0.1197490092
0.1052179657
0.1070013210
0.1023117569
0.1112945839
0.1023117569
0.1167107001
0.1104359313
0.1153236460
0.1102377807
0.1104359313
0.1138705416
0.1138705416
0.1128797886
0.1142668428
0.1094451783
0.1199471598
0.1184940555
0.1070013210
0.1163143989
0.1146631440
0.1175033025
0.1068031704
0.1118890357
0.1031043593
0.1084544254
0.1163143989
0.1066050198
0.1088507266
0.1088507266
0.1090488771
0.1186922061
0.1189564069
0.1086525760
0.1239762219
0.1165125495
0.1082562748
0.1128797886
0.1247688243
0.1308454425
0.1301849406
0.1471598415
0.1334214003
0.1354689564
0.1527741083
0.1322324967
0.1387054161
0.1491413474
0.1360634082
0.1501981506
0.1467635403
0.1358652576
0.1344782034
0.1433289300
0.1540290621
0.1535667107
0.1400924703
0.1479524439
0.1584544254
0.1525759577
0.1556142668
0.1566050198
0.1562087186
0.1614266843
0.1566050198
0.1570013210
0.1571994716
0.1548216645
0.1501981506
0.1471598415
0.1461690885
0.1435270806
0.1445178336
0.1461690885
0.1477542933
0.1241743725
0.1197490092
0.1173051519
0.1241743725
0.1282034346
0.1289960370
0.1167107001
0.1076618230
0.1027080581
0.1080581242
0.0989431968
0.0998678996
0.1044253633
0.1025759577
0.0929986790
0.0918097754
0.0916116248
0.0883091149
0.0836195509
0.0722589168
0.0705416116
0.0708718626
0.0664464993
0.0630911493
0.0660171731
0.0636988111
0.0544253633
0.0569418758
0.0564398943
0.0499405548
0.0457067371
0.0415719947
0.0375429326
0.0363804491
0.0373381770
0.0363804491
0.0363342140
0.0308388375
0.0272655218
0.0303896962
0.0225231176
0.0263540291
0.0206340819
0.0220937913
0.0194782034
0.0174108322
0.0182166446
0.0217965654
0.0184412153
0.0170343461
0.0209379128
0.0203104359
0.0210369881
0.0151651255
0.0183949802
0.0198811096
0.0186195509
0.0158454425
0.0128731836
0.0144121532
0.0125825627
0.0180647292
0.0168031704
0.0161228534
0.0140356671
0.0163540291
0.0164266843
0.0116512550
0.0160237781
0.0126089828
0.0132034346
0.0123976222
0.0120409511
0.0118031704
0.0134015852
0.0138309115
0.0113738441
0.0132034346
0.0078731836
0.0090951123
0.0092998679
0.0096367239
0.0100792602
0.0101915456
0.0010455746
0.0014867900
0.0044154557
0.0074108322
0.0162021136
0.0133553501
0.0120805812
0.0124966975
0.0101783355
0.0088705416
0.0085667107
0.0107859974
0.0096631440
0.0131505945
0.0104821664
0.0140356671
0.0097490092
0.0133289300
0.0141347424
0.0158256275
0.0153170410
0.0156472919
0.0217701453
0.0181638045
0.0166578600
0.0194253633
0.0164795244
0.0180383091
0.0214663144
0.0177410832
0.0212879789
0.0184412153
0.0200528402
0.0199537649
0.0214398943
0.0215455746
0.0246169089
0.0189960370
0.0203302510
0.0261558785
0.0243923382
0.0246697490
0.0246169089
0.0301321004
0.0259511229
0.0332562748
0.0291281374
0.0277675033
0.0280713342
0.0299339498
0.0309907530
0.0359313078
0.0349207398
0.0390554822
0.0421268164
0.0389035667
0.0409180978
0.0450528402
0.0443923382
0.0418229855
0.0441941876
0.0546235139
0.0489299868
0.0521070013
0.0528137384
0.0549273448
0.0487318362
0.0559379128
0.0537186262
0.0586591810
0.0564398943
0.0565389696
0.0498348745
0.0548282695
0.0528137384
0.0560369881
0.0514993395
0.0560369881
0.0548282695
0.0568428005
0.0632959049
0.0635931308
0.0664464993
0.0677014531
0.0670409511
0.0611756935
0.0624834875
0.0647027741
0.0711360634
0.0694187583
0.0654095112
0.0717305152
0.0722589168
0.0656076618
0.0649075297
0.0730515192
0.0631902246
0.0743725231
0.0772126816
0.0720607662
0.0724570674
0.0785336856
0.0754953765
0.0000000100
0.0000000100
0.0000000100
0.0000000100
0.0000000100
0.0000000100
0.0000000100
0.0000000100
0.0000000100
0.0000000100
0.0000000100
0.0000000100
0.0000000100
0.0000000100
0.0000000100
0.0000000100
0.0000000100
0.0000000100
0.0000000100
0.0000000100
0.0000000100
0.0000000100
0.0000000100
0.0000000100
0.0000000100
0.0000000100
0.0000000100
0.0000000100
0.0000000100
0.0000000100
0.0000000100
0.0000000100
0.0000000100
0.0000000100
0.0000000100
0.0000000100
0.0000000100
0.0000000100
0.0000000100
0.0000000100
0.0000000100
0.0000000100
0.0000000100
0.0000000100
0.0000000100
0.0000000100
0.0000000100
0.0000000100
0.0000000100
0.0000000100
0.0000000100
0.0000000100
0.0000000100
0.0000000100
0.0000000100
0.0000000100
0.0000000100
0.0000000100
0.0000000100
0.0000000100
0.0000000100
0.0000000100
0.0000000100
0.0000000100
0.0000000100
0.0000000100
0.0000000100
0.0000000100
0.0000000100
0.0000000100
0.0000000100
0.0000000100
0.0000000100
0.0000000100
0.0000000100
0.0000000100
0.0000000100
0.0000000100
0.0000000100
0.0000000100
0.0000000100
0.0000000100
0.0000000100
0.0000000100
0.0000000100
0.0000000100
0.0000000100
0.0000000100
0.0000000100
0.0000000100
0.0000000100
0.0000000100
0.0000000100
0.0000000100
0.0000000100
0.0000000100
0.0000000100
0.0000000100
0.0000000100
0.0000000100
0.0000000100
0.0000000100
0.0000000100
0.0000000100
0.0000000100
0.0000000100
0.0000000100
0.0000000100
0.0000000100
0.0000000100
0.0000000100
0.0000000100
0.0000000100
0.0000000100
0.0000000100
0.0000000100
0.0000000100
0.0000000100
0.0000000100
0.0000000100
0.0000000100
0.0000000100
0.0000000100
0.0000000100
0.0000000100
0.0000000100
0.0000000100
0.0000000100
0.0000000100
0.0000000100
0.0000000100
0.0000000100
0.0000000100
0.0000000100
0.0000000100
0.0000000100
0.0000000100
0.0000000100
0.0000000100
0.0000000100
0.0000000100
0.0000000100
0.0000000100
0.0000000100
0.0000000100
0.0000000100
0.0000000100
0.0000000100
0.0000000100
0.0000000100
0.0000000100
0.0000000100
0.0000000100
0.0000000100
0.0000000100
0.0000000100
0.0000000100
0.0000000100
0.0000000100
0.0000000100
0.0000000100
0.0000000100
0.0000000100
0.0000000100
0.0000000100
0.0000000100
0.0000000100
0.0000000100
0.0000000100
0.0000000100
0.0000000100
0.0000000100
0.0000000100
0.0000000100
0.0000000100
0.0000000100
0.0000000100
0.0000000100
0.0000000100
0.0000000100
0.0000000100
0.0000000100
0.0000000100
0.0000000100
0.0000000100
0.0000000100
0.0000000100
0.0000000100
0.0000000100
0.0000000100
0.0000000100
0.0000000100
0.0000000100
0.0000000100
0.0000000100
0.0000000100
0.0000000100
0.0000000100
0.0000000100
0.0000000100
0.0000000100
0.0000000100
0.0000000100
0.0000000100
0.0000000100
0.0000000100
0.0000000100
0.0000000100
0.0000000100
0.0000000100
0.0000000100
0.0000000100
0.0000000100
0.0000000100
0.0000000100
0.0000000100
0.0000000100
0.0000000100
0.0000000100
0.0000000100
0.0000000100
0.0000000100
0.0000000100
0.0000000100
0.0000000100
0.0000000100
0.0000000100
0.0000000100
0.0000000100
0.0000000100
0.0000000100
0.0000000100
0.0000000100
0.0000000100
0.0000000100
0.0000000100
0.0000000100
0.0000000100
0.0000000100
0.0000000100
0.0000000100
0.0000000100
0.0000000100
0.0000000100
0.0000000100
0.0000000100
0.0000000100
0.0000000100
0.0000000100
0.0000000100
0.0000000100
0.0000000100
0.0000000100
0.0000000100
0.0000000100
0.0000000100
0.0000000100
0.0000000100
0.0000000100
0.0000000100
0.0000000100
0.0000000100
0.0000000100
0.0000000100
0.0000000100
0.0000000100
0.0000000100
0.0000000100
0.0000000100
0.0000000100
0.0000000100
0.0000000100
0.0000000100
0.0000000100
0.0000000100
0.0000000100
0.0000000100
0.0000000100
0.0000000100
0.0000000100
0.0000000100
0.0000000100
0.0000000100
0.0000000100
0.0000000100
0.0000000100
0.0000000100
0.0000000100
0.0000000100
0.0000000100
0.0000000100
0.0000000100
0.0000000100
0.0000000100
0.0000000100
0.0000000100
0.0000000100
0.0000000100
0.0000000100
0.0000000100
0.0000000100
0.0000000100
0.0000000100
0.0000000100
0.0000000100
0.0000000100
0.0000000100
0.0000000100
0.0000000100
0.0000000100
0.0000000100
0.0000000100
0.0000000100
0.0000000100
0.0000000100
0.0000000100
0.0000000100
0.0000000100
0.0000000100
0.0000000100
0.0000000100
0.0000000100
0.0000000100
0.0000000100
0.0000000100
0.0000000100
0.0000000100
0.0000000100
0.0000000100
0.0000000100
0.0000000100
0.0000000100
0.0000000100
0.0000000100
0.0000000100
0.0000000100
0.0000000100
0.0000000100
0.0000000100
0.0000000100
0.0000000100
0.0000000100
0.0000000100
0.0000000100
0.0000000100
0.0000000100
0.0000000100
0.0000000100
0.0000000100
0.0000000100
0.0000000100
0.0000000100
0.0000000100
0.0000000100
0.0000000100
0.0000000100
0.0000000100
0.0000000100
0.0000000100
0.0000000100
0.0000000100
0.0000000100
0.0000000100
0.0000000100
0.0000000100
0.0000000100
0.0000000100
0.0000000100
