0.2812800000
0.2734400000
0.2793600000
0.3110400000
0.2974400000
0.2856000000
0.3091200000
0.2929600000
0.3003200000
0.3217600000
0.3267200000
0.3374400000
0.2860800000
0.2846400000
0.2827200000
0.2822400000
0.2910400000
0.3105600000
0.3032000000
0.2910400000
0.2948800000
0.3139200000
0.2841600000
0.2891200000
0.2905600000
0.2808000000
0.2841600000
0.2856000000
0.2798400000
0.2803200000
0.2817600000
0.2920000000
0.2934400000
0.3003200000
0.3198400000
0.2910400000
0.2788800000
0.2832000000
0.2875200000
0.2822400000
0.2915200000
0.2851200000
0.2772800000
0.2808000000
0.2988800000
0.2696000000
0.2484800000
0.2412800000
0.2464000000
0.2812800000
0.2577600000
0.2705600000
0.2700800000
0.2700800000
0.2670400000
0.2603200000
0.2592000000
0.2598400000
0.2529600000
0.2598400000
0.2636800000
0.2419200000
0.2724800000
0.2432000000
0.2424000000
0.2380800000
0.2427200000
0.2308800000
0.2366400000
0.2289600000
0.2171200000
0.2219200000
0.2099200000
0.2065600000
0.2088000000
0.1960000000
0.2187200000
0.2160000000
0.2118400000
0.2102400000
0.2131200000
0.2041600000
0.1894400000
0.1880000000
0.1940800000
0.1838400000
0.1788800000
0.1814400000
0.1828800000
0.1912000000
0.1875200000
0.1865600000
0.1811200000
0.1838400000
0.1737600000
0.1755200000
0.1795200000
0.1784000000
0.1584480000
0.1506400000
0.1543040000
0.1577120000
0.1644800000
0.1702400000
0.1670400000
0.1640000000
0.1649600000
0.1545440000
0.1518560000
0.1577120000
0.1503840000
0.1413600000
0.1640000000
0.1633600000
0.1609600000
0.1696000000
0.1774400000
0.1708800000
0.1712000000
0.1816000000
0.1755200000
0.1599200000
0.1611200000
0.1567360000
0.1635200000
0.1652800000
0.1535680000
0.1833600000
0.2024000000
0.2060800000
0.2107200000
0.1918400000
0.1894400000
0.2056000000
0.1960000000
0.1940800000
0.2065600000
0.2014400000
0.2016000000
0.2006400000
0.2036800000
0.2043200000
0.2048000000
0.2075200000
0.2102400000
0.2107200000
0.2084800000
0.2164800000
0.2118400000
0.2155200000
0.2214400000
0.2204800000
0.2382400000
0.2408000000
0.2592000000
0.2772800000
0.2724800000
0.2700800000
0.2768000000
0.3086400000
0.2900800000
0.2939200000
0.2915200000
0.2939200000
0.2944000000
0.2963200000
0.3144000000
0.3236800000
0.3208000000
0.3158400000
0.3153600000
0.3520000000
0.3212800000
0.2988800000
0.3100800000
0.3012800000
0.3124800000
0.3408000000
0.3905600000
0.3921600000
0.4003200000
0.3881600000
0.3793600000
0.3657600000
0.3872000000
0.3881600000
0.3998400000
0.3769600000
0.3393600000
0.3408000000
0.3403200000
0.3412800000
0.3422400000
0.3534400000
0.3472000000
0.3408000000
0.3520000000
0.3457600000
0.3398400000
0.3408000000
0.3491200000
0.3441600000
0.3491200000
0.3467200000
0.3467200000
0.3417600000
0.3491200000
0.3520000000
0.3588800000
0.3672000000
0.3812800000
0.3736000000
0.3329600000
0.4107200000
0.3755200000
0.3686400000
0.3564800000
0.3574400000
0.3788800000
0.3848000000
0.3745600000
0.3905600000
0.3555200000
0.3452800000
0.3515200000
0.3617600000
0.3569600000
0.3598400000
0.3612800000
0.3529600000
0.3612800000
0.3643200000
0.3852800000
0.3891200000
0.3662400000
0.4043200000
0.3627200000
0.3945600000
0.3696000000
0.3896000000
0.3921600000
0.4067200000
0.4214400000
0.4076800000
0.4057600000
0.3964800000
0.3936000000
0.3964800000
0.3857600000
0.3788800000
0.3731200000
0.3745600000
0.3769600000
0.3638400000
0.3931200000
0.3627200000
0.3681600000
0.3686400000
0.3643200000
0.3769600000
0.3686400000
0.3598400000
0.3593600000
0.3505600000
0.3529600000
0.3496000000
0.3481600000
0.3560000000
0.3555200000
0.3667200000
0.3788800000
0.3774400000
0.3520000000
0.3403200000
0.3462400000
0.3334400000
0.3403200000
0.3427200000
0.3569600000
0.3467200000
0.3457600000
0.3417600000
0.3227200000
0.3188800000
0.3262400000
0.3384000000
0.3574400000
0.3510400000
0.3305600000
0.3412800000
0.3588800000
0.3486400000
0.3534400000
0.3569600000
0.3393600000
0.3432000000
0.3334400000
0.3272000000
0.3360000000
0.3251200000
0.3560000000
0.3520000000
0.3448000000
0.3379200000
0.3793600000
0.3657600000
0.3686400000
0.3705600000
0.3262400000
0.3300800000
0.3403200000
0.3227200000
0.3262400000
0.3486400000
0.3574400000
0.3179200000
0.3003200000
0.2988800000
0.3060800000
0.3036800000
0.2988800000
0.3067200000
0.3060800000
0.3257600000
0.3300800000
0.3272000000
0.3272000000
0.3203200000
0.3134400000
0.3203200000
0.3364800000
0.3272000000
0.3241600000
0.3129600000
0.3198400000
0.3096000000
0.3067200000
0.3017600000
0.3060800000
0.3012800000
0.2984000000
0.2963200000
0.2758400000
0.2798400000
0.2705600000
0.2748800000
0.2675200000
0.2670400000
0.2734400000
0.2656000000
0.2700800000
0.2582400000
0.2598400000
0.2598400000
0.2515200000
0.2483200000
0.2436800000
0.2409600000
0.2417600000
0.2400000000
0.2270400000
0.2283200000
0.2200000000
0.2204800000
0.2211200000
0.2182400000
0.2227200000
0.2150400000
0.2144000000
0.2107200000
0.2113600000
0.2176000000
0.1996800000
0.1977600000
0.1958400000
0.1939200000
0.1928000000
0.1939200000
0.1953600000
0.1888000000
0.1907200000
0.1851200000
0.1796800000
0.1796800000
0.1806400000
0.1745600000
0.1782400000
0.1753600000
0.1820800000
0.1699200000
0.1753600000
0.2001600000
0.2292800000
0.2308800000
0.1758400000
0.1760000000
0.1681600000
0.1723200000
0.1763200000
0.1713600000
0.1796800000
0.1704000000
0.1723200000
0.1662400000
0.1649600000
0.1681600000
0.1662400000
0.1712000000
0.1675200000
0.1675200000
0.1704000000
0.1726400000
0.1758400000
0.1713600000
0.1665600000
0.1699200000
0.1670400000
0.1665600000
0.1699200000
0.1676800000
0.1728000000
0.1795200000
0.2016000000
0.2187200000
0.2233600000
0.2236800000
0.2163200000
0.2168000000
0.2236800000
0.2195200000
0.2324800000
0.2366400000
0.2382400000
0.2464000000
0.2529600000
0.2608000000
0.2715200000
0.2715200000
0.2622400000
0.2587200000
0.3027200000
0.3236800000
0.3334400000
0.3379200000
0.2788800000
0.2812800000
0.2696000000
0.2720000000
0.2886400000
0.2846400000
0.2944000000
0.3169600000
0.3110400000
0.3017600000
0.3060800000
0.2939200000
0.2988800000
0.3017600000
0.3060800000
0.3086400000
0.3110400000
0.3246400000
0.3236800000
0.3227200000
0.3300800000
0.3310400000
0.3296000000
0.3262400000
0.3241600000
0.3291200000
0.3329600000
0.3324800000
0.3486400000
0.3398400000
0.3393600000
0.3422400000
0.3491200000
0.3452800000
0.3422400000
0.3417600000
0.3329600000
0.3355200000
0.3496000000
0.3764800000
0.3560000000
0.2251200000
0.3251200000
0.3467200000
0.3296000000
0.3436800000
0.3241600000
0.3188800000
0.3067200000
0.3008000000
0.2988800000
0.3179200000
0.2984000000
0.3267200000
0.3222400000
0.3291200000
0.3496000000
0.3700800000
0.0000000100
0.0000000100
0.0000000100
0.0000000100
0.0000000100
0.0000000100
0.0000000100
0.0000000100
0.0000000100
0.0000000100
0.0000000100
0.0000000100
0.0000000100
0.0000000100
0.0000000100
0.0000000100
0.0000000100
0.0000000100
0.0000000100
0.0000000100
0.0000000100
0.0000000100
0.0000000100
0.0000000100
0.0000000100
0.0000000100
0.0000000100
0.0000000100
0.0000000100
0.0000000100
0.0000000100
0.0000000100
0.0000000100
0.0000000100
0.0000000100
0.0000000100
0.0000000100
0.0000000100
0.0000000100
0.0000000100
0.0000000100
0.0000000100
0.0000000100
0.0000000100
0.0000000100
0.0000000100
0.0000000100
0.0000000100
0.0000000100
0.0000000100
0.0000000100
0.0000000100
0.0000000100
0.0000000100
0.0000000100
0.0000000100
0.0000000100
0.0000000100
0.0000000100
0.0000000100
0.0000000100
0.0000000100
0.0000000100
0.0000000100
0.0000000100
0.0000000100
0.0000000100
0.0000000100
0.0000000100
0.0000000100
0.0000000100
0.0000000100
0.0000000100
0.0000000100
0.0000000100
0.0000000100
0.0000000100
0.0000000100
0.0000000100
0.0000000100
0.0000000100
0.0000000100
0.0000000100
0.0000000100
0.0000000100
0.0000000100
0.0000000100
0.0000000100
0.0000000100
0.0000000100
0.0000000100
0.0000000100
0.0000000100
0.0000000100
0.0000000100
0.0000000100
0.0000000100
0.0000000100
0.0000000100
0.0000000100
0.0000000100
0.0000000100
0.0000000100
0.0000000100
0.0000000100
0.0000000100
0.0000000100
0.0000000100
0.0000000100
0.0000000100
0.0000000100
0.0000000100
0.0000000100
0.0000000100
0.0000000100
0.0000000100
0.0000000100
0.0000000100
0.0000000100
0.0000000100
0.0000000100
0.0000000100
0.0000000100
0.0000000100
0.0000000100
0.0000000100
0.0000000100
0.0000000100
0.0000000100
0.0000000100
0.0000000100
0.0000000100
0.0000000100
0.0000000100
0.0000000100
0.0000000100
0.0000000100
0.0000000100
0.0000000100
0.0000000100
0.0000000100
0.0000000100
0.0000000100
0.0000000100
0.0000000100
0.0000000100
0.0000000100
0.0000000100
0.0000000100
0.0000000100
0.0000000100
0.0000000100
0.0000000100
0.0000000100
0.0000000100
0.0000000100
0.0000000100
0.0000000100
0.0000000100
0.0000000100
0.0000000100
0.0000000100
0.0000000100
0.0000000100
0.0000000100
0.0000000100
0.0000000100
0.0000000100
0.0000000100
0.0000000100
0.0000000100
0.0000000100
0.0000000100
0.0000000100
0.0000000100
0.0000000100
0.0000000100
0.0000000100
0.0000000100
0.0000000100
0.0000000100
0.0000000100
0.0000000100
0.0000000100
0.0000000100
0.0000000100
0.0000000100
0.0000000100
0.0000000100
0.0000000100
0.0000000100
0.0000000100
0.0000000100
0.0000000100
0.0000000100
0.0000000100
0.0000000100
0.0000000100
0.0000000100
0.0000000100
0.0000000100
0.0000000100
0.0000000100
0.0000000100
0.0000000100
0.0000000100
0.0000000100
0.0000000100
0.0000000100
0.0000000100
0.0000000100
0.0000000100
0.0000000100
0.0000000100
0.0000000100
0.0000000100
0.0000000100
0.0000000100
0.0000000100
0.0000000100
0.0000000100
0.0000000100
0.0000000100
0.0000000100
0.0000000100
0.0000000100
0.0000000100
0.0000000100
0.0000000100
0.0000000100
0.0000000100
0.0000000100
0.0000000100
0.0000000100
0.0000000100
0.0000000100
0.0000000100
0.0000000100
0.0000000100
0.0000000100
0.0000000100
0.0000000100
0.0000000100
0.0000000100
0.0000000100
0.0000000100
0.0000000100
0.0000000100
0.0000000100
0.0000000100
0.0000000100
0.0000000100
0.0000000100
0.0000000100
0.0000000100
0.0000000100
0.0000000100
0.0000000100
0.0000000100
0.0000000100
0.0000000100
0.0000000100
0.0000000100
0.0000000100
0.0000000100
0.0000000100
0.0000000100
0.0000000100
0.0000000100
0.0000000100
0.0000000100
0.0000000100
0.0000000100
0.0000000100
0.0000000100
0.0000000100
0.0000000100
0.0000000100
0.0000000100
0.0000000100
0.0000000100
0.0000000100
0.0000000100
0.0000000100
0.0000000100
0.0000000100
0.0000000100
0.0000000100
0.0000000100
0.0000000100
0.0000000100
0.0000000100
0.0000000100
0.0000000100
0.0000000100
0.0000000100
0.0000000100
0.0000000100
0.0000000100
0.0000000100
0.0000000100
0.0000000100
0.0000000100
0.0000000100
0.0000000100
0.0000000100
0.0000000100
0.0000000100
0.0000000100
0.0000000100
0.0000000100
0.0000000100
0.0000000100
0.0000000100
0.0000000100
0.0000000100
0.0000000100
0.0000000100
0.0000000100
0.0000000100
0.0000000100
0.0000000100
0.0000000100
0.0000000100
0.0000000100
0.0000000100
0.0000000100
0.0000000100
0.0000000100
0.0000000100
0.0000000100
0.0000000100
0.0000000100
0.0000000100
0.0000000100
0.0000000100
0.0000000100
0.0000000100
0.0000000100
0.0000000100
0.0000000100
0.0000000100
0.0000000100
0.0000000100
0.0000000100
0.0000000100
0.0000000100
0.0000000100
0.0000000100
0.0000000100
0.0000000100
0.0000000100
0.0000000100
0.0000000100
0.0000000100
0.0000000100
0.0000000100
0.0000000100
0.0000000100
0.0000000100
0.0000000100
0.0000000100
0.0000000100
0.0000000100
0.0000000100
0.0000000100
0.0000000100
0.0000000100
