0.3698739748
0.5115023005
0.3692738548
0.4926985397
0.3730746149
0.4938987798
0.3686737347
0.4926985397
0.3692738548
0.4852970594
0.3680736147
0.4974994999
0.3698739748
0.4896979396
0.3736747349
0.4908981796
0.3692738548
0.4974994999
0.3754750950
0.4876975395
0.3802760552
0.5049009802
0.3802760552
0.4974994999
0.3704740948
0.4810962192
0.3748749750
0.4858971794
0.3692738548
0.4864972995
0.3650730146
0.4888977796
0.3692738548
0.4870974195
0.3724744949
0.4908981796
0.3656731346
0.4786957391
0.3668733747
0.4908981796
0.3662732547
0.4858971794
0.3724744949
0.4870974195
0.3692738548
0.4858971794
0.3632726545
0.4772954591
0.3620724145
0.4864972995
0.3692738548
0.4816963393
0.3620724145
0.4804960992
0.3632726545
0.4798959792
0.3656731346
0.4772954591
0.3626725345
0.4760952190
0.3662732547
0.4804960992
0.3644728946
0.4724944989
0.3662732547
0.4742948590
0.3626725345
0.4694938988
0.3594718944
0.4742948590
0.3588717744
0.4736947389
0.3558711742
0.4748949790
0.3552710542
0.4632926585
0.3608721744
0.4712942589
0.3626725345
0.4754950990
0.3570714143
0.4712942589
0.3582716543
0.4742948590
0.3870774155
0.4870974195
0.3698739748
0.4864972995
0.3608721744
0.4712942589
0.3662732547
0.4766953391
0.3614722945
0.4760952190
0.3608721744
0.4766953391
0.3620724145
0.4772954591
0.3638727746
0.4846969394
0.3594718944
0.4804960992
0.3614722945
0.4772954591
0.3662732547
0.4742948590
0.3662732547
0.5079015803
0.3852770554
0.5061012202
0.3790758152
0.5097019404
0.3852770554
0.4882976595
0.3656731346
0.5025005001
0.3686737347
0.4896979396
0.3730746149
0.4986997399
0.3668733747
0.4888977796
0.3718743749
0.4938987798
0.3858771754
0.5011002200
0.3626725345
0.4938987798
0.3718743749
0.4920984197
0.3778755751
0.5037007401
0.3814762953
0.5031006201
0.3814762953
0.4950990198
0.3796759352
0.5097019404
0.3796759352
0.5073014603
0.3796759352
0.5011002200
0.3638727746
0.4822964593
0.3742748550
0.4798959792
0.3668733747
0.4902980596
0.3692738548
0.4828965793
0.3662732547
0.4888977796
0.3808761752
0.5109021804
0.3826765353
0.5049009802
0.3668733747
0.4760952190
0.3698739748
0.4926985397
0.3766753351
0.4896979396
0.3674734947
0.4968993799
0.3736747349
0.4956991398
0.3748749750
0.4998999800
0.3760752150
0.5043008602
0.3796759352
0.5055011002
0.3748749750
0.5019003801
0.3766753351
0.5037007401
0.3766753351
0.4986997399
0.3834766953
0.4896979396
0.3736747349
0.4974994999
0.3760752150
0.4944988998
0.3748749750
0.4932986597
0.3748749750
0.4920984197
0.3710742148
0.4956991398
0.3724744949
0.4932986597
0.3736747349
0.4974994999
0.3766753351
0.4992998600
0.3802760552
0.4974994999
0.3760752150
0.4956991398
0.3760752150
0.5037007401
0.3760752150
0.5097019404
0.3846769354
0.4956991398
0.3802760552
0.5055011002
0.3924784957
0.5421084217
0.3992798560
0.5275055011
0.3948789758
0.5317063413
0.3852770554
0.5103020604
0.3888777756
0.5091018204
0.3882776555
0.5189037808
0.3948789758
0.5237047409
0.3906781356
0.5183036607
0.3888777756
0.5159031806
0.3882776555
0.5183036607
0.3870774155
0.5183036607
0.3852770554
0.5147029406
0.3784756951
0.5115023005
0.3820764153
0.5147029406
0.3870774155
0.5171034207
0.3864772955
0.5219043809
0.3956791358
0.5153030606
0.3918783757
0.5263052611
0.3906781356
0.5353070614
0.4016803361
0.5293058612
0.3894778956
0.5177035407
0.3882776555
0.5213042609
0.3906781356
0.5201040208
0.3820764153
0.5127025405
0.3808761752
0.5177035407
0.3930786157
0.5275055011
0.3980796159
0.5415083017
0.3992798560
0.5237047409
0.3900780156
0.5165033007
0.3888777756
0.5213042609
0.3912782557
0.5269053811
0.3980796159
0.5365073015
0.4034806961
0.5329065813
0.4022804561
0.5317063413
0.3846769354
0.5097019404
0.3858771754
0.5177035407
0.3834766953
0.5153030606
0.3870774155
0.5213042609
0.3870774155
0.5159031806
0.3852770554
0.5153030606
0.3870774155
0.5171034207
0.3870774155
0.5171034207
0.3900780156
0.5257051410
0.3948789758
0.5335067013
0.4052810562
0.5335067013
0.4052810562
0.5231046209
0.3894778956
0.5219043809
0.3936787357
0.5257051410
0.3906781356
0.5195039008
0.3870774155
0.5147029406
0.3870774155
0.5121024205
0.3882776555
0.5189037808
0.3888777756
0.5299059812
0.3888777756
0.5171034207
0.3846769354
0.5109021804
0.3814762953
0.5005001000
0.3834766953
0.5085017003
0.3834766953
0.5171034207
0.3912782557
0.5153030606
0.3834766953
0.5251050210
0.3802760552
0.5055011002
0.3802760552
0.4998999800
0.3760752150
0.4974994999
0.3754750950
0.4932986597
0.3730746149
0.4992998600
0.3852770554
0.4956991398
0.3742748550
0.4980996199
0.3778755751
0.4938987798
0.3796759352
0.4986997399
0.3644728946
0.5019003801
0.3864772955
0.5165033007
0.3876775355
0.5121024205
0.3846769354
0.5037007401
0.3742748550
0.5201040208
0.3840768154
0.5121024205
0.3820764153
0.5091018204
0.3766753351
0.5061012202
0.3814762953
0.4962992599
0.3730746149
0.4974994999
0.3760752150
0.4980996199
0.3724744949
0.5061012202
0.3814762953
0.5109021804
0.3826765353
0.4968993799
0.3662732547
0.4730946189
0.3760752150
0.4980996199
0.3686737347
0.4956991398
0.3766753351
0.5243048610
0.3814762953
0.5135027005
0.3766753351
0.4980996199
0.3686737347
0.4810962192
0.3656731346
0.4968993799
0.3686737347
0.4864972995
0.3718743749
0.5085017003
0.3730746149
0.4834966993
0.3662732547
0.4902980596
0.3710742148
0.4858971794
0.3668733747
0.4870974195
0.3674734947
0.4858971794
0.3674734947
0.4908981796
0.3704740948
0.4980996199
0.3680736147
0.4876975395
0.3638727746
0.5011002200
0.3662732547
0.4986997399
0.3736747349
0.4914982997
0.3704740948
0.4902980596
0.3674734947
0.4938987798
0.3710742148
0.4944988998
0.3796759352
0.4992998600
0.3710742148
0.4926985397
0.3668733747
0.4956991398
0.3674734947
0.5005001000
0.3736747349
0.4870974195
0.3930786157
0.4938987798
0.3820764153
0.5037007401
0.3710742148
0.4914982997
0.3704740948
0.4882976595
0.3760752150
0.4950990198
0.3724744949
0.4944988998
0.3772754551
0.4896979396
0.3692738548
0.4834966993
0.3638727746
0.4834966993
0.3760752150
0.5037007401
0.3766753351
0.4882976595
0.3680736147
0.4828965793
0.3662732547
0.4846969394
0.3942788558
0.4974994999
0.3710742148
0.4810962192
0.3680736147
0.4882976595
0.3632726545
0.4876975395
0.3662732547
0.4864972995
0.3680736147
0.4888977796
0.3662732547
0.4914982997
0.3772754551
0.4944988998
0.3704740948
0.4950990198
0.3674734947
0.4914982997
0.3760752150
0.4902980596
0.3698739748
0.4938987798
0.3730746149
0.4926985397
0.3710742148
0.4920984197
0.3772754551
0.5103020604
0.3778755751
0.5073014603
0.3796759352
0.4992998600
0.3814762953
0.4974994999
0.3858771754
0.5103020604
0.3748749750
0.5067013403
0.3834766953
0.5049009802
0.3808761752
0.5079015803
0.0000000100
0.0000000100
0.0000000100
0.0000000100
0.0000000100
0.0000000100
0.0000000100
0.0000000100
0.0000000100
0.0000000100
0.0000000100
0.0000000100
0.0000000100
0.0000000100
0.0000000100
0.0000000100
0.0000000100
0.0000000100
0.0000000100
0.0000000100
0.0000000100
0.0000000100
0.0000000100
0.0000000100
0.0000000100
0.0000000100
0.0000000100
0.0000000100
0.0000000100
0.0000000100
0.0000000100
0.0000000100
0.0000000100
0.0000000100
0.0000000100
0.0000000100
0.0000000100
0.0000000100
0.0000000100
0.0000000100
0.0000000100
0.0000000100
0.0000000100
0.0000000100
0.0000000100
0.0000000100
0.0000000100
0.0000000100
0.0000000100
0.0000000100
0.0000000100
0.0000000100
0.0000000100
0.0000000100
0.0000000100
0.0000000100
0.0000000100
0.0000000100
0.0000000100
0.0000000100
0.0000000100
0.0000000100
0.0000000100
0.0000000100
0.0000000100
0.0000000100
0.0000000100
0.0000000100
0.0000000100
0.0000000100
0.0000000100
0.0000000100
0.0000000100
0.0000000100
0.0000000100
0.0000000100
0.0000000100
0.0000000100
0.0000000100
0.0000000100
0.0000000100
0.0000000100
0.0000000100
0.0000000100
0.0000000100
0.0000000100
0.0000000100
0.0000000100
0.0000000100
0.0000000100
0.0000000100
0.0000000100
0.0000000100
0.0000000100
0.0000000100
0.0000000100
0.0000000100
0.0000000100
0.0000000100
0.0000000100
0.0000000100
0.0000000100
0.0000000100
0.0000000100
0.0000000100
0.0000000100
0.0000000100
0.0000000100
0.0000000100
0.0000000100
0.0000000100
0.0000000100
0.0000000100
0.0000000100
0.0000000100
0.0000000100
0.0000000100
0.0000000100
0.0000000100
0.0000000100
0.0000000100
0.0000000100
0.0000000100
0.0000000100
0.0000000100
0.0000000100
0.0000000100
0.0000000100
0.0000000100
0.0000000100
0.0000000100
0.0000000100
0.0000000100
0.0000000100
0.0000000100
0.0000000100
0.0000000100
0.0000000100
0.0000000100
0.0000000100
0.0000000100
0.0000000100
0.0000000100
0.0000000100
0.0000000100
0.0000000100
0.0000000100
0.0000000100
0.0000000100
0.0000000100
0.0000000100
0.0000000100
0.0000000100
0.0000000100
0.0000000100
0.0000000100
0.0000000100
0.0000000100
0.0000000100
0.0000000100
0.0000000100
0.0000000100
0.0000000100
0.0000000100
0.0000000100
0.0000000100
0.0000000100
0.0000000100
0.0000000100
0.0000000100
0.0000000100
0.0000000100
0.0000000100
0.0000000100
0.0000000100
0.0000000100
0.0000000100
0.0000000100
0.0000000100
0.0000000100
0.0000000100
0.0000000100
0.0000000100
0.0000000100
0.0000000100
0.0000000100
0.0000000100
0.0000000100
0.0000000100
0.0000000100
0.0000000100
0.0000000100
0.0000000100
0.0000000100
0.0000000100
0.0000000100
0.0000000100
0.0000000100
0.0000000100
0.0000000100
0.0000000100
0.0000000100
0.0000000100
0.0000000100
0.0000000100
0.0000000100
0.0000000100
0.0000000100
0.0000000100
0.0000000100
0.0000000100
0.0000000100
0.0000000100
0.0000000100
0.0000000100
0.0000000100
0.0000000100
0.0000000100
0.0000000100
0.0000000100
0.0000000100
0.0000000100
0.0000000100
0.0000000100
0.0000000100
0.0000000100
0.0000000100
0.0000000100
0.0000000100
0.0000000100
0.0000000100
0.0000000100
0.0000000100
0.0000000100
0.0000000100
0.0000000100
0.0000000100
0.0000000100
0.0000000100
0.0000000100
0.0000000100
0.0000000100
0.0000000100
0.0000000100
0.0000000100
0.0000000100
0.0000000100
0.0000000100
0.0000000100
0.0000000100
0.0000000100
0.0000000100
0.0000000100
0.0000000100
0.0000000100
0.0000000100
0.0000000100
0.0000000100
0.0000000100
0.0000000100
0.0000000100
0.0000000100
0.0000000100
0.0000000100
0.0000000100
0.0000000100
0.0000000100
0.0000000100
0.0000000100
0.0000000100
0.0000000100
0.0000000100
0.0000000100
0.0000000100
0.0000000100
0.0000000100
0.0000000100
0.0000000100
0.0000000100
0.0000000100
0.0000000100
0.0000000100
0.0000000100
0.0000000100
0.0000000100
0.0000000100
0.0000000100
0.0000000100
0.0000000100
0.0000000100
0.0000000100
0.0000000100
0.0000000100
0.0000000100
0.0000000100
0.0000000100
0.0000000100
0.0000000100
0.0000000100
0.0000000100
0.0000000100
0.0000000100
0.0000000100
0.0000000100
0.0000000100
0.0000000100
0.0000000100
0.0000000100
0.0000000100
0.0000000100
0.0000000100
0.0000000100
0.0000000100
0.0000000100
0.0000000100
0.0000000100
0.0000000100
0.0000000100
0.0000000100
0.0000000100
0.0000000100
0.0000000100
0.0000000100
0.0000000100
0.0000000100
0.0000000100
0.0000000100
0.0000000100
0.0000000100
0.0000000100
0.0000000100
0.0000000100
0.0000000100
0.0000000100
0.0000000100
0.0000000100
0.0000000100
0.0000000100
0.0000000100
0.0000000100
0.0000000100
0.0000000100
0.0000000100
0.0000000100
0.0000000100
0.0000000100
0.0000000100
0.0000000100
0.0000000100
0.0000000100
0.0000000100
0.0000000100
0.0000000100
0.0000000100
0.0000000100
0.0000000100
0.0000000100
0.0000000100
0.0000000100
0.0000000100
0.0000000100
0.0000000100
0.0000000100
0.0000000100
0.0000000100
0.0000000100
0.0000000100
0.0000000100
