1.0000000000
1.0000000000
0.8496343693
0.6946983547
0.7755941499
1.0000000000
0.9040219378
1.0000000000
0.9817184644
0.6393967093
0.8258683729
1.0000000000
1.0000000000
1.0000000000
0.7463436929
0.6302559415
0.7239488117
1.0000000000
1.0000000000
1.0000000000
0.9218464351
0.6435100548
0.8409506399
1.0000000000
1.0000000000
1.0000000000
0.8144424132
0.6878427788
0.7559414991
1.0000000000
1.0000000000
0.9625228519
0.6060329068
0.7015539305
0.6352833638
1.0000000000
1.0000000000
1.0000000000
0.9287020110
0.5786106033
0.8171846435
1.0000000000
1.0000000000
1.0000000000
0.6051188300
1.0000000000
1.0000000000
1.0000000000
1.0000000000
1.0000000000
0.7134369287
1.0000000000
1.0000000000
1.0000000000
0.9789762340
1.0000000000
1.0000000000
0.5804387569
1.0000000000
1.0000000000
1.0000000000
0.8212979890
0.7952468007
0.5950639854
0.7029250457
1.0000000000
0.9232175503
0.6261425960
0.9611517367
0.6192870201
0.6051188300
1.0000000000
0.9095063985
1.0000000000
1.0000000000
0.7531992687
0.6668190128
1.0000000000
1.0000000000
0.8258683729
0.5786106033
0.7225776965
0.7979890311
1.0000000000
1.0000000000
1.0000000000
1.0000000000
1.0000000000
1.0000000000
1.0000000000
1.0000000000
1.0000000000
1.0000000000
1.0000000000
1.0000000000
1.0000000000
1.0000000000
1.0000000000
1.0000000000
1.0000000000
1.0000000000
1.0000000000
1.0000000000
1.0000000000
1.0000000000
1.0000000000
1.0000000000
1.0000000000
1.0000000000
1.0000000000
1.0000000000
1.0000000000
1.0000000000
1.0000000000
1.0000000000
1.0000000000
1.0000000000
1.0000000000
0.8496343693
1.0000000000
1.0000000000
1.0000000000
1.0000000000
1.0000000000
1.0000000000
1.0000000000
1.0000000000
1.0000000000
1.0000000000
1.0000000000
1.0000000000
1.0000000000
1.0000000000
1.0000000000
1.0000000000
1.0000000000
1.0000000000
1.0000000000
1.0000000000
1.0000000000
1.0000000000
1.0000000000
0.8857404022
1.0000000000
1.0000000000
1.0000000000
1.0000000000
1.0000000000
1.0000000000
1.0000000000
1.0000000000
1.0000000000
1.0000000000
0.8939670932
0.8953382084
0.8286106033
0.8048446069
1.0000000000
1.0000000000
0.7797074954
0.7266910420
0.8327239488
1.0000000000
1.0000000000
0.8578610603
0.6485374771
0.6992687386
0.8062157221
0.7783363803
1.0000000000
1.0000000000
0.9067641682
0.8340950640
0.7655393053
0.8117001828
0.8688299817
1.0000000000
1.0000000000
1.0000000000
0.7614259598
1.0000000000
1.0000000000
1.0000000000
1.0000000000
0.9122486289
0.9245886654
0.9428702011
1.0000000000
1.0000000000
1.0000000000
1.0000000000
0.8729433272
0.8185557587
1.0000000000
1.0000000000
1.0000000000
0.7865630713
0.8199268739
0.8816270567
1.0000000000
1.0000000000
1.0000000000
1.0000000000
0.7879341865
0.8953382084
1.0000000000
1.0000000000
1.0000000000
0.8578610603
0.7755941499
1.0000000000
1.0000000000
1.0000000000
0.7134369287
0.7001828154
0.7586837294
0.8062157221
1.0000000000
1.0000000000
1.0000000000
1.0000000000
1.0000000000
1.0000000000
1.0000000000
1.0000000000
1.0000000000
0.8327239488
0.7463436929
0.6978976234
0.7838208410
1.0000000000
1.0000000000
1.0000000000
1.0000000000
1.0000000000
1.0000000000
1.0000000000
0.8368372943
0.8994515539
0.7308043876
0.7024680073
1.0000000000
1.0000000000
1.0000000000
0.9218464351
0.7641681901
1.0000000000
1.0000000000
1.0000000000
1.0000000000
1.0000000000
0.7463436929
0.7106946984
1.0000000000
1.0000000000
1.0000000000
0.7641681901
0.9259597806
1.0000000000
1.0000000000
1.0000000000
0.7490859232
0.8144424132
0.8130712980
0.7477148080
0.8272394881
0.6462522852
1.0000000000
1.0000000000
1.0000000000
1.0000000000
1.0000000000
0.7404021938
0.9584095064
0.6933272395
0.9053930530
0.6604204753
0.9122486289
0.7934186472
1.0000000000
1.0000000000
1.0000000000
0.8606032907
1.0000000000
1.0000000000
1.0000000000
0.9849177331
0.7404021938
0.8021023766
1.0000000000
1.0000000000
0.6777879342
0.6494515539
1.0000000000
1.0000000000
1.0000000000
1.0000000000
0.8382084095
0.8884826325
1.0000000000
0.7362888483
1.0000000000
0.9830895795
0.7010968921
0.7463436929
1.0000000000
1.0000000000
1.0000000000
0.8117001828
0.7362888483
0.6508226691
0.8510054845
1.0000000000
1.0000000000
1.0000000000
0.7797074954
0.9510968921
0.8702010969
1.0000000000
1.0000000000
1.0000000000
0.8496343693
0.7404021938
0.7449725777
0.6974405850
1.0000000000
1.0000000000
0.8939670932
0.7335466179
0.7239488117
0.6727605119
0.9762340037
1.0000000000
1.0000000000
0.8327239488
0.6631627057
1.0000000000
1.0000000000
1.0000000000
0.7669104205
1.0000000000
0.9748628885
1.0000000000
1.0000000000
1.0000000000
0.9945155393
0.8340950640
1.0000000000
1.0000000000
1.0000000000
1.0000000000
1.0000000000
1.0000000000
1.0000000000
1.0000000000
1.0000000000
1.0000000000
1.0000000000
0.9067641682
0.9053930530
1.0000000000
1.0000000000
1.0000000000
1.0000000000
1.0000000000
1.0000000000
1.0000000000
1.0000000000
1.0000000000
1.0000000000
1.0000000000
1.0000000000
1.0000000000
1.0000000000
1.0000000000
1.0000000000
0.0000004570
1.0000000000
1.0000000000
1.0000000000
1.0000000000
1.0000000000
1.0000000000
1.0000000000
1.0000000000
1.0000000000
1.0000000000
1.0000000000
1.0000000000
1.0000000000
1.0000000000
1.0000000000
1.0000000000
1.0000000000
1.0000000000
1.0000000000
1.0000000000
1.0000000000
1.0000000000
1.0000000000
1.0000000000
1.0000000000
1.0000000000
1.0000000000
1.0000000000
1.0000000000
1.0000000000
1.0000000000
1.0000000000
1.0000000000
1.0000000000
1.0000000000
1.0000000000
1.0000000000
1.0000000000
1.0000000000
1.0000000000
1.0000000000
1.0000000000
1.0000000000
1.0000000000
1.0000000000
1.0000000000
1.0000000000
0.8272394881
1.0000000000
1.0000000000
1.0000000000
1.0000000000
1.0000000000
1.0000000000
1.0000000000
1.0000000000
1.0000000000
1.0000000000
1.0000000000
1.0000000000
1.0000000000
1.0000000000
1.0000000000
1.0000000000
1.0000000000
1.0000000000
1.0000000000
1.0000000000
1.0000000000
1.0000000000
1.0000000000
1.0000000000
1.0000000000
1.0000000000
1.0000000000
1.0000000000
1.0000000000
1.0000000000
1.0000000000
1.0000000000
1.0000000000
1.0000000000
1.0000000000
1.0000000000
0.8606032907
0.7586837294
1.0000000000
1.0000000000
1.0000000000
0.8592321755
1.0000000000
1.0000000000
1.0000000000
1.0000000000
1.0000000000
1.0000000000
1.0000000000
1.0000000000
1.0000000000
1.0000000000
1.0000000000
1.0000000000
1.0000000000
1.0000000000
1.0000000000
1.0000000000
1.0000000000
1.0000000000
0.9917733090
1.0000000000
1.0000000000
1.0000000000
1.0000000000
1.0000000000
1.0000000000
1.0000000000
1.0000000000
1.0000000000
1.0000000000
1.0000000000
1.0000000000
1.0000000000
1.0000000000
0.7362888483
1.0000000000
0.0000000100
0.0000000100
0.0000000100
0.0000000100
0.0000000100
0.0000000100
0.0000000100
0.0000000100
0.0000000100
0.0000000100
0.0000000100
0.0000000100
0.0000000100
0.0000000100
0.0000000100
0.0000000100
0.0000000100
0.0000000100
0.0000000100
0.0000000100
0.0000000100
0.0000000100
0.0000000100
0.0000000100
0.0000000100
0.0000000100
0.0000000100
0.0000000100
0.0000000100
0.0000000100
0.0000000100
0.0000000100
0.0000000100
0.0000000100
0.0000000100
0.0000000100
0.0000000100
0.0000000100
0.0000000100
0.0000000100
0.0000000100
0.0000000100
0.0000000100
0.0000000100
0.0000000100
0.0000000100
0.0000000100
0.0000000100
0.0000000100
0.0000000100
0.0000000100
0.0000000100
0.0000000100
0.0000000100
0.0000000100
0.0000000100
0.0000000100
0.0000000100
0.0000000100
0.0000000100
0.0000000100
0.0000000100
0.0000000100
0.0000000100
0.0000000100
0.0000000100
0.0000000100
0.0000000100
0.0000000100
0.0000000100
0.0000000100
0.0000000100
0.0000000100
0.0000000100
0.0000000100
0.0000000100
0.0000000100
0.0000000100
0.0000000100
0.0000000100
0.0000000100
0.0000000100
0.0000000100
0.0000000100
0.0000000100
0.0000000100
0.0000000100
0.0000000100
0.0000000100
0.0000000100
0.0000000100
0.0000000100
0.0000000100
0.0000000100
0.0000000100
0.0000000100
0.0000000100
0.0000000100
0.0000000100
0.0000000100
0.0000000100
0.0000000100
0.0000000100
0.0000000100
0.0000000100
0.0000000100
0.0000000100
0.0000000100
0.0000000100
0.0000000100
0.0000000100
0.0000000100
0.0000000100
0.0000000100
0.0000000100
0.0000000100
0.0000000100
0.0000000100
0.0000000100
0.0000000100
0.0000000100
0.0000000100
0.0000000100
0.0000000100
0.0000000100
0.0000000100
0.0000000100
0.0000000100
0.0000000100
0.0000000100
0.0000000100
0.0000000100
0.0000000100
0.0000000100
0.0000000100
0.0000000100
0.0000000100
0.0000000100
0.0000000100
0.0000000100
0.0000000100
0.0000000100
0.0000000100
0.0000000100
0.0000000100
0.0000000100
0.0000000100
0.0000000100
0.0000000100
0.0000000100
0.0000000100
0.0000000100
0.0000000100
0.0000000100
0.0000000100
0.0000000100
0.0000000100
0.0000000100
0.0000000100
0.0000000100
0.0000000100
0.0000000100
0.0000000100
0.0000000100
0.0000000100
0.0000000100
0.0000000100
0.0000000100
0.0000000100
0.0000000100
0.0000000100
0.0000000100
0.0000000100
0.0000000100
0.0000000100
0.0000000100
0.0000000100
0.0000000100
0.0000000100
0.0000000100
0.0000000100
0.0000000100
0.0000000100
0.0000000100
0.0000000100
0.0000000100
0.0000000100
0.0000000100
0.0000000100
0.0000000100
0.0000000100
0.0000000100
0.0000000100
0.0000000100
0.0000000100
0.0000000100
0.0000000100
0.0000000100
0.0000000100
0.0000000100
0.0000000100
0.0000000100
0.0000000100
0.0000000100
0.0000000100
0.0000000100
0.0000000100
0.0000000100
0.0000000100
0.0000000100
0.0000000100
0.0000000100
0.0000000100
0.0000000100
0.0000000100
0.0000000100
0.0000000100
0.0000000100
0.0000000100
0.0000000100
0.0000000100
0.0000000100
0.0000000100
0.0000000100
0.0000000100
0.0000000100
0.0000000100
0.0000000100
0.0000000100
0.0000000100
0.0000000100
0.0000000100
0.0000000100
0.0000000100
0.0000000100
0.0000000100
0.0000000100
0.0000000100
0.0000000100
0.0000000100
0.0000000100
0.0000000100
0.0000000100
0.0000000100
0.0000000100
0.0000000100
0.0000000100
0.0000000100
0.0000000100
0.0000000100
0.0000000100
0.0000000100
0.0000000100
0.0000000100
0.0000000100
0.0000000100
0.0000000100
0.0000000100
0.0000000100
0.0000000100
0.0000000100
0.0000000100
0.0000000100
0.0000000100
0.0000000100
0.0000000100
0.0000000100
0.0000000100
0.0000000100
0.0000000100
0.0000000100
0.0000000100
0.0000000100
0.0000000100
0.0000000100
0.0000000100
0.0000000100
0.0000000100
0.0000000100
0.0000000100
0.0000000100
0.0000000100
0.0000000100
0.0000000100
0.0000000100
0.0000000100
0.0000000100
0.0000000100
0.0000000100
0.0000000100
0.0000000100
0.0000000100
0.0000000100
0.0000000100
0.0000000100
0.0000000100
0.0000000100
0.0000000100
0.0000000100
0.0000000100
0.0000000100
0.0000000100
0.0000000100
0.0000000100
0.0000000100
0.0000000100
0.0000000100
0.0000000100
0.0000000100
0.0000000100
0.0000000100
0.0000000100
0.0000000100
0.0000000100
0.0000000100
0.0000000100
0.0000000100
0.0000000100
0.0000000100
0.0000000100
0.0000000100
0.0000000100
0.0000000100
0.0000000100
0.0000000100
0.0000000100
0.0000000100
0.0000000100
0.0000000100
0.0000000100
0.0000000100
0.0000000100
0.0000000100
0.0000000100
0.0000000100
0.0000000100
0.0000000100
0.0000000100
0.0000000100
0.0000000100
0.0000000100
0.0000000100
0.0000000100
0.0000000100
0.0000000100
0.0000000100
0.0000000100
0.0000000100
0.0000000100
0.0000000100
0.0000000100
0.0000000100
0.0000000100
0.0000000100
0.0000000100
0.0000000100
0.0000000100
0.0000000100
0.0000000100
0.0000000100
0.0000000100
0.0000000100
0.0000000100
0.0000000100
0.0000000100
0.0000000100
0.0000000100
0.0000000100
