0.2304176072
0.2001128668
0.2121896163
0.2438487585
0.1966704289
0.2145598194
0.2490406321
0.2297404063
0.2111173815
0.2111173815
0.2349322799
0.1915349887
0.1860045147
0.1973476298
0.1970090293
0.1873589165
0.1632618510
0.1239841986
0.1384875847
0.1277652370
0.1452031603
0.1222911964
0.1398419865
0.1479119639
0.1506772009
0.1488148984
0.1577313770
0.1508465011
0.1455417607
0.1374153499
0.1555304740
0.1949774266
0.2393905192
0.4126410835
0.4016365688
0.4498306998
0.4208803612
0.4843115124
0.4808690745
0.5104401806
0.5531602709
0.5249435666
0.5208239278
0.4718961625
0.4222911964
0.4415914221
0.4429458239
0.4167607223
0.4746613995
0.4739277652
0.4374153499
0.4608916479
0.4367381490
0.4388261851
0.4698081264
0.4615688488
0.4208803612
0.4174379233
0.4663656885
0.5028781038
0.5497178330
0.4284988713
0.5806997743
0.5256207675
0.4973476298
0.4953160271
0.4663656885
0.4650112867
0.5001128668
0.4278216704
0.4071106095
0.4064334086
0.3885440181
0.3940180587
0.3830135440
0.4078442438
0.4250564334
0.5194130926
0.4553611738
0.4050790068
0.4036681716
0.4029909707
0.4222911964
0.4457110609
0.2724604966
0.4264108352
0.4305304740
0.4147291196
0.4002257336
0.5750564334
0.4925507901
0.4519187359
0.4381489842
0.4353837472
0.3995485327
0.3898984199
0.3209932280
0.4154063205
0.4236455982
0.4098758465
0.3961060948
0.4202031603
0.4139954853
0.3726862302
0.3988713318
0.4408577878
0.4367381490
0.4016365688
0.4036681716
0.3919864560
0.4098758465
0.3967832957
0.3788939052
0.4050790068
0.4932279910
0.4684537246
0.4656884876
0.4725733634
0.4415914221
0.4002257336
0.4470654628
0.5118510158
0.4477990971
0.4588036117
0.4484762980
0.4588036117
0.5297404063
0.4925507901
0.4987584650
0.4781038375
0.4071106095
0.4353837472
0.4581264108
0.4760158014
0.4243792325
0.4160835214
0.4298532731
0.4457110609
0.4415914221
0.4139954853
0.3905756208
0.3913092551
0.3761286682
0.3782167043
0.4105530474
0.3836907449
0.3823363431
0.4457110609
0.3458239278
0.3513544018
0.3444695260
0.3055304740
0.3409706546
0.3568284424
0.3371896163
0.3527088036
0.3809255079
0.3795711061
0.4119638826
0.3664785553
0.3203160271
0.2834650113
0.2972347630
0.3458239278
0.3905756208
0.3651241535
0.3409706546
0.4050790068
0.3892212190
0.3340857788
0.3179458239
0.3248306998
0.4139954853
0.3678893905
0.3568284424
0.3726862302
0.4071106095
0.4167607223
0.4388261851
0.4532731377
0.4381489842
0.4298532731
0.4160835214
0.4057562077
0.4312641084
0.3940180587
0.3967832957
0.4085214447
0.4305304740
0.4188487585
0.4360609481
0.4787810384
0.4594808126
0.4636004515
0.4477990971
0.4491534989
0.4491534989
0.4477990971
0.4773702032
0.4656884876
0.4787810384
0.5097629797
0.5304176072
0.5352708804
0.4704853273
0.4525959368
0.4677765237
0.4553611738
0.4849887133
0.5077313770
0.4966704289
0.5942437923
0.5840857788
0.5331828442
0.5897291196
0.4980812641
0.5338600451
0.4973476298
0.5159706546
0.5393905192
0.5283860045
0.5146162528
0.4498306998
0.4746613995
0.4415914221
0.4581264108
0.4966704289
0.4546839729
0.5221783296
0.5173250564
0.4843115124
0.5042889391
0.5194130926
0.5208239278
0.5338600451
0.5228555305
0.6004514673
0.5304176072
0.5056433409
0.4939051919
0.4849887133
0.4829006772
0.4415914221
0.4650112867
0.4808690745
0.5028781038
0.4787810384
0.4553611738
0.4029909707
0.4036681716
0.4278216704
0.4298532731
0.4139954853
0.4581264108
0.4753386005
0.4339729120
0.4319413093
0.4615688488
0.4581264108
0.4594808126
0.4415914221
0.4188487585
0.3981941309
0.3974604966
0.4057562077
0.4656884876
0.4071106095
0.4057562077
0.3857787810
0.4147291196
0.4291760722
0.4753386005
0.4278216704
0.4436230248
0.4195259594
0.4401805869
0.3967832957
0.3713318284
0.3878668172
0.4725733634
0.4154063205
0.4229683973
0.4353837472
0.4367381490
0.4457110609
0.4174379233
0.4395033860
0.4312641084
0.3795711061
0.4298532731
0.4332957111
0.4243792325
0.4112866817
0.3830135440
0.4250564334
0.4519187359
0.4691309255
0.4588036117
0.4353837472
0.3898984199
0.4119638826
0.4326185102
0.4078442438
0.4023137698
0.4305304740
0.4401805869
0.4229683973
0.3733634312
0.4050790068
0.3988713318
0.4133182844
0.3671557562
0.3568284424
0.3251693002
0.3172121896
0.3437358916
0.3468397291
0.2996613995
0.2917607223
0.2393905192
0.2775959368
0.2996613995
0.3406320542
0.2903498871
0.3072234763
0.3244920993
0.2793453725
0.2965575621
0.3006772009
0.2838036117
0.3230812641
0.3003386005
0.2607223476
0.2349322799
0.2414785553
0.2931151242
0.3296275395
0.4663656885
0.4677765237
0.3527088036
0.3340857788
0.3754514673
0.3733634312
0.3220654628
0.2827878104
0.2872460497
0.2524830700
0.3547968397
0.3809255079
0.3292889391
0.3151805869
0.2831264108
0.4436230248
0.4388261851
0.3885440181
0.3461625282
0.3671557562
0.3740406321
0.3031038375
0.3368510158
0.3406320542
0.3479119639
0.3137697517
0.4050790068
0.4139954853
0.4050790068
0.3885440181
0.3516930023
0.3251693002
0.2924379233
0.3720090293
0.3186230248
0.3809255079
0.3296275395
0.2783295711
0.2676072235
0.2955417607
0.3017494357
0.2893340858
0.2707110609
0.3045146727
0.3037810384
0.2993227991
0.2896726862
0.3079571106
0.3871331828
0.4119638826
0.3933408578
0.3616817156
0.3795711061
0.3995485327
0.4105530474
0.4360609481
0.3678893905
0.3678893905
0.3713318284
0.3988713318
0.3720090293
0.4615688488
0.3885440181
0.4284988713
0.4980812641
0.5400677201
0.5269751693
0.5269751693
0.4918735892
0.4374153499
0.4973476298
0.5056433409
0.5022009029
0.4512415350
0.4787810384
0.4781038375
0.4725733634
0.4918735892
0.4925507901
0.4843115124
0.5001128668
0.4636004515
0.4546839729
0.5104401806
0.4801354402
0.4539503386
0.4553611738
0.4270880361
0.4036681716
0.3816591422
0.3733634312
0.4877539503
0.4698081264
0.4450338600
0.3947516930
0.4381489842
0.4656884876
0.5008465011
0.5215011287
0.5015237020
0.4904627540
0.4704853273
0.4911963883
0.5256207675
0.5015237020
0.5166478555
0.5545711061
0.4760158014
0.5097629797
0.4519187359
0.3851015801
0.4395033860
0.4539503386
0.4415914221
0.4174379233
0.4174379233
0.4353837472
0.4250564334
0.4098758465
0.4278216704
0.5262979684
0.5998871332
0.5490406321
0.5125282167
0.4773702032
0.5028781038
0.5283860045
0.5215011287
0.5462753950
0.5084085779
0.4098758465
0.4843115124
0.3919864560
0.4966704289
0.4781038375
0.4512415350
0.4622460497
0.4877539503
0.5249435666
0.5572799097
0.5648984199
0.5761851016
0.5993227991
0.5642212190
0.5566027088
0.5462753950
0.5442437923
0.5818284424
0.5857787810
0.5600451467
0.5180586907
0.4367381490
0.6049661400
0.5931151242
0.5366252822
0.5297404063
0.5806997743
0.6032731377
0.5531602709
0.4932279910
0.4773702032
0.4360609481
0.4753386005
0.5524830700
0.4601580135
0.0000000100
0.0000000100
0.0000000100
0.0000000100
0.0000000100
0.0000000100
0.0000000100
0.0000000100
0.0000000100
0.0000000100
0.0000000100
0.0000000100
0.0000000100
0.0000000100
0.0000000100
0.0000000100
0.0000000100
0.0000000100
0.0000000100
0.0000000100
0.0000000100
0.0000000100
0.0000000100
0.0000000100
0.0000000100
0.0000000100
0.0000000100
0.0000000100
0.0000000100
0.0000000100
0.0000000100
0.0000000100
0.0000000100
0.0000000100
0.0000000100
0.0000000100
0.0000000100
0.0000000100
0.0000000100
0.0000000100
0.0000000100
0.0000000100
0.0000000100
0.0000000100
0.0000000100
0.0000000100
0.0000000100
0.0000000100
0.0000000100
0.0000000100
0.0000000100
0.0000000100
0.0000000100
0.0000000100
0.0000000100
0.0000000100
0.0000000100
0.0000000100
0.0000000100
0.0000000100
0.0000000100
0.0000000100
0.0000000100
0.0000000100
0.0000000100
0.0000000100
0.0000000100
0.0000000100
0.0000000100
0.0000000100
0.0000000100
0.0000000100
0.0000000100
0.0000000100
0.0000000100
0.0000000100
0.0000000100
0.0000000100
0.0000000100
0.0000000100
0.0000000100
0.0000000100
0.0000000100
0.0000000100
0.0000000100
0.0000000100
0.0000000100
0.0000000100
0.0000000100
0.0000000100
0.0000000100
0.0000000100
0.0000000100
0.0000000100
0.0000000100
0.0000000100
0.0000000100
0.0000000100
0.0000000100
0.0000000100
0.0000000100
0.0000000100
0.0000000100
0.0000000100
0.0000000100
0.0000000100
0.0000000100
0.0000000100
0.0000000100
0.0000000100
0.0000000100
0.0000000100
0.0000000100
0.0000000100
0.0000000100
0.0000000100
0.0000000100
0.0000000100
0.0000000100
0.0000000100
0.0000000100
0.0000000100
0.0000000100
0.0000000100
0.0000000100
0.0000000100
0.0000000100
0.0000000100
0.0000000100
0.0000000100
0.0000000100
0.0000000100
0.0000000100
0.0000000100
0.0000000100
0.0000000100
0.0000000100
0.0000000100
0.0000000100
0.0000000100
0.0000000100
0.0000000100
0.0000000100
0.0000000100
0.0000000100
0.0000000100
0.0000000100
0.0000000100
0.0000000100
0.0000000100
0.0000000100
0.0000000100
0.0000000100
0.0000000100
0.0000000100
0.0000000100
0.0000000100
0.0000000100
0.0000000100
0.0000000100
0.0000000100
0.0000000100
0.0000000100
0.0000000100
0.0000000100
0.0000000100
0.0000000100
0.0000000100
0.0000000100
0.0000000100
0.0000000100
0.0000000100
0.0000000100
0.0000000100
0.0000000100
0.0000000100
0.0000000100
0.0000000100
0.0000000100
0.0000000100
0.0000000100
0.0000000100
0.0000000100
0.0000000100
0.0000000100
0.0000000100
0.0000000100
0.0000000100
0.0000000100
0.0000000100
0.0000000100
0.0000000100
0.0000000100
0.0000000100
0.0000000100
0.0000000100
0.0000000100
0.0000000100
0.0000000100
0.0000000100
0.0000000100
0.0000000100
0.0000000100
0.0000000100
0.0000000100
0.0000000100
0.0000000100
0.0000000100
0.0000000100
0.0000000100
0.0000000100
0.0000000100
0.0000000100
0.0000000100
0.0000000100
0.0000000100
0.0000000100
0.0000000100
0.0000000100
0.0000000100
0.0000000100
0.0000000100
0.0000000100
0.0000000100
0.0000000100
0.0000000100
0.0000000100
0.0000000100
0.0000000100
0.0000000100
0.0000000100
0.0000000100
0.0000000100
0.0000000100
0.0000000100
0.0000000100
0.0000000100
0.0000000100
0.0000000100
0.0000000100
0.0000000100
0.0000000100
0.0000000100
0.0000000100
0.0000000100
0.0000000100
0.0000000100
0.0000000100
0.0000000100
0.0000000100
0.0000000100
0.0000000100
0.0000000100
0.0000000100
0.0000000100
0.0000000100
0.0000000100
0.0000000100
0.0000000100
0.0000000100
0.0000000100
0.0000000100
0.0000000100
0.0000000100
0.0000000100
0.0000000100
0.0000000100
0.0000000100
0.0000000100
0.0000000100
0.0000000100
0.0000000100
0.0000000100
0.0000000100
0.0000000100
0.0000000100
0.0000000100
0.0000000100
0.0000000100
0.0000000100
0.0000000100
0.0000000100
0.0000000100
0.0000000100
0.0000000100
0.0000000100
0.0000000100
0.0000000100
0.0000000100
0.0000000100
0.0000000100
0.0000000100
0.0000000100
0.0000000100
0.0000000100
0.0000000100
0.0000000100
0.0000000100
0.0000000100
0.0000000100
0.0000000100
0.0000000100
0.0000000100
0.0000000100
0.0000000100
0.0000000100
0.0000000100
0.0000000100
0.0000000100
0.0000000100
0.0000000100
0.0000000100
0.0000000100
0.0000000100
0.0000000100
0.0000000100
0.0000000100
0.0000000100
0.0000000100
0.0000000100
0.0000000100
0.0000000100
0.0000000100
0.0000000100
0.0000000100
0.0000000100
0.0000000100
0.0000000100
0.0000000100
0.0000000100
0.0000000100
0.0000000100
0.0000000100
0.0000000100
0.0000000100
0.0000000100
0.0000000100
0.0000000100
0.0000000100
0.0000000100
0.0000000100
0.0000000100
0.0000000100
0.0000000100
0.0000000100
0.0000000100
0.0000000100
0.0000000100
0.0000000100
0.0000000100
0.0000000100
0.0000000100
0.0000000100
0.0000000100
0.0000000100
0.0000000100
0.0000000100
0.0000000100
0.0000000100
0.0000000100
0.0000000100
0.0000000100
0.0000000100
0.0000000100
0.0000000100
0.0000000100
0.0000000100
0.0000000100
