0.3648000000
0.3612800000
0.3529600000
0.3617600000
0.3764800000
0.3676800000
0.3784000000
0.3627200000
0.3603200000
0.3603200000
0.3588800000
0.3657600000
0.3833600000
0.3667200000
0.3534400000
0.3686400000
0.3643200000
0.3633600000
0.3622400000
0.3705600000
0.3750400000
0.3705600000
0.3808000000
0.3672000000
0.3667200000
0.3569600000
0.3667200000
0.3886400000
0.3652800000
0.3681600000
0.3740800000
0.3788800000
0.3662400000
0.3584000000
0.3676800000
0.3603200000
0.3633600000
0.3817600000
0.3852800000
0.3872000000
0.3710400000
0.3638400000
0.3700800000
0.3764800000
0.3784000000
0.3579200000
0.3736000000
0.3633600000
0.3652800000
0.3715200000
0.3798400000
0.3617600000
0.3534400000
0.3652800000
0.3603200000
0.3686400000
0.3520000000
0.3672000000
0.3700800000
0.3676800000
0.3617600000
0.3643200000
0.3643200000
0.3617600000
0.3667200000
0.3724800000
0.3896000000
0.3764800000
0.3696000000
0.3724800000
0.3648000000
0.3510400000
0.3555200000
0.3441600000
0.3705600000
0.3579200000
0.3740800000
0.3843200000
0.3662400000
0.3740800000
0.3593600000
0.3452800000
0.3472000000
0.3520000000
0.3731200000
0.3715200000
0.3515200000
0.3364800000
0.3824000000
0.3926400000
0.3979200000
0.3603200000
0.3643200000
0.3643200000
0.3760000000
0.3788800000
0.3584000000
0.3720000000
0.3638400000
0.3672000000
0.3715200000
0.3788800000
0.3686400000
0.3584000000
0.3612800000
0.3662400000
0.3745600000
0.3779200000
0.3710400000
0.3769600000
0.3617600000
0.3769600000
0.3662400000
0.3510400000
0.3574400000
0.3648000000
0.3764800000
0.3760000000
0.3745600000
0.3681600000
0.3496000000
0.3633600000
0.3603200000
0.3612800000
0.3740800000
0.3720000000
0.3910400000
0.3676800000
0.3740800000
0.3833600000
0.3862400000
0.3720000000
0.3779200000
0.3779200000
0.3593600000
0.3472000000
0.3622400000
0.3560000000
0.3622400000
0.3700800000
0.3705600000
0.3691200000
0.3608000000
0.3612800000
0.3579200000
0.3534400000
0.3715200000
0.3603200000
0.3574400000
0.3560000000
0.3545600000
0.3550400000
0.3579200000
0.3510400000
0.3862400000
0.3691200000
0.3622400000
0.3643200000
0.3667200000
0.3705600000
0.3808000000
0.3731200000
0.3731200000
0.3662400000
0.3667200000
0.3617600000
0.3696000000
0.3505600000
0.3691200000
0.3760000000
0.3574400000
0.3676800000
0.3715200000
0.3705600000
0.3520000000
0.3588800000
0.3350400000
0.3436800000
0.3510400000
0.3448000000
0.3603200000
0.3696000000
0.3824000000
0.3705600000
0.3843200000
0.3652800000
0.3534400000
0.3481600000
0.3534400000
0.3622400000
0.3534400000
0.3515200000
0.3534400000
0.3603200000
0.3550400000
0.3545600000
0.3579200000
0.3467200000
0.3496000000
0.3520000000
0.3724800000
0.3793600000
0.3520000000
0.3520000000
0.3720000000
0.3608000000
0.3608000000
0.3643200000
0.3603200000
0.3505600000
0.3481600000
0.3510400000
0.3515200000
0.3441600000
0.3643200000
0.3555200000
0.3579200000
0.3569600000
0.3515200000
0.3545600000
0.3824000000
0.3724800000
0.3848000000
0.3705600000
0.3593600000
0.3448000000
0.3638400000
0.3638400000
0.3715200000
0.3769600000
0.3720000000
0.3838400000
0.3838400000
0.3779200000
0.3612800000
0.3524800000
0.3612800000
0.3657600000
0.3520000000
0.3574400000
0.3769600000
0.3667200000
0.3617600000
0.3633600000
0.3550400000
0.3769600000
0.3926400000
0.3852800000
0.3603200000
0.3736000000
0.3731200000
0.3745600000
0.3886400000
0.3984000000
0.3824000000
0.3736000000
0.3891200000
0.3828800000
0.3731200000
0.3803200000
0.3672000000
0.3579200000
0.3529600000
0.3472000000
0.3584000000
0.3593600000
0.3588800000
0.3643200000
0.4024000000
0.3964800000
0.3876800000
0.3529600000
0.3540800000
0.3676800000
0.3579200000
0.3848000000
0.3833600000
0.3808000000
0.3598400000
0.3715200000
0.3774400000
0.3603200000
0.3700800000
0.3798400000
0.3476800000
0.3622400000
0.3848000000
0.3622400000
0.3876800000
0.3705600000
0.3833600000
0.3710400000
0.3720000000
0.3848000000
0.3467200000
0.3798400000
0.3643200000
0.3560000000
0.3681600000
0.3969600000
0.3750400000
0.3696000000
0.3760000000
0.3588800000
0.3667200000
0.3720000000
0.3529600000
0.3696000000
0.3427200000
0.3779200000
0.3817600000
0.3848000000
0.3798400000
0.3843200000
0.3545600000
0.3500800000
0.3652800000
0.3720000000
0.3593600000
0.3779200000
0.3574400000
0.3705600000
0.3686400000
0.3691200000
0.3764800000
0.3388800000
0.3550400000
0.3667200000
0.3736000000
0.3622400000
0.3750400000
0.3764800000
0.3876800000
0.3750400000
0.3603200000
0.3667200000
0.3672000000
0.3612800000
0.3750400000
0.3486400000
0.3540800000
0.3652800000
0.3588800000
0.3500800000
0.3676800000
0.3779200000
0.3603200000
0.3657600000
0.3750400000
0.3691200000
0.4193600000
0.3745600000
0.3736000000
0.3681600000
0.3740800000
0.3633600000
0.3564800000
0.3622400000
0.3408000000
0.3788800000
0.3691200000
0.3736000000
0.3779200000
0.3710400000
0.3779200000
0.3784000000
0.3720000000
0.3700800000
0.3696000000
0.3891200000
0.3926400000
0.3828800000
0.3603200000
0.3560000000
0.3838400000
0.3667200000
0.3705600000
0.3676800000
0.3715200000
0.3633600000
0.3828800000
0.3569600000
0.3657600000
0.3564800000
0.3579200000
0.3672000000
0.3700800000
0.3969600000
0.3740800000
0.3736000000
0.3545600000
0.3467200000
0.3931200000
0.3843200000
0.3622400000
0.3603200000
0.3436800000
0.3467200000
0.3686400000
0.3555200000
0.3550400000
0.3510400000
0.3896000000
0.3617600000
0.3432000000
0.3736000000
0.3736000000
0.3579200000
0.3736000000
0.3793600000
0.3579200000
0.3764800000
0.3515200000
0.3520000000
0.3667200000
0.3472000000
0.3560000000
0.3867200000
0.3627200000
0.3652800000
0.3633600000
0.3676800000
0.3736000000
0.3696000000
0.3760000000
0.3467200000
0.3564800000
0.3652800000
0.3808000000
0.3774400000
0.3672000000
0.3803200000
0.3593600000
0.3638400000
0.3812800000
0.3979200000
0.3736000000
0.3881600000
0.3764800000
0.3910400000
0.3652800000
0.3643200000
0.3524800000
0.3545600000
0.3550400000
0.3452800000
0.3505600000
0.3622400000
0.3691200000
0.3715200000
0.3691200000
0.3696000000
0.3627200000
0.3657600000
0.3696000000
0.3462400000
0.3545600000
0.3720000000
0.3608000000
0.3564800000
0.3588800000
0.3457600000
0.3643200000
0.3510400000
0.3608000000
0.3491200000
0.3731200000
0.3700800000
0.3579200000
0.3505600000
0.3510400000
0.3638400000
0.3691200000
0.3745600000
0.3779200000
0.3745600000
0.3676800000
0.3696000000
0.3545600000
0.3676800000
0.3648000000
0.3520000000
0.3364800000
0.3496000000
0.3574400000
0.3638400000
0.3588800000
0.3603200000
0.3681600000
0.3710400000
0.3652800000
0.3481600000
0.3681600000
0.3584000000
0.3696000000
0.3579200000
0.3652800000
0.3617600000
0.3657600000
0.3545600000
0.3598400000
0.3667200000
0.0000000100
0.0000000100
0.0000000100
0.0000000100
0.0000000100
0.0000000100
0.0000000100
0.0000000100
0.0000000100
0.0000000100
0.0000000100
0.0000000100
0.0000000100
0.0000000100
0.0000000100
0.0000000100
0.0000000100
0.0000000100
0.0000000100
0.0000000100
0.0000000100
0.0000000100
0.0000000100
0.0000000100
0.0000000100
0.0000000100
0.0000000100
0.0000000100
0.0000000100
0.0000000100
0.0000000100
0.0000000100
0.0000000100
0.0000000100
0.0000000100
0.0000000100
0.0000000100
0.0000000100
0.0000000100
0.0000000100
0.0000000100
0.0000000100
0.0000000100
0.0000000100
0.0000000100
0.0000000100
0.0000000100
0.0000000100
0.0000000100
0.0000000100
0.0000000100
0.0000000100
0.0000000100
0.0000000100
0.0000000100
0.0000000100
0.0000000100
0.0000000100
0.0000000100
0.0000000100
0.0000000100
0.0000000100
0.0000000100
0.0000000100
0.0000000100
0.0000000100
0.0000000100
0.0000000100
0.0000000100
0.0000000100
0.0000000100
0.0000000100
0.0000000100
0.0000000100
0.0000000100
0.0000000100
0.0000000100
0.0000000100
0.0000000100
0.0000000100
0.0000000100
0.0000000100
0.0000000100
0.0000000100
0.0000000100
0.0000000100
0.0000000100
0.0000000100
0.0000000100
0.0000000100
0.0000000100
0.0000000100
0.0000000100
0.0000000100
0.0000000100
0.0000000100
0.0000000100
0.0000000100
0.0000000100
0.0000000100
0.0000000100
0.0000000100
0.0000000100
0.0000000100
0.0000000100
0.0000000100
0.0000000100
0.0000000100
0.0000000100
0.0000000100
0.0000000100
0.0000000100
0.0000000100
0.0000000100
0.0000000100
0.0000000100
0.0000000100
0.0000000100
0.0000000100
0.0000000100
0.0000000100
0.0000000100
0.0000000100
0.0000000100
0.0000000100
0.0000000100
0.0000000100
0.0000000100
0.0000000100
0.0000000100
0.0000000100
0.0000000100
0.0000000100
0.0000000100
0.0000000100
0.0000000100
0.0000000100
0.0000000100
0.0000000100
0.0000000100
0.0000000100
0.0000000100
0.0000000100
0.0000000100
0.0000000100
0.0000000100
0.0000000100
0.0000000100
0.0000000100
0.0000000100
0.0000000100
0.0000000100
0.0000000100
0.0000000100
0.0000000100
0.0000000100
0.0000000100
0.0000000100
0.0000000100
0.0000000100
0.0000000100
0.0000000100
0.0000000100
0.0000000100
0.0000000100
0.0000000100
0.0000000100
0.0000000100
0.0000000100
0.0000000100
0.0000000100
0.0000000100
0.0000000100
0.0000000100
0.0000000100
0.0000000100
0.0000000100
0.0000000100
0.0000000100
0.0000000100
0.0000000100
0.0000000100
0.0000000100
0.0000000100
0.0000000100
0.0000000100
0.0000000100
0.0000000100
0.0000000100
0.0000000100
0.0000000100
0.0000000100
0.0000000100
0.0000000100
0.0000000100
0.0000000100
0.0000000100
0.0000000100
0.0000000100
0.0000000100
0.0000000100
0.0000000100
0.0000000100
0.0000000100
0.0000000100
0.0000000100
0.0000000100
0.0000000100
0.0000000100
0.0000000100
0.0000000100
0.0000000100
0.0000000100
0.0000000100
0.0000000100
0.0000000100
0.0000000100
0.0000000100
0.0000000100
0.0000000100
0.0000000100
0.0000000100
0.0000000100
0.0000000100
0.0000000100
0.0000000100
0.0000000100
0.0000000100
0.0000000100
0.0000000100
0.0000000100
0.0000000100
0.0000000100
0.0000000100
0.0000000100
0.0000000100
0.0000000100
0.0000000100
0.0000000100
0.0000000100
0.0000000100
0.0000000100
0.0000000100
0.0000000100
0.0000000100
0.0000000100
0.0000000100
0.0000000100
0.0000000100
0.0000000100
0.0000000100
0.0000000100
0.0000000100
0.0000000100
0.0000000100
0.0000000100
0.0000000100
0.0000000100
0.0000000100
0.0000000100
0.0000000100
0.0000000100
0.0000000100
0.0000000100
0.0000000100
0.0000000100
0.0000000100
0.0000000100
0.0000000100
0.0000000100
0.0000000100
0.0000000100
0.0000000100
0.0000000100
0.0000000100
0.0000000100
0.0000000100
0.0000000100
0.0000000100
0.0000000100
0.0000000100
0.0000000100
0.0000000100
0.0000000100
0.0000000100
0.0000000100
0.0000000100
0.0000000100
0.0000000100
0.0000000100
0.0000000100
0.0000000100
0.0000000100
0.0000000100
0.0000000100
0.0000000100
0.0000000100
0.0000000100
0.0000000100
0.0000000100
0.0000000100
0.0000000100
0.0000000100
0.0000000100
0.0000000100
0.0000000100
0.0000000100
0.0000000100
0.0000000100
0.0000000100
0.0000000100
0.0000000100
0.0000000100
0.0000000100
0.0000000100
0.0000000100
0.0000000100
0.0000000100
0.0000000100
0.0000000100
0.0000000100
0.0000000100
0.0000000100
0.0000000100
0.0000000100
0.0000000100
0.0000000100
0.0000000100
0.0000000100
0.0000000100
0.0000000100
0.0000000100
0.0000000100
0.0000000100
0.0000000100
0.0000000100
0.0000000100
0.0000000100
0.0000000100
0.0000000100
0.0000000100
0.0000000100
0.0000000100
0.0000000100
0.0000000100
0.0000000100
0.0000000100
0.0000000100
0.0000000100
0.0000000100
0.0000000100
0.0000000100
0.0000000100
0.0000000100
0.0000000100
0.0000000100
0.0000000100
0.0000000100
0.0000000100
0.0000000100
0.0000000100
0.0000000100
0.0000000100
0.0000000100
0.0000000100
0.0000000100
0.0000000100
0.0000000100
