0.9915172855
0.9659090909
0.9524647887
0.9194942382
0.9683098592
0.9134122919
0.9609475032
0.9451024328
0.9145326504
0.8986875800
0.9366197183
0.9036491677
0.9231754161
0.9340588988
0.9598271447
0.9964788732
0.9732714469
0.9414212548
0.9622279129
0.9255761844
0.9743918054
0.9255761844
1.0000000000
0.9951984635
1.0000000000
0.9194942382
0.9964788732
0.9242957746
0.9366197183
0.8986875800
0.9060499360
0.9170934699
1.0000000000
0.9841549296
1.0000000000
0.9670294494
1.0000000000
0.9548655570
0.9707106274
0.9743918054
1.0000000000
0.9854353393
1.0000000000
1.0000000000
0.9939180538
0.9403008963
0.9793533931
0.9182138284
0.9635083227
0.9218950064
0.9439820743
0.9194942382
0.9475032010
0.9242957746
0.9659090909
0.9134122919
0.9463828425
0.8913252241
0.9988796415
0.9756722151
0.9793533931
0.9279769526
0.9867157490
0.8804417414
0.9194942382
0.9487836108
0.9659090909
1.0000000000
1.0000000000
0.9743918054
1.0000000000
0.9854353393
0.9891165173
0.9487836108
0.9793533931
0.9548655570
0.9951984635
0.9854353393
0.9769526248
0.9170934699
1.0000000000
1.0000000000
1.0000000000
1.0000000000
0.8156209987
0.7351152369
0.8474711908
0.8023367478
0.8095390525
0.7583226633
0.8120998720
0.8706786172
0.8852432778
0.8181818182
0.8841229193
0.7728873239
0.8425096031
0.7203905250
0.7717669654
0.7045454545
0.7351152369
0.6630921895
0.7351152369
0.6789372599
0.7277528809
0.7069462228
0.7021446863
0.6813380282
0.7533610755
0.6874199744
0.7229513444
0.7314340589
0.6971830986
0.6533290653
0.7363956466
0.6520486556
0.7069462228
0.6410051216
0.6728553137
0.6496478873
0.6947823303
0.6312419974
0.6691741357
0.6557298335
0.7155889885
0.6678937260
0.7240717029
0.6570102433
0.7095070423
0.6715749040
0.7167093470
0.6715749040
0.7387964149
0.6960627401
0.7533610755
0.7741677337
0.8108194622
0.7496798976
0.8145006402
0.7631241997
0.8413892446
0.7986555698
0.8841229193
0.8633162612
0.9182138284
0.8377080666
0.9279769526
0.8413892446
0.9279769526
0.8950064020
0.9646286812
0.9561459667
0.9769526248
0.8218629962
0.9073303457
0.8316261204
0.8986875800
0.8717989757
0.9218950064
0.8364276569
0.9231754161
0.8425096031
0.9047695262
0.8657170294
0.9047695262
0.8657170294
0.9439820743
0.8938860435
0.9366197183
0.8609154930
0.9487836108
0.8023367478
0.9084507042
0.8950064020
0.9158130602
0.8865236876
0.9329385403
0.9451024328
0.9817541613
0.9683098592
0.9646286812
0.9097311140
0.9524647887
0.9268565941
0.9110115237
0.8364276569
0.7997759283
0.7741677337
0.8242637644
0.7802496799
0.7704865557
0.7997759283
0.7472791293
0.7900128041
0.8023367478
0.7533610755
0.8353072983
0.8522727273
0.8548335467
0.8353072983
0.8780409731
0.8034571063
0.8413892446
0.8583546735
0.8169014085
0.8303457106
0.8889244558
0.8181818182
0.8669974392
0.8084186940
0.8145006402
0.8340268886
0.8633162612
0.7960947503
0.8583546735
0.8253841229
0.8353072983
0.8730793854
0.8340268886
0.8303457106
0.8889244558
0.8279449424
0.8461907810
0.9134122919
0.8950064020
0.8633162612
0.8889244558
0.8279449424
0.7533610755
0.7424775928
0.7167093470
0.8364276569
0.8743597951
0.8095390525
0.8804417414
0.8706786172
0.8962868118
0.9366197183
0.9353393086
0.8986875800
0.9242957746
0.8645966709
0.9377400768
0.9305377721
0.9915172855
0.9732714469
1.0000000000
1.0000000000
1.0000000000
0.9891165173
0.9635083227
0.9585467350
0.9841549296
0.9366197183
0.9804737516
1.0000000000
0.9988796415
1.0000000000
1.0000000000
1.0000000000
1.0000000000
1.0000000000
0.9695902689
0.9878361076
1.0000000000
0.9743918054
1.0000000000
1.0000000000
1.0000000000
1.0000000000
1.0000000000
0.9719910371
0.9635083227
1.0000000000
1.0000000000
1.0000000000
1.0000000000
0.9964788732
0.9988796415
1.0000000000
0.9878361076
1.0000000000
1.0000000000
1.0000000000
1.0000000000
1.0000000000
0.9756722151
1.0000000000
1.0000000000
0.9707106274
1.0000000000
0.9878361076
1.0000000000
0.9572663252
0.9305377721
0.9097311140
0.9268565941
1.0000000000
1.0000000000
0.9659090909
1.0000000000
1.0000000000
1.0000000000
1.0000000000
1.0000000000
1.0000000000
1.0000000000
1.0000000000
1.0000000000
1.0000000000
1.0000000000
0.9854353393
1.0000000000
0.9487836108
0.9817541613
1.0000000000
1.0000000000
0.9951984635
1.0000000000
0.9939180538
1.0000000000
1.0000000000
1.0000000000
1.0000000000
1.0000000000
1.0000000000
1.0000000000
1.0000000000
1.0000000000
0.9975992318
1.0000000000
1.0000000000
1.0000000000
1.0000000000
1.0000000000
1.0000000000
1.0000000000
1.0000000000
1.0000000000
1.0000000000
1.0000000000
1.0000000000
1.0000000000
0.9572663252
1.0000000000
1.0000000000
1.0000000000
1.0000000000
1.0000000000
1.0000000000
1.0000000000
1.0000000000
1.0000000000
1.0000000000
1.0000000000
1.0000000000
1.0000000000
0.9170934699
0.8730793854
0.7949743918
0.8084186940
0.8169014085
0.7997759283
0.7839308579
0.8511523688
0.7559218950
0.7900128041
0.7704865557
0.7167093470
0.7106274008
0.6899807939
0.6850192061
0.6704545455
0.5409731114
0.6837387964
0.6533290653
0.7155889885
0.7240717029
0.7277528809
0.6362035851
0.6997439181
0.6789372599
0.6136363636
0.6338028169
0.6129961588
0.5982714469
0.6301216389
0.5782650448
0.6190781050
0.6349231754
0.6288412292
0.6483674776
0.6386043534
0.6013124200
0.6581306018
0.5817861716
0.6483674776
0.6752560819
0.6325224072
0.5915492958
0.6173175416
0.5965108835
0.6874199744
0.6093149808
0.6123559539
0.6435659411
0.6606914213
0.6325224072
0.6802176697
0.5947503201
0.6472471191
0.6496478873
0.7216709347
0.7058258643
0.6581306018
0.6227592830
0.7448783611
0.6887003841
0.7351152369
0.7167093470
0.7754481434
0.7192701665
0.7143085787
0.6459667093
0.7216709347
0.7131882202
0.7203905250
0.7143085787
0.7680857875
0.7668053777
0.7680857875
0.7314340589
0.7876120359
0.7704865557
0.8084186940
0.7570422535
0.8450704225
0.7644046095
0.7852112676
0.7448783611
0.7924135723
0.7693661972
0.8450704225
0.7912932138
0.8218629962
0.7876120359
0.8218629962
0.7570422535
0.8229833547
0.7986555698
0.8145006402
0.7960947503
0.8205825864
0.8095390525
0.8290653009
0.8327464789
0.8583546735
0.8461907810
0.8681177977
0.8108194622
0.7791293214
0.8242637644
0.8730793854
0.8242637644
0.9218950064
0.9023687580
0.8559539052
0.8548335467
0.8804417414
0.8522727273
0.9047695262
0.8498719590
0.8986875800
0.8913252241
0.8828425096
0.8461907810
0.8865236876
0.8706786172
0.8962868118
0.9036491677
0.9255761844
0.8498719590
0.8975672215
0.8913252241
0.8926056338
0.8474711908
0.8633162612
0.8340268886
0.8327464789
0.8327464789
0.8657170294
0.8596350832
0.8743597951
0.8425096031
0.8548335467
0.8522727273
0.8743597951
0.8791613316
0.8633162612
0.8485915493
0.8559539052
0.8780409731
0.0000000100
0.0000000100
0.0000000100
0.0000000100
0.0000000100
0.0000000100
0.0000000100
0.0000000100
0.0000000100
0.0000000100
0.0000000100
0.0000000100
0.0000000100
0.0000000100
0.0000000100
0.0000000100
0.0000000100
0.0000000100
0.0000000100
0.0000000100
0.0000000100
0.0000000100
0.0000000100
0.0000000100
0.0000000100
0.0000000100
0.0000000100
0.0000000100
0.0000000100
0.0000000100
0.0000000100
0.0000000100
0.0000000100
0.0000000100
0.0000000100
0.0000000100
0.0000000100
0.0000000100
0.0000000100
0.0000000100
0.0000000100
0.0000000100
0.0000000100
0.0000000100
0.0000000100
0.0000000100
0.0000000100
0.0000000100
0.0000000100
0.0000000100
0.0000000100
0.0000000100
0.0000000100
0.0000000100
0.0000000100
0.0000000100
0.0000000100
0.0000000100
0.0000000100
0.0000000100
0.0000000100
0.0000000100
0.0000000100
0.0000000100
0.0000000100
0.0000000100
0.0000000100
0.0000000100
0.0000000100
0.0000000100
0.0000000100
0.0000000100
0.0000000100
0.0000000100
0.0000000100
0.0000000100
0.0000000100
0.0000000100
0.0000000100
0.0000000100
0.0000000100
0.0000000100
0.0000000100
0.0000000100
0.0000000100
0.0000000100
0.0000000100
0.0000000100
0.0000000100
0.0000000100
0.0000000100
0.0000000100
0.0000000100
0.0000000100
0.0000000100
0.0000000100
0.0000000100
0.0000000100
0.0000000100
0.0000000100
0.0000000100
0.0000000100
0.0000000100
0.0000000100
0.0000000100
0.0000000100
0.0000000100
0.0000000100
0.0000000100
0.0000000100
0.0000000100
0.0000000100
0.0000000100
0.0000000100
0.0000000100
0.0000000100
0.0000000100
0.0000000100
0.0000000100
0.0000000100
0.0000000100
0.0000000100
0.0000000100
0.0000000100
0.0000000100
0.0000000100
0.0000000100
0.0000000100
0.0000000100
0.0000000100
0.0000000100
0.0000000100
0.0000000100
0.0000000100
0.0000000100
0.0000000100
0.0000000100
0.0000000100
0.0000000100
0.0000000100
0.0000000100
0.0000000100
0.0000000100
0.0000000100
0.0000000100
0.0000000100
0.0000000100
0.0000000100
0.0000000100
0.0000000100
0.0000000100
0.0000000100
0.0000000100
0.0000000100
0.0000000100
0.0000000100
0.0000000100
0.0000000100
0.0000000100
0.0000000100
0.0000000100
0.0000000100
0.0000000100
0.0000000100
0.0000000100
0.0000000100
0.0000000100
0.0000000100
0.0000000100
0.0000000100
0.0000000100
0.0000000100
0.0000000100
0.0000000100
0.0000000100
0.0000000100
0.0000000100
0.0000000100
0.0000000100
0.0000000100
0.0000000100
0.0000000100
0.0000000100
0.0000000100
0.0000000100
0.0000000100
0.0000000100
0.0000000100
0.0000000100
0.0000000100
0.0000000100
0.0000000100
0.0000000100
0.0000000100
0.0000000100
0.0000000100
0.0000000100
0.0000000100
0.0000000100
0.0000000100
0.0000000100
0.0000000100
0.0000000100
0.0000000100
0.0000000100
0.0000000100
0.0000000100
0.0000000100
0.0000000100
0.0000000100
0.0000000100
0.0000000100
0.0000000100
0.0000000100
0.0000000100
0.0000000100
0.0000000100
0.0000000100
0.0000000100
0.0000000100
0.0000000100
0.0000000100
0.0000000100
0.0000000100
0.0000000100
0.0000000100
0.0000000100
0.0000000100
0.0000000100
0.0000000100
0.0000000100
0.0000000100
0.0000000100
0.0000000100
0.0000000100
0.0000000100
0.0000000100
0.0000000100
0.0000000100
0.0000000100
0.0000000100
0.0000000100
0.0000000100
0.0000000100
0.0000000100
0.0000000100
0.0000000100
0.0000000100
0.0000000100
0.0000000100
0.0000000100
0.0000000100
0.0000000100
0.0000000100
0.0000000100
0.0000000100
0.0000000100
0.0000000100
0.0000000100
0.0000000100
0.0000000100
0.0000000100
0.0000000100
0.0000000100
0.0000000100
0.0000000100
0.0000000100
0.0000000100
0.0000000100
0.0000000100
0.0000000100
0.0000000100
0.0000000100
0.0000000100
0.0000000100
0.0000000100
0.0000000100
0.0000000100
0.0000000100
0.0000000100
0.0000000100
0.0000000100
0.0000000100
0.0000000100
0.0000000100
0.0000000100
0.0000000100
0.0000000100
0.0000000100
0.0000000100
0.0000000100
0.0000000100
0.0000000100
0.0000000100
0.0000000100
0.0000000100
0.0000000100
0.0000000100
0.0000000100
0.0000000100
0.0000000100
0.0000000100
0.0000000100
0.0000000100
0.0000000100
0.0000000100
0.0000000100
0.0000000100
0.0000000100
0.0000000100
0.0000000100
0.0000000100
0.0000000100
0.0000000100
0.0000000100
0.0000000100
0.0000000100
0.0000000100
0.0000000100
0.0000000100
0.0000000100
0.0000000100
0.0000000100
0.0000000100
0.0000000100
0.0000000100
0.0000000100
0.0000000100
0.0000000100
0.0000000100
0.0000000100
0.0000000100
0.0000000100
0.0000000100
0.0000000100
0.0000000100
0.0000000100
0.0000000100
0.0000000100
0.0000000100
0.0000000100
0.0000000100
0.0000000100
0.0000000100
0.0000000100
0.0000000100
0.0000000100
0.0000000100
0.0000000100
0.0000000100
0.0000000100
0.0000000100
0.0000000100
0.0000000100
0.0000000100
0.0000000100
0.0000000100
0.0000000100
0.0000000100
0.0000000100
0.0000000100
0.0000000100
0.0000000100
0.0000000100
0.0000000100
0.0000000100
0.0000000100
0.0000000100
