0.3262400000
0.3329600000
0.3360000000
0.3540800000
0.3334400000
0.3393600000
0.3315200000
0.3320000000
0.3388800000
0.3393600000
0.3529600000
0.3339200000
0.3393600000
0.3364800000
0.3448000000
0.3408000000
0.3432000000
0.3486400000
0.3384000000
0.3417600000
0.3350400000
0.3467200000
0.3462400000
0.3339200000
0.3344000000
0.3344000000
0.3403200000
0.3374400000
0.3432000000
0.3403200000
0.3515200000
0.3398400000
0.3398400000
0.3472000000
0.3379200000
0.3329600000
0.3272000000
0.3300800000
0.3305600000
0.3208000000
0.3350400000
0.3262400000
0.3129600000
0.3158400000
0.3408000000
0.3300800000
0.3134400000
0.3032000000
0.3041600000
0.2968000000
0.3036800000
0.3272000000
0.3081600000
0.3096000000
0.2915200000
0.2832000000
0.2812800000
0.2832000000
0.2744000000
0.2763200000
0.2870400000
0.2772800000
0.2798400000
0.2729600000
0.2734400000
0.2627200000
0.2622400000
0.2612800000
0.2558400000
0.2587200000
0.2492800000
0.2422400000
0.2529600000
0.2456000000
0.2558400000
0.2427200000
0.2470400000
0.2329600000
0.2312000000
0.2252800000
0.2238400000
0.2241600000
0.2150400000
0.2176000000
0.2185600000
0.2196800000
0.2150400000
0.2104000000
0.2089600000
0.2048000000
0.2078400000
0.2171200000
0.2185600000
0.2099200000
0.2112000000
0.2089600000
0.2052800000
0.2052800000
0.2019200000
0.1953600000
0.2056000000
0.2084800000
0.2043200000
0.1996800000
0.1974400000
0.1907200000
0.1916800000
0.1926400000
0.1921600000
0.1897600000
0.1974400000
0.1932800000
0.1982400000
0.1923200000
0.1865600000
0.1972800000
0.1945600000
0.1880000000
0.1923200000
0.1950400000
0.1892800000
0.1944000000
0.1963200000
0.1969600000
0.2088000000
0.2048000000
0.2108800000
0.2275200000
0.2297600000
0.2396800000
0.2478400000
0.2348800000
0.2176000000
0.2211200000
0.2284800000
0.2268800000
0.2297600000
0.2534400000
0.2515200000
0.2494400000
0.2520000000
0.2529600000
0.2587200000
0.2548800000
0.2582400000
0.2627200000
0.2632000000
0.2841600000
0.2836800000
0.2934400000
0.2929600000
0.2905600000
0.2900800000
0.2924800000
0.2920000000
0.2905600000
0.2953600000
0.3017600000
0.3120000000
0.3408000000
0.3393600000
0.3403200000
0.3612800000
0.3622400000
0.3467200000
0.3486400000
0.3550400000
0.3496000000
0.3560000000
0.3755200000
0.3808000000
0.3720000000
0.3731200000
0.3833600000
0.3886400000
0.3926400000
0.3964800000
0.3993600000
0.3910400000
0.3940800000
0.3964800000
0.3945600000
0.3988800000
0.4140800000
0.3881600000
0.3945600000
0.4038400000
0.4052800000
0.4019200000
0.4024000000
0.4091200000
0.4052800000
0.4062400000
0.4131200000
0.4219200000
0.4086400000
0.4238400000
0.4179200000
0.4228800000
0.4390400000
0.4052800000
0.4076800000
0.4160000000
0.4179200000
0.4081600000
0.4096000000
0.4057600000
0.4019200000
0.4057600000
0.4019200000
0.4169600000
0.4126400000
0.4112000000
0.4395200000
0.4512000000
0.4369600000
0.4336000000
0.4257600000
0.4331200000
0.4316800000
0.4369600000
0.4286400000
0.4384000000
0.4379200000
0.4395200000
0.4512000000
0.4614400000
0.4507200000
0.4516800000
0.4448000000
0.4550400000
0.4472000000
0.4433600000
0.4409600000
0.4409600000
0.4507200000
0.4536000000
0.4512000000
0.4648000000
0.4745600000
0.4516800000
0.4574400000
0.4624000000
0.4697600000
0.4502400000
0.4369600000
0.4374400000
0.4364800000
0.4424000000
0.4414400000
0.4404800000
0.4316800000
0.4204800000
0.4100800000
0.4019200000
0.4014400000
0.4369600000
0.4472000000
0.4424000000
0.4428800000
0.4516800000
0.4497600000
0.4448000000
0.4374400000
0.4379200000
0.4316800000
0.4307200000
0.4360000000
0.4316800000
0.4281600000
0.4179200000
0.4112000000
0.4008000000
0.4052800000
0.4369600000
0.4326400000
0.4291200000
0.3998400000
0.4179200000
0.4224000000
0.3998400000
0.3638400000
0.3921600000
0.3627200000
0.3633600000
0.3672000000
0.3715200000
0.3931200000
0.3710400000
0.3998400000
0.4062400000
0.4076800000
0.4043200000
0.3848000000
0.3779200000
0.3676800000
0.3612800000
0.3817600000
0.3793600000
0.3715200000
0.4164800000
0.3838400000
0.3667200000
0.3676800000
0.3988800000
0.4160000000
0.4131200000
0.4057600000
0.3886400000
0.3715200000
0.3648000000
0.3520000000
0.3598400000
0.3564800000
0.3491200000
0.3736000000
0.3603200000
0.3472000000
0.3593600000
0.3560000000
0.3462400000
0.3360000000
0.3412800000
0.3374400000
0.3329600000
0.3329600000
0.3324800000
0.3153600000
0.3217600000
0.3198400000
0.3144000000
0.3193600000
0.3320000000
0.3267200000
0.3291200000
0.3110400000
0.3056000000
0.3060800000
0.3086400000
0.3096000000
0.3012800000
0.2900800000
0.2891200000
0.2822400000
0.2768000000
0.2768000000
0.2744000000
0.2744000000
0.2758400000
0.2748800000
0.2670400000
0.2608000000
0.2582400000
0.2608000000
0.2715200000
0.2510400000
0.2446400000
0.2382400000
0.2414400000
0.2371200000
0.2371200000
0.2275200000
0.2219200000
0.2121600000
0.2209600000
0.2233600000
0.2252800000
0.2257600000
0.2204800000
0.2136000000
0.2150400000
0.2060800000
0.2065600000
0.2224000000
0.2097600000
0.2446400000
0.2083200000
0.2078400000
0.2038400000
0.1992000000
0.2004800000
0.2036800000
0.1884800000
0.1870400000
0.1875200000
0.1888000000
0.1904000000
0.1782400000
0.1872000000
0.1772800000
0.1774400000
0.1860800000
0.1856000000
0.1779200000
0.1852800000
0.1857600000
0.1820800000
0.1825600000
0.1784000000
0.1760000000
0.1779200000
0.1955200000
0.2006400000
0.1872000000
0.1902400000
0.1928000000
0.1945600000
0.1843200000
0.1801600000
0.1872000000
0.1787200000
0.1897600000
0.1907200000
0.1899200000
0.1908800000
0.1990400000
0.1969600000
0.1931200000
0.1977600000
0.1963200000
0.2000000000
0.1992000000
0.2033600000
0.2033600000
0.2124800000
0.2275200000
0.2222400000
0.2294400000
0.2284800000
0.2248000000
0.2438400000
0.2409600000
0.2433600000
0.2438400000
0.2660800000
0.2734400000
0.2793600000
0.2832000000
0.2910400000
0.2934400000
0.2963200000
0.3124800000
0.3144000000
0.3144000000
0.3276800000
0.3267200000
0.3164800000
0.3369600000
0.3384000000
0.3379200000
0.3417600000
0.3422400000
0.3432000000
0.3515200000
0.3510400000
0.3496000000
0.3500800000
0.3545600000
0.3612800000
0.3638400000
0.3720000000
0.3700800000
0.3779200000
0.3760000000
0.3891200000
0.3848000000
0.3910400000
0.3955200000
0.3838400000
0.3900800000
0.3988800000
0.4043200000
0.4019200000
0.4160000000
0.4003200000
0.4038400000
0.4014400000
0.3945600000
0.3891200000
0.3867200000
0.3969600000
0.0000001600
0.3550400000
0.4086400000
0.4057600000
0.3945600000
0.3764800000
0.3364800000
0.3388800000
0.3374400000
0.3457600000
0.3481600000
0.3457600000
0.3520000000
0.3305600000
0.3793600000
0.3534400000
0.3676800000
0.3700800000
0.3662400000
0.3603200000
0.3662400000
0.0000000100
0.0000000100
0.0000000100
0.0000000100
0.0000000100
0.0000000100
0.0000000100
0.0000000100
0.0000000100
0.0000000100
0.0000000100
0.0000000100
0.0000000100
0.0000000100
0.0000000100
0.0000000100
0.0000000100
0.0000000100
0.0000000100
0.0000000100
0.0000000100
0.0000000100
0.0000000100
0.0000000100
0.0000000100
0.0000000100
0.0000000100
0.0000000100
0.0000000100
0.0000000100
0.0000000100
0.0000000100
0.0000000100
0.0000000100
0.0000000100
0.0000000100
0.0000000100
0.0000000100
0.0000000100
0.0000000100
0.0000000100
0.0000000100
0.0000000100
0.0000000100
0.0000000100
0.0000000100
0.0000000100
0.0000000100
0.0000000100
0.0000000100
0.0000000100
0.0000000100
0.0000000100
0.0000000100
0.0000000100
0.0000000100
0.0000000100
0.0000000100
0.0000000100
0.0000000100
0.0000000100
0.0000000100
0.0000000100
0.0000000100
0.0000000100
0.0000000100
0.0000000100
0.0000000100
0.0000000100
0.0000000100
0.0000000100
0.0000000100
0.0000000100
0.0000000100
0.0000000100
0.0000000100
0.0000000100
0.0000000100
0.0000000100
0.0000000100
0.0000000100
0.0000000100
0.0000000100
0.0000000100
0.0000000100
0.0000000100
0.0000000100
0.0000000100
0.0000000100
0.0000000100
0.0000000100
0.0000000100
0.0000000100
0.0000000100
0.0000000100
0.0000000100
0.0000000100
0.0000000100
0.0000000100
0.0000000100
0.0000000100
0.0000000100
0.0000000100
0.0000000100
0.0000000100
0.0000000100
0.0000000100
0.0000000100
0.0000000100
0.0000000100
0.0000000100
0.0000000100
0.0000000100
0.0000000100
0.0000000100
0.0000000100
0.0000000100
0.0000000100
0.0000000100
0.0000000100
0.0000000100
0.0000000100
0.0000000100
0.0000000100
0.0000000100
0.0000000100
0.0000000100
0.0000000100
0.0000000100
0.0000000100
0.0000000100
0.0000000100
0.0000000100
0.0000000100
0.0000000100
0.0000000100
0.0000000100
0.0000000100
0.0000000100
0.0000000100
0.0000000100
0.0000000100
0.0000000100
0.0000000100
0.0000000100
0.0000000100
0.0000000100
0.0000000100
0.0000000100
0.0000000100
0.0000000100
0.0000000100
0.0000000100
0.0000000100
0.0000000100
0.0000000100
0.0000000100
0.0000000100
0.0000000100
0.0000000100
0.0000000100
0.0000000100
0.0000000100
0.0000000100
0.0000000100
0.0000000100
0.0000000100
0.0000000100
0.0000000100
0.0000000100
0.0000000100
0.0000000100
0.0000000100
0.0000000100
0.0000000100
0.0000000100
0.0000000100
0.0000000100
0.0000000100
0.0000000100
0.0000000100
0.0000000100
0.0000000100
0.0000000100
0.0000000100
0.0000000100
0.0000000100
0.0000000100
0.0000000100
0.0000000100
0.0000000100
0.0000000100
0.0000000100
0.0000000100
0.0000000100
0.0000000100
0.0000000100
0.0000000100
0.0000000100
0.0000000100
0.0000000100
0.0000000100
0.0000000100
0.0000000100
0.0000000100
0.0000000100
0.0000000100
0.0000000100
0.0000000100
0.0000000100
0.0000000100
0.0000000100
0.0000000100
0.0000000100
0.0000000100
0.0000000100
0.0000000100
0.0000000100
0.0000000100
0.0000000100
0.0000000100
0.0000000100
0.0000000100
0.0000000100
0.0000000100
0.0000000100
0.0000000100
0.0000000100
0.0000000100
0.0000000100
0.0000000100
0.0000000100
0.0000000100
0.0000000100
0.0000000100
0.0000000100
0.0000000100
0.0000000100
0.0000000100
0.0000000100
0.0000000100
0.0000000100
0.0000000100
0.0000000100
0.0000000100
0.0000000100
0.0000000100
0.0000000100
0.0000000100
0.0000000100
0.0000000100
0.0000000100
0.0000000100
0.0000000100
0.0000000100
0.0000000100
0.0000000100
0.0000000100
0.0000000100
0.0000000100
0.0000000100
0.0000000100
0.0000000100
0.0000000100
0.0000000100
0.0000000100
0.0000000100
0.0000000100
0.0000000100
0.0000000100
0.0000000100
0.0000000100
0.0000000100
0.0000000100
0.0000000100
0.0000000100
0.0000000100
0.0000000100
0.0000000100
0.0000000100
0.0000000100
0.0000000100
0.0000000100
0.0000000100
0.0000000100
0.0000000100
0.0000000100
0.0000000100
0.0000000100
0.0000000100
0.0000000100
0.0000000100
0.0000000100
0.0000000100
0.0000000100
0.0000000100
0.0000000100
0.0000000100
0.0000000100
0.0000000100
0.0000000100
0.0000000100
0.0000000100
0.0000000100
0.0000000100
0.0000000100
0.0000000100
0.0000000100
0.0000000100
0.0000000100
0.0000000100
0.0000000100
0.0000000100
0.0000000100
0.0000000100
0.0000000100
0.0000000100
0.0000000100
0.0000000100
0.0000000100
0.0000000100
0.0000000100
0.0000000100
0.0000000100
0.0000000100
0.0000000100
0.0000000100
0.0000000100
0.0000000100
0.0000000100
0.0000000100
0.0000000100
0.0000000100
0.0000000100
0.0000000100
0.0000000100
0.0000000100
0.0000000100
0.0000000100
0.0000000100
0.0000000100
0.0000000100
0.0000000100
0.0000000100
0.0000000100
0.0000000100
0.0000000100
0.0000000100
0.0000000100
0.0000000100
0.0000000100
0.0000000100
0.0000000100
0.0000000100
0.0000000100
0.0000000100
0.0000000100
0.0000000100
0.0000000100
0.0000000100
0.0000000100
0.0000000100
0.0000000100
0.0000000100
0.0000000100
0.0000000100
0.0000000100
0.0000000100
