0.1735799207
0.1638705416
0.1797886394
0.1548216645
0.1529722589
0.1497357992
0.1550198151
0.1598414795
0.1571994716
0.1644649934
0.1776089828
0.1544253633
0.1723249670
0.1596433289
0.1663143989
0.1659180978
0.1431307794
0.1519815059
0.1477542933
0.1521796565
0.1566050198
0.1558124174
0.1554161162
0.1521796565
0.1529722589
0.1463672391
0.1566050198
0.1598414795
0.1485468956
0.1451122853
0.1394980185
0.1280052840
0.1374504624
0.1354689564
0.1535667107
0.1364597094
0.1268163804
0.1263540291
0.1251651255
0.1171070013
0.1193527081
0.1082562748
0.1015191546
0.1128797886
0.1017173052
0.0982826948
0.0944517834
0.1002642008
0.0948480845
0.0851387054
0.0728533686
0.0745046235
0.0749669749
0.0654095112
0.0662483487
0.0639960370
0.0615785997
0.0581505945
0.0580515192
0.0551321004
0.0492866579
0.0450000000
0.0397093791
0.0350726552
0.0384015852
0.0388507266
0.0353236460
0.0317965654
0.0345178336
0.0274108322
0.0291743725
0.0281704095
0.0248943197
0.0212879789
0.0252443857
0.0222258917
0.0208850727
0.0250198151
0.0254491413
0.0189960370
0.0191215324
0.0194782034
0.0265587847
0.0208124174
0.0226287979
0.0247159841
0.0235601057
0.0240356671
0.0244121532
0.0220937913
0.0176618230
0.0195244386
0.0146169089
0.0186988111
0.0160501982
0.0189233818
0.0168031704
0.0134015852
0.0176354029
0.0117767503
0.0142866579
0.0108322325
0.0102774108
0.0144121532
0.0110105680
0.0156472919
0.0149141347
0.0124702774
0.0112615588
0.0100132100
0.0070937913
0.0106208719
0.0092470277
0.0110501982
0.0106737120
0.0119947160
0.0129788639
0.0119947160
0.0122060766
0.0134544254
0.0116512550
0.0146631440
0.0184940555
0.0138309115
0.0149141347
0.0175891678
0.0147886394
0.0169286658
0.0179656539
0.0160501982
0.0180647292
0.0188441215
0.0183685601
0.0182694848
0.0170805812
0.0203104359
0.0210369881
0.0281175694
0.0233553501
0.0269088507
0.0281704095
0.0272126816
0.0231836196
0.0275627477
0.0251981506
0.0225033025
0.0286723910
0.0319484808
0.0289762219
0.0269088507
0.0332562748
0.0316974901
0.0350726552
0.0364332893
0.0424834875
0.0415257596
0.0410171731
0.0441941876
0.0388507266
0.0491347424
0.0561360634
0.0727873184
0.0715323646
0.0820343461
0.0889696169
0.0908190225
0.0867899604
0.0823645971
0.0984808454
0.0979524439
0.0929326288
0.1074636724
0.1132760898
0.0979524439
0.1072655218
0.1029722589
0.1052179657
0.1163143989
0.1201453104
0.1136723910
0.1195508587
0.1209379128
0.1255614267
0.1297886394
0.1266182299
0.1293923382
0.1241743725
0.1233817701
0.1255614267
0.1253632761
0.1249669749
0.1270145310
0.1366578600
0.1433289300
0.1360634082
0.1374504624
0.1491413474
0.1439233818
0.1523778071
0.1497357992
0.1418758256
0.1414795244
0.1485468956
0.1501981506
0.1533685601
0.1600396301
0.1592470277
0.1665125495
0.1620871863
0.1671070013
0.1657199472
0.1652575958
0.1737780713
0.1832232497
0.1695508587
0.1753632761
0.1846103038
0.1846103038
0.1814398943
0.1882430647
0.1697490092
0.1882430647
0.1882430647
0.1600396301
0.1451122853
0.2793923382
0.4926023778
0.5176354029
0.4974900925
0.5523117569
0.4249009247
0.1876486129
0.1374504624
0.1552179657
0.1287978864
0.1297886394
0.1287978864
0.1423381770
0.1221268164
0.1398943197
0.1289960370
0.1211360634
0.1332232497
0.1280052840
0.1310435931
0.1251651255
0.1376486129
0.1153236460
0.1272126816
0.1406869221
0.1285997358
0.1312417437
0.1301849406
0.1354689564
0.1237780713
0.1318361955
0.1306472919
0.1257595773
0.1299867900
0.1328269485
0.1372523118
0.1352708058
0.1289960370
0.1295904888
0.1243725231
0.1235799207
0.1400924703
0.1159180978
0.1263540291
0.1360634082
0.1358652576
0.1299867900
0.1425363276
0.1217305152
0.1282034346
0.1412813738
0.1285997358
0.1334214003
0.1459048877
0.1570013210
0.1546235139
0.1594451783
0.1509907530
0.1578599736
0.1560105680
0.1505944518
0.1554161162
0.1733817701
0.1692866579
0.1602377807
0.1606340819
0.1463672391
0.1580581242
0.1705416116
0.1737780713
0.1648612946
0.1713342140
0.1757595773
0.1862615588
0.1880449141
0.1838177015
0.1675033025
0.1793923382
0.1838177015
0.1844121532
0.1737780713
0.1717305152
0.1782034346
0.1801849406
0.1618890357
0.1680977543
0.1636723910
0.1578599736
0.1739762219
0.1535667107
0.1566050198
0.1372523118
0.1412813738
0.1477542933
0.1425363276
0.1433289300
0.1326287979
0.1366578600
0.1163143989
0.1314398943
0.1173051519
0.1163143989
0.1251651255
0.1201453104
0.0996697490
0.1128797886
0.1021136063
0.0967635403
0.1013210040
0.0844782034
0.0750990753
0.0838837517
0.0820343461
0.0738441215
0.0760898283
0.0667107001
0.0747688243
0.0677014531
0.0613804491
0.0561360634
0.0536195509
0.0502906209
0.0419286658
0.0408190225
0.0443461030
0.0423778071
0.0398612946
0.0300858653
0.0303368560
0.0284742404
0.0210634082
0.0263077939
0.0266050198
0.0275627477
0.0218956407
0.0175099075
0.0228269485
0.0209114927
0.0212681638
0.0198282695
0.0231836196
0.0214927345
0.0194782034
0.0248414795
0.0189233818
0.0205614267
0.0185667107
0.0204623514
0.0189960370
0.0173381770
0.0165521797
0.0221466314
0.0206869221
0.0191017173
0.0167305152
0.0181439894
0.0189696169
0.0143130779
0.0157463672
0.0188441215
0.0166314399
0.0156472919
0.0140356671
0.0138573316
0.0157727873
0.0123447820
0.0119947160
0.0136789960
0.0112615588
0.0128996037
0.0113540291
0.0097159841
0.0132562748
0.0087714663
0.0009887715
0.0013731836
0.0042140026
0.0070937913
0.0118428005
0.0145640687
0.0132760898
0.0135535007
0.0130779392
0.0091941876
0.0092470277
0.0117767503
0.0141083223
0.0106208719
0.0154425363
0.0158454425
0.0114398943
0.0146169089
0.0170343461
0.0214663144
0.0175099075
0.0178863937
0.0231307794
0.0240356671
0.0183157199
0.0208850727
0.0211162483
0.0228269485
0.0266578600
0.0227542933
0.0260039630
0.0218428005
0.0178863937
0.0236591810
0.0228269485
0.0258520476
0.0293262880
0.0231836196
0.0240885073
0.0274636724
0.0264068692
0.0288243065
0.0236856011
0.0320475561
0.0373381770
0.0352774108
0.0332562748
0.0344187583
0.0411690885
0.0388507266
0.0415257596
0.0386988111
0.0367833554
0.0485270806
0.0487780713
0.0504953765
0.0493857332
0.0443461030
0.0522060766
0.0548282695
0.0598678996
0.0660171731
0.0597622193
0.0574504624
0.0600660502
0.0616776750
0.0612747688
0.0630911493
0.0621862616
0.0662483487
0.0654095112
0.0650066050
0.0617833554
0.0646036988
0.0646036988
0.0697490092
0.0699471598
0.0591611625
0.0651056803
0.0702774108
0.0776750330
0.0659114927
0.0712681638
0.0770805812
0.0822324967
0.0659114927
0.0728533686
0.0770145310
0.0762219287
0.0824306473
0.0783355350
0.0766842801
0.0817040951
0.0711360634
0.0804491413
0.0781373844
0.0861955086
0.0789960370
0.0838837517
0.0814398943
0.0764200793
0.0870541612
0.0893659181
0.0000000100
0.0000000100
0.0000000100
0.0000000100
0.0000000100
0.0000000100
0.0000000100
0.0000000100
0.0000000100
0.0000000100
0.0000000100
0.0000000100
0.0000000100
0.0000000100
0.0000000100
0.0000000100
0.0000000100
0.0000000100
0.0000000100
0.0000000100
0.0000000100
0.0000000100
0.0000000100
0.0000000100
0.0000000100
0.0000000100
0.0000000100
0.0000000100
0.0000000100
0.0000000100
0.0000000100
0.0000000100
0.0000000100
0.0000000100
0.0000000100
0.0000000100
0.0000000100
0.0000000100
0.0000000100
0.0000000100
0.0000000100
0.0000000100
0.0000000100
0.0000000100
0.0000000100
0.0000000100
0.0000000100
0.0000000100
0.0000000100
0.0000000100
0.0000000100
0.0000000100
0.0000000100
0.0000000100
0.0000000100
0.0000000100
0.0000000100
0.0000000100
0.0000000100
0.0000000100
0.0000000100
0.0000000100
0.0000000100
0.0000000100
0.0000000100
0.0000000100
0.0000000100
0.0000000100
0.0000000100
0.0000000100
0.0000000100
0.0000000100
0.0000000100
0.0000000100
0.0000000100
0.0000000100
0.0000000100
0.0000000100
0.0000000100
0.0000000100
0.0000000100
0.0000000100
0.0000000100
0.0000000100
0.0000000100
0.0000000100
0.0000000100
0.0000000100
0.0000000100
0.0000000100
0.0000000100
0.0000000100
0.0000000100
0.0000000100
0.0000000100
0.0000000100
0.0000000100
0.0000000100
0.0000000100
0.0000000100
0.0000000100
0.0000000100
0.0000000100
0.0000000100
0.0000000100
0.0000000100
0.0000000100
0.0000000100
0.0000000100
0.0000000100
0.0000000100
0.0000000100
0.0000000100
0.0000000100
0.0000000100
0.0000000100
0.0000000100
0.0000000100
0.0000000100
0.0000000100
0.0000000100
0.0000000100
0.0000000100
0.0000000100
0.0000000100
0.0000000100
0.0000000100
0.0000000100
0.0000000100
0.0000000100
0.0000000100
0.0000000100
0.0000000100
0.0000000100
0.0000000100
0.0000000100
0.0000000100
0.0000000100
0.0000000100
0.0000000100
0.0000000100
0.0000000100
0.0000000100
0.0000000100
0.0000000100
0.0000000100
0.0000000100
0.0000000100
0.0000000100
0.0000000100
0.0000000100
0.0000000100
0.0000000100
0.0000000100
0.0000000100
0.0000000100
0.0000000100
0.0000000100
0.0000000100
0.0000000100
0.0000000100
0.0000000100
0.0000000100
0.0000000100
0.0000000100
0.0000000100
0.0000000100
0.0000000100
0.0000000100
0.0000000100
0.0000000100
0.0000000100
0.0000000100
0.0000000100
0.0000000100
0.0000000100
0.0000000100
0.0000000100
0.0000000100
0.0000000100
0.0000000100
0.0000000100
0.0000000100
0.0000000100
0.0000000100
0.0000000100
0.0000000100
0.0000000100
0.0000000100
0.0000000100
0.0000000100
0.0000000100
0.0000000100
0.0000000100
0.0000000100
0.0000000100
0.0000000100
0.0000000100
0.0000000100
0.0000000100
0.0000000100
0.0000000100
0.0000000100
0.0000000100
0.0000000100
0.0000000100
0.0000000100
0.0000000100
0.0000000100
0.0000000100
0.0000000100
0.0000000100
0.0000000100
0.0000000100
0.0000000100
0.0000000100
0.0000000100
0.0000000100
0.0000000100
0.0000000100
0.0000000100
0.0000000100
0.0000000100
0.0000000100
0.0000000100
0.0000000100
0.0000000100
0.0000000100
0.0000000100
0.0000000100
0.0000000100
0.0000000100
0.0000000100
0.0000000100
0.0000000100
0.0000000100
0.0000000100
0.0000000100
0.0000000100
0.0000000100
0.0000000100
0.0000000100
0.0000000100
0.0000000100
0.0000000100
0.0000000100
0.0000000100
0.0000000100
0.0000000100
0.0000000100
0.0000000100
0.0000000100
0.0000000100
0.0000000100
0.0000000100
0.0000000100
0.0000000100
0.0000000100
0.0000000100
0.0000000100
0.0000000100
0.0000000100
0.0000000100
0.0000000100
0.0000000100
0.0000000100
0.0000000100
0.0000000100
0.0000000100
0.0000000100
0.0000000100
0.0000000100
0.0000000100
0.0000000100
0.0000000100
0.0000000100
0.0000000100
0.0000000100
0.0000000100
0.0000000100
0.0000000100
0.0000000100
0.0000000100
0.0000000100
0.0000000100
0.0000000100
0.0000000100
0.0000000100
0.0000000100
0.0000000100
0.0000000100
0.0000000100
0.0000000100
0.0000000100
0.0000000100
0.0000000100
0.0000000100
0.0000000100
0.0000000100
0.0000000100
0.0000000100
0.0000000100
0.0000000100
0.0000000100
0.0000000100
0.0000000100
0.0000000100
0.0000000100
0.0000000100
0.0000000100
0.0000000100
0.0000000100
0.0000000100
0.0000000100
0.0000000100
0.0000000100
0.0000000100
0.0000000100
0.0000000100
0.0000000100
0.0000000100
0.0000000100
0.0000000100
0.0000000100
0.0000000100
0.0000000100
0.0000000100
0.0000000100
0.0000000100
0.0000000100
0.0000000100
0.0000000100
0.0000000100
0.0000000100
0.0000000100
0.0000000100
0.0000000100
0.0000000100
0.0000000100
0.0000000100
0.0000000100
0.0000000100
0.0000000100
0.0000000100
0.0000000100
0.0000000100
0.0000000100
0.0000000100
0.0000000100
0.0000000100
0.0000000100
0.0000000100
0.0000000100
0.0000000100
0.0000000100
0.0000000100
0.0000000100
0.0000000100
0.0000000100
0.0000000100
0.0000000100
0.0000000100
0.0000000100
0.0000000100
0.0000000100
0.0000000100
0.0000000100
0.0000000100
