0.0000001777
0.0000001777
0.0000001777
0.0000001777
0.0000001777
0.0658254843
0.0947751910
0.0805402524
0.0000001777
0.0000001777
0.0000001777
0.0000001777
0.0000001777
0.0000001777
0.1445352763
0.1206682069
0.0934245602
0.0000001777
0.0844677448
0.0961258219
0.0866358628
0.0858183757
0.8014928026
0.6724720100
0.5889461525
0.6594988449
0.5955215923
0.5223031811
0.4274035898
0.6724720100
0.5027545762
0.5683312600
0.5672649725
0.5260351875
0.5651323974
0.7049937800
0.5900124400
0.4924471299
0.5997867425
0.6042296073
0.6410165275
0.6291096499
0.5923227297
0.4945797050
0.4876488360
0.4755642438
0.4984894260
0.5191043185
0.5608672472
0.5532255198
0.5064865825
0.4554824951
0.5629998223
0.5450506487
0.5434512173
0.5487826551
0.3253954150
0.3319708548
0.4567264972
0.5466500800
0.4572596410
0.4728985250
0.4631242225
0.4696996623
0.4295361649
0.4723653812
0.4652567976
0.4083881287
0.4366447485
0.4012795451
0.4202950062
0.4609916474
0.3785320775
0.4517504887
0.4485516261
0.3851075173
0.3893726675
0.3753332149
0.3639594811
0.3486760263
0.3915052426
0.3899058113
0.3605829039
0.3069130976
0.4263373023
0.3394348676
0.2994490848
0.4869379776
0.4252710148
0.3470765950
0.2873644926
0.3309045673
0.2783010485
0.3237959837
0.2950062200
0.2841656300
0.3069130976
0.2727918962
0.3205971210
0.3389017238
0.3227296961
0.3367691487
0.3156211125
0.3703572063
0.3806646526
0.4446419051
0.3047805225
0.2923405012
0.3449440199
0.3856406611
0.3454771637
0.3417451573
0.3296605651
0.3346365737
0.3357028612
0.3486760263
0.3655589124
0.3166874000
0.3412120135
0.3872400924
0.3867069486
0.3980806824
0.3172205438
0.3655589124
0.3428114448
0.3508086014
0.3573840412
0.3399680114
0.3182868313
0.3470765950
0.3861738049
0.3698240626
0.3943486760
0.3492091701
0.3150879687
0.4451750489
0.2950062200
0.3444108761
0.3237959837
0.3216634086
0.3015816599
0.3497423138
0.3108228186
0.3758663586
0.3433445886
0.3726674960
0.3124222499
0.3412120135
0.3579171850
0.3264617025
0.3145548250
0.4501510574
0.3595166163
0.3840412298
0.3920383864
0.3547183224
0.3600497601
0.2966056513
0.3790652213
0.5191043185
0.3259285587
0.4956459925
0.5103963035
0.5423849298
0.5038208637
0.5038208637
0.4681002310
0.5526923760
0.5103963035
0.6333748001
0.6573662698
0.6084947574
0.4620579350
0.4967122801
0.5802381376
0.5455837924
0.5471832237
0.4657899414
0.5281677626
0.5249688999
0.5553580949
0.5260351875
0.5413186423
0.6410165275
0.6280433624
0.6769148747
0.6486582548
0.7300515372
0.7712813222
0.7776790474
0.6941531900
0.7126355074
0.8048693798
0.7798116225
0.6161364848
0.6877554647
0.7451572774
0.7343166874
0.6626977075
0.7105029323
0.7277412476
0.7181446597
0.8590723298
0.6962857651
0.7202772348
0.7192109472
0.6399502399
0.6703394349
0.6811800249
0.7343166874
0.6193353474
0.7245423849
0.6410165275
0.6996623423
0.7496001422
0.6671405722
0.5868135774
0.4951128488
0.6280433624
0.6801137373
0.6756708726
0.6594988449
0.7126355074
0.6909543274
0.7776790474
0.8048693798
0.7408921272
0.7398258397
0.7712813222
0.6074284699
0.7332503999
0.8221076950
0.7496001422
0.5923227297
0.5857472899
0.6019193176
0.5759729874
0.7419584148
0.8178425449
0.7245423849
0.7256086725
0.6420828150
0.6594988449
0.7017949174
0.7007286298
0.7158343700
0.7591967301
0.6703394349
0.7245423849
0.6920206149
0.7049937800
0.6399502399
0.6660742847
0.6594988449
0.6539896926
0.6019193176
0.6399502399
0.5923227297
0.6497245424
0.6518571175
0.6182690599
0.6346188022
0.6193353474
0.5976541674
0.6356850897
0.6703394349
0.5868135774
0.6172027723
0.6106273325
0.6356850897
0.6106273325
0.6063621823
0.5878798649
0.6312422250
0.5955215923
0.5727741248
0.5477163675
0.5498489426
0.5395414964
0.5510929447
0.5651323974
0.5493157988
0.5080860139
0.5358094900
0.5265683313
0.5336769149
0.4858716901
0.5038208637
0.5704638351
0.5553580949
0.5516260885
0.5585569575
0.5825484272
0.5791718500
0.6031633197
0.5596232451
0.5693975475
0.5466500800
0.5363426337
0.5781055625
0.5299449085
0.5759729874
0.5825484272
0.5770392749
0.5596232451
0.5987204549
0.5923227297
0.5900124400
0.5749066998
0.5889461525
0.6182690599
0.6204016350
0.5910787276
0.5093300160
0.5868135774
0.5955215923
0.6204016350
0.5717078372
0.6193353474
0.5749066998
0.6225342101
0.6106273325
0.6182690599
0.6019193176
0.5683312600
0.6095610450
0.5836147148
0.5910787276
0.5727741248
0.5574906700
0.5857472899
0.5900124400
0.5629998223
0.5923227297
0.5900124400
0.5336769149
0.5358094900
0.5461169362
0.5553580949
0.5087968722
0.5482495113
0.5336769149
0.5276346188
0.5384752088
0.4967122801
0.5114625911
0.4972454238
0.4723653812
0.4832059712
0.4755642438
0.4810733961
0.4903145548
0.4979562822
0.4842722588
0.4755642438
0.4723653812
0.4377110361
0.4258041585
0.4464190510
0.4414430425
0.4208281500
0.4154967123
0.4234938688
0.4073218411
0.4115869913
0.3920383864
0.3948818198
0.4099875600
0.3845743736
0.3932823885
0.3801315088
0.3888395237
0.3915052426
0.3938155323
0.3845743736
0.3758663586
0.3600497601
0.3811977963
0.3954149636
0.3872400924
0.4023458326
0.3676914875
0.4051892660
0.4229607251
0.3920383864
0.3763995024
0.3737337835
0.3449440199
0.3698240626
0.3611160476
0.3840412298
0.3856406611
0.3851075173
0.3742669273
0.3721343522
0.3714234939
0.3867069486
0.4067886974
0.3460103074
0.3655589124
0.3541851786
0.3811977963
0.3682246312
0.3460103074
0.3470765950
0.3845743736
0.3856406611
0.3909720988
0.3938155323
0.3943486760
0.3660920562
0.3605829039
0.3801315088
0.3822640839
0.3790652213
0.3840412298
0.3726674960
0.3801315088
0.3769326462
0.3611160476
0.3932823885
0.4327350275
0.3915052426
0.3769326462
0.3714234939
0.3758663586
0.3975475387
0.3660920562
0.3573840412
0.3964812511
0.4073218411
0.3970143949
0.3687577750
0.3899058113
0.3795983650
0.3737337835
0.3817309401
0.3785320775
0.3943486760
0.3817309401
0.4366447485
0.4089212724
0.4366447485
0.4625910787
0.4864048338
0.4480184823
0.4691665186
0.5191043185
0.5075528701
0.4913808424
0.5336769149
0.5043540075
0.5693975475
0.5717078372
0.5418517860
0.5287009063
0.5178603163
0.5493157988
0.5878798649
0.6042296073
0.6116936200
0.6259107873
0.6616314199
0.6866891772
0.6552336947
0.6388839524
0.6465256798
0.6539896926
0.6616314199
0.6801137373
0.6420828150
0.7060600675
0.7277412476
0.6648302826
0.6465256798
0.6714057224
0.6084947574
0.5704638351
0.6671405722
0.7169006575
0.7831881998
0.7332503999
0.6237782122
0.7224098098
0.7472898525
0.7591967301
0.7408921272
0.7570641550
0.7332503999
0.6269770748
0.7615070197
0.7419584148
0.7115692198
0.7049937800
0.7300515372
0.7766127599
0.7256086725
0.7266749600
0.7060600675
0.6779811623
0.6843788875
0.7419584148
0.0000000100
0.0000000100
0.0000000100
0.0000000100
0.0000000100
0.0000000100
0.0000000100
0.0000000100
0.0000000100
0.0000000100
0.0000000100
0.0000000100
0.0000000100
0.0000000100
0.0000000100
0.0000000100
0.0000000100
0.0000000100
0.0000000100
0.0000000100
0.0000000100
0.0000000100
0.0000000100
0.0000000100
0.0000000100
0.0000000100
0.0000000100
0.0000000100
0.0000000100
0.0000000100
0.0000000100
0.0000000100
0.0000000100
0.0000000100
0.0000000100
0.0000000100
0.0000000100
0.0000000100
0.0000000100
0.0000000100
0.0000000100
0.0000000100
0.0000000100
0.0000000100
0.0000000100
0.0000000100
0.0000000100
0.0000000100
0.0000000100
0.0000000100
0.0000000100
0.0000000100
0.0000000100
0.0000000100
0.0000000100
0.0000000100
0.0000000100
0.0000000100
0.0000000100
0.0000000100
0.0000000100
0.0000000100
0.0000000100
0.0000000100
0.0000000100
0.0000000100
0.0000000100
0.0000000100
0.0000000100
0.0000000100
0.0000000100
0.0000000100
0.0000000100
0.0000000100
0.0000000100
0.0000000100
0.0000000100
0.0000000100
0.0000000100
0.0000000100
0.0000000100
0.0000000100
0.0000000100
0.0000000100
0.0000000100
0.0000000100
0.0000000100
0.0000000100
0.0000000100
0.0000000100
0.0000000100
0.0000000100
0.0000000100
0.0000000100
0.0000000100
0.0000000100
0.0000000100
0.0000000100
0.0000000100
0.0000000100
0.0000000100
0.0000000100
0.0000000100
0.0000000100
0.0000000100
0.0000000100
0.0000000100
0.0000000100
0.0000000100
0.0000000100
0.0000000100
0.0000000100
0.0000000100
0.0000000100
0.0000000100
0.0000000100
0.0000000100
0.0000000100
0.0000000100
0.0000000100
0.0000000100
0.0000000100
0.0000000100
0.0000000100
0.0000000100
0.0000000100
0.0000000100
0.0000000100
0.0000000100
0.0000000100
0.0000000100
0.0000000100
0.0000000100
0.0000000100
0.0000000100
0.0000000100
0.0000000100
0.0000000100
0.0000000100
0.0000000100
0.0000000100
0.0000000100
0.0000000100
0.0000000100
0.0000000100
0.0000000100
0.0000000100
0.0000000100
0.0000000100
0.0000000100
0.0000000100
0.0000000100
0.0000000100
0.0000000100
0.0000000100
0.0000000100
0.0000000100
0.0000000100
0.0000000100
0.0000000100
0.0000000100
0.0000000100
0.0000000100
0.0000000100
0.0000000100
0.0000000100
0.0000000100
0.0000000100
0.0000000100
0.0000000100
0.0000000100
0.0000000100
0.0000000100
0.0000000100
0.0000000100
0.0000000100
0.0000000100
0.0000000100
0.0000000100
0.0000000100
0.0000000100
0.0000000100
0.0000000100
0.0000000100
0.0000000100
0.0000000100
0.0000000100
0.0000000100
0.0000000100
0.0000000100
0.0000000100
0.0000000100
0.0000000100
0.0000000100
0.0000000100
0.0000000100
0.0000000100
0.0000000100
0.0000000100
0.0000000100
0.0000000100
0.0000000100
0.0000000100
0.0000000100
0.0000000100
0.0000000100
0.0000000100
0.0000000100
0.0000000100
0.0000000100
0.0000000100
0.0000000100
0.0000000100
0.0000000100
0.0000000100
0.0000000100
0.0000000100
0.0000000100
0.0000000100
0.0000000100
0.0000000100
0.0000000100
0.0000000100
0.0000000100
0.0000000100
0.0000000100
0.0000000100
0.0000000100
0.0000000100
0.0000000100
0.0000000100
0.0000000100
0.0000000100
0.0000000100
0.0000000100
0.0000000100
0.0000000100
0.0000000100
0.0000000100
0.0000000100
0.0000000100
0.0000000100
0.0000000100
0.0000000100
0.0000000100
0.0000000100
0.0000000100
0.0000000100
0.0000000100
0.0000000100
0.0000000100
0.0000000100
0.0000000100
0.0000000100
0.0000000100
0.0000000100
0.0000000100
0.0000000100
0.0000000100
0.0000000100
0.0000000100
0.0000000100
0.0000000100
0.0000000100
0.0000000100
0.0000000100
0.0000000100
0.0000000100
0.0000000100
0.0000000100
0.0000000100
0.0000000100
0.0000000100
0.0000000100
0.0000000100
0.0000000100
0.0000000100
0.0000000100
0.0000000100
0.0000000100
0.0000000100
0.0000000100
0.0000000100
0.0000000100
0.0000000100
0.0000000100
0.0000000100
0.0000000100
0.0000000100
0.0000000100
0.0000000100
0.0000000100
0.0000000100
0.0000000100
0.0000000100
0.0000000100
0.0000000100
0.0000000100
0.0000000100
0.0000000100
0.0000000100
0.0000000100
0.0000000100
0.0000000100
0.0000000100
0.0000000100
0.0000000100
0.0000000100
0.0000000100
0.0000000100
0.0000000100
0.0000000100
0.0000000100
0.0000000100
0.0000000100
0.0000000100
0.0000000100
0.0000000100
0.0000000100
0.0000000100
0.0000000100
0.0000000100
0.0000000100
0.0000000100
0.0000000100
0.0000000100
0.0000000100
0.0000000100
0.0000000100
0.0000000100
0.0000000100
0.0000000100
0.0000000100
0.0000000100
0.0000000100
0.0000000100
0.0000000100
0.0000000100
0.0000000100
0.0000000100
0.0000000100
0.0000000100
0.0000000100
0.0000000100
0.0000000100
0.0000000100
0.0000000100
0.0000000100
0.0000000100
0.0000000100
0.0000000100
0.0000000100
0.0000000100
0.0000000100
0.0000000100
0.0000000100
0.0000000100
0.0000000100
0.0000000100
0.0000000100
0.0000000100
0.0000000100
0.0000000100
0.0000000100
0.0000000100
0.0000000100
0.0000000100
0.0000000100
