0.0849600000
0.0878933333
0.0901866667
0.0848000000
0.0818133333
0.0825066667
0.0823466667
0.0816000000
0.0829333333
0.0874133333
0.0857600000
0.0782933333
0.0878933333
0.0831466667
0.0804800000
0.0848000000
0.0801600000
0.0852800000
0.0808000000
0.0804266667
0.0856000000
0.0772266667
0.0826133333
0.0823466667
0.0878933333
0.0785066667
0.0761600000
0.0777066667
0.0790400000
0.0779733333
0.0739733333
0.0696533333
0.0660800000
0.0694400000
0.0756800000
0.0696000000
0.0656000000
0.0669866667
0.0663466667
0.0634666667
0.0660800000
0.0568000000
0.0546666667
0.0570666667
0.0529760000
0.0511893333
0.0480160000
0.0495626667
0.0498880000
0.0414240000
0.0365013333
0.0413386667
0.0378026667
0.0383306667
0.0342613333
0.0336533333
0.0319413333
0.0311680000
0.0277920000
0.0283626667
0.0283200000
0.0236426667
0.0245760000
0.0205280000
0.0225440000
0.0215680000
0.0194506667
0.0207093333
0.0159520000
0.0158506667
0.0141173333
0.0135680000
0.0162986667
0.0154613333
0.0154826667
0.0126933333
0.0128800000
0.0120640000
0.0109653333
0.0106186667
0.0111093333
0.0105173333
0.0126133333
0.0116373333
0.0106186667
0.0123306667
0.0118186667
0.0122293333
0.0104160000
0.0110880000
0.0114346667
0.0101013333
0.0102453333
0.0086453333
0.0081866667
0.0095840000
0.0091680000
0.0081066667
0.0086453333
0.0079840000
0.0060640000
0.0063093333
0.0063466667
0.0081706667
0.0086453333
0.0078613333
0.0096853333
0.0077493333
0.0067946667
0.0047402667
0.0059520000
0.0052288000
0.0053813333
0.0074346667
0.0066026667
0.0061546667
0.0065386667
0.0060853333
0.0063360000
0.0071520000
0.0083306667
0.0076906667
0.0089440000
0.0094080000
0.0104800000
0.0121440000
0.0093066667
0.0096320000
0.0100320000
0.0109866667
0.0102453333
0.0096426667
0.0114933333
0.0105600000
0.0111093333
0.0119200000
0.0111893333
0.0131040000
0.0139573333
0.0145493333
0.0166026667
0.0149546667
0.0152586667
0.0145653333
0.0161546667
0.0167626667
0.0156480000
0.0155626667
0.0154826667
0.0179840000
0.0161760000
0.0209173333
0.0185333333
0.0197760000
0.0229920000
0.0232746667
0.0227840000
0.0202453333
0.0242506667
0.0257173333
0.0301120000
0.0417493333
0.0476906667
0.0485013333
0.0491520000
0.0504533333
0.0560000000
0.0522453333
0.0606400000
0.0504533333
0.0566400000
0.0573866667
0.0592533333
0.0602133333
0.0601600000
0.0612800000
0.0633066667
0.0639466667
0.0718400000
0.0661866667
0.0720000000
0.0668266667
0.0704000000
0.0742400000
0.0704000000
0.0750933333
0.0724266667
0.0732266667
0.0761600000
0.0721066667
0.0767466667
0.0756800000
0.0761600000
0.0753600000
0.0733866667
0.0744533333
0.0760000000
0.0786133333
0.0773333333
0.0804266667
0.0829866667
0.0808000000
0.0818666667
0.0905066667
0.0826133333
0.0829866667
0.0939200000
0.0897066667
0.0960533333
0.0886933333
0.0994666667
0.0974933333
0.0987733333
0.0978133333
0.1013866667
0.0956800000
0.1017066667
0.0979733333
0.1139200000
0.1083733333
0.1085866667
0.1163733333
0.1145600000
0.1080533333
0.0947200000
0.1438933333
0.2344000000
0.2682133333
0.2636800000
0.2685333333
0.2337066667
0.1297066667
0.0841600000
0.0773866667
0.0792000000
0.0758400000
0.0770666667
0.0796800000
0.0712000000
0.0796800000
0.0752000000
0.0740800000
0.0790933333
0.0762666667
0.0740800000
0.0759466667
0.0784533333
0.0747733333
0.0769600000
0.0758400000
0.0754133333
0.0761600000
0.0752533333
0.0761600000
0.0767466667
0.0752533333
0.0772266667
0.0821866667
0.0818133333
0.0763200000
0.0761600000
0.0817066667
0.0814400000
0.0775466667
0.0781866667
0.0756266667
0.0749333333
0.0715200000
0.0803200000
0.0804266667
0.0822933333
0.0844800000
0.0866133333
0.0835200000
0.0808000000
0.0808000000
0.0833066667
0.0802666667
0.0838400000
0.0867733333
0.0866133333
0.0893333333
0.0966933333
0.0950400000
0.0982933333
0.0928000000
0.0932800000
0.1005866667
0.1013866667
0.0993066667
0.0971733333
0.1044800000
0.0978133333
0.0997866667
0.1030400000
0.1061333333
0.1077333333
0.1049600000
0.1075733333
0.1059733333
0.1030400000
0.1054933333
0.1123200000
0.1066133333
0.1074133333
0.1044800000
0.1056533333
0.1051200000
0.1137600000
0.1020266667
0.1018666667
0.0952000000
0.1087466667
0.0962133333
0.0944000000
0.0919466667
0.0872533333
0.0822933333
0.0862400000
0.0874133333
0.0841600000
0.0781866667
0.0729066667
0.0697600000
0.0649600000
0.0699733333
0.0665066667
0.0724266667
0.0629866667
0.0615466667
0.0636266667
0.0629866667
0.0596266667
0.0571200000
0.0555200000
0.0488266667
0.0515146667
0.0461440000
0.0433760000
0.0465493333
0.0415840000
0.0459786667
0.0426453333
0.0385333333
0.0365013333
0.0342613333
0.0310880000
0.0300266667
0.0308853333
0.0272213333
0.0245760000
0.0256746667
0.0229066667
0.0221760000
0.0208106667
0.0165386667
0.0189813333
0.0186773333
0.0164160000
0.0143840000
0.0115573333
0.0161546667
0.0146880000
0.0118826667
0.0112693333
0.0136106667
0.0124906667
0.0141386667
0.0135893333
0.0125546667
0.0142400000
0.0110666667
0.0153813333
0.0131413333
0.0098986667
0.0094826667
0.0112533333
0.0116160000
0.0112693333
0.0098560000
0.0102933333
0.0108426667
0.0101920000
0.0108213333
0.0071093333
0.0097653333
0.0083840000
0.0081066667
0.0068266667
0.0074773333
0.0079466667
0.0092960000
0.0090133333
0.0067520000
0.0081866667
0.0090933333
0.0083093333
0.0077226667
0.0061653333
0.0007120000
0.0006357333
0.0018922667
0.0032245333
0.0069066667
0.0081386667
0.0087200000
0.0088320000
0.0079040000
0.0067146667
0.0060746667
0.0081706667
0.0085546667
0.0084000000
0.0078506667
0.0068373333
0.0074880000
0.0073226667
0.0089600000
0.0111306667
0.0080266667
0.0115360000
0.0111306667
0.0111306667
0.0118613333
0.0095840000
0.0140373333
0.0116586667
0.0145066667
0.0122666667
0.0137920000
0.0144266667
0.0125546667
0.0138933333
0.0148533333
0.0157866667
0.0159733333
0.0131200000
0.0147520000
0.0138346667
0.0160906667
0.0163146667
0.0163573333
0.0198560000
0.0213600000
0.0184746667
0.0187786667
0.0212426667
0.0201226667
0.0238026667
0.0236426667
0.0227840000
0.0225440000
0.0268533333
0.0271786667
0.0273440000
0.0267360000
0.0269760000
0.0281600000
0.0335680000
0.0283626667
0.0304373333
0.0337706667
0.0316960000
0.0347520000
0.0362560000
0.0331200000
0.0349120000
0.0378826667
0.0352800000
0.0367413333
0.0345866667
0.0351573333
0.0396320000
0.0382880000
0.0340160000
0.0371520000
0.0347893333
0.0345066667
0.0379626667
0.0409760000
0.0402026667
0.0396320000
0.0437013333
0.0446773333
0.0384906667
0.0419093333
0.0408533333
0.0421546667
0.0433760000
0.0411360000
0.0429706667
0.0439466667
0.0391040000
0.0388586667
0.0467146667
0.0425600000
0.0441066667
0.0465493333
0.0483413333
0.0463040000
0.0476053333
0.0486666667
0.0000000100
0.0000000100
0.0000000100
0.0000000100
0.0000000100
0.0000000100
0.0000000100
0.0000000100
0.0000000100
0.0000000100
0.0000000100
0.0000000100
0.0000000100
0.0000000100
0.0000000100
0.0000000100
0.0000000100
0.0000000100
0.0000000100
0.0000000100
0.0000000100
0.0000000100
0.0000000100
0.0000000100
0.0000000100
0.0000000100
0.0000000100
0.0000000100
0.0000000100
0.0000000100
0.0000000100
0.0000000100
0.0000000100
0.0000000100
0.0000000100
0.0000000100
0.0000000100
0.0000000100
0.0000000100
0.0000000100
0.0000000100
0.0000000100
0.0000000100
0.0000000100
0.0000000100
0.0000000100
0.0000000100
0.0000000100
0.0000000100
0.0000000100
0.0000000100
0.0000000100
0.0000000100
0.0000000100
0.0000000100
0.0000000100
0.0000000100
0.0000000100
0.0000000100
0.0000000100
0.0000000100
0.0000000100
0.0000000100
0.0000000100
0.0000000100
0.0000000100
0.0000000100
0.0000000100
0.0000000100
0.0000000100
0.0000000100
0.0000000100
0.0000000100
0.0000000100
0.0000000100
0.0000000100
0.0000000100
0.0000000100
0.0000000100
0.0000000100
0.0000000100
0.0000000100
0.0000000100
0.0000000100
0.0000000100
0.0000000100
0.0000000100
0.0000000100
0.0000000100
0.0000000100
0.0000000100
0.0000000100
0.0000000100
0.0000000100
0.0000000100
0.0000000100
0.0000000100
0.0000000100
0.0000000100
0.0000000100
0.0000000100
0.0000000100
0.0000000100
0.0000000100
0.0000000100
0.0000000100
0.0000000100
0.0000000100
0.0000000100
0.0000000100
0.0000000100
0.0000000100
0.0000000100
0.0000000100
0.0000000100
0.0000000100
0.0000000100
0.0000000100
0.0000000100
0.0000000100
0.0000000100
0.0000000100
0.0000000100
0.0000000100
0.0000000100
0.0000000100
0.0000000100
0.0000000100
0.0000000100
0.0000000100
0.0000000100
0.0000000100
0.0000000100
0.0000000100
0.0000000100
0.0000000100
0.0000000100
0.0000000100
0.0000000100
0.0000000100
0.0000000100
0.0000000100
0.0000000100
0.0000000100
0.0000000100
0.0000000100
0.0000000100
0.0000000100
0.0000000100
0.0000000100
0.0000000100
0.0000000100
0.0000000100
0.0000000100
0.0000000100
0.0000000100
0.0000000100
0.0000000100
0.0000000100
0.0000000100
0.0000000100
0.0000000100
0.0000000100
0.0000000100
0.0000000100
0.0000000100
0.0000000100
0.0000000100
0.0000000100
0.0000000100
0.0000000100
0.0000000100
0.0000000100
0.0000000100
0.0000000100
0.0000000100
0.0000000100
0.0000000100
0.0000000100
0.0000000100
0.0000000100
0.0000000100
0.0000000100
0.0000000100
0.0000000100
0.0000000100
0.0000000100
0.0000000100
0.0000000100
0.0000000100
0.0000000100
0.0000000100
0.0000000100
0.0000000100
0.0000000100
0.0000000100
0.0000000100
0.0000000100
0.0000000100
0.0000000100
0.0000000100
0.0000000100
0.0000000100
0.0000000100
0.0000000100
0.0000000100
0.0000000100
0.0000000100
0.0000000100
0.0000000100
0.0000000100
0.0000000100
0.0000000100
0.0000000100
0.0000000100
0.0000000100
0.0000000100
0.0000000100
0.0000000100
0.0000000100
0.0000000100
0.0000000100
0.0000000100
0.0000000100
0.0000000100
0.0000000100
0.0000000100
0.0000000100
0.0000000100
0.0000000100
0.0000000100
0.0000000100
0.0000000100
0.0000000100
0.0000000100
0.0000000100
0.0000000100
0.0000000100
0.0000000100
0.0000000100
0.0000000100
0.0000000100
0.0000000100
0.0000000100
0.0000000100
0.0000000100
0.0000000100
0.0000000100
0.0000000100
0.0000000100
0.0000000100
0.0000000100
0.0000000100
0.0000000100
0.0000000100
0.0000000100
0.0000000100
0.0000000100
0.0000000100
0.0000000100
0.0000000100
0.0000000100
0.0000000100
0.0000000100
0.0000000100
0.0000000100
0.0000000100
0.0000000100
0.0000000100
0.0000000100
0.0000000100
0.0000000100
0.0000000100
0.0000000100
0.0000000100
0.0000000100
0.0000000100
0.0000000100
0.0000000100
0.0000000100
0.0000000100
0.0000000100
0.0000000100
0.0000000100
0.0000000100
0.0000000100
0.0000000100
0.0000000100
0.0000000100
0.0000000100
0.0000000100
0.0000000100
0.0000000100
0.0000000100
0.0000000100
0.0000000100
0.0000000100
0.0000000100
0.0000000100
0.0000000100
0.0000000100
0.0000000100
0.0000000100
0.0000000100
0.0000000100
0.0000000100
0.0000000100
0.0000000100
0.0000000100
0.0000000100
0.0000000100
0.0000000100
0.0000000100
0.0000000100
0.0000000100
0.0000000100
0.0000000100
0.0000000100
0.0000000100
0.0000000100
0.0000000100
0.0000000100
0.0000000100
0.0000000100
0.0000000100
0.0000000100
0.0000000100
0.0000000100
0.0000000100
0.0000000100
0.0000000100
0.0000000100
0.0000000100
0.0000000100
0.0000000100
0.0000000100
0.0000000100
0.0000000100
0.0000000100
0.0000000100
0.0000000100
0.0000000100
0.0000000100
0.0000000100
0.0000000100
0.0000000100
0.0000000100
0.0000000100
0.0000000100
0.0000000100
0.0000000100
0.0000000100
0.0000000100
0.0000000100
0.0000000100
0.0000000100
0.0000000100
0.0000000100
0.0000000100
0.0000000100
0.0000000100
0.0000000100
0.0000000100
0.0000000100
0.0000000100
0.0000000100
0.0000000100
0.0000000100
