0.2104401806
0.1825620767
0.1976862302
0.2069977427
0.1524266366
0.1501693002
0.1619074492
0.1758465011
0.1624153499
0.1620767494
0.1629232506
0.1419300226
0.1395033860
0.1541196388
0.1560383747
0.1717268623
0.1432844244
0.1138261851
0.1259029345
0.1155756208
0.1362302483
0.1238148984
0.1274266366
0.1370767494
0.1477426637
0.1465575621
0.1550225734
0.1437923251
0.1362302483
0.1269187359
0.1411963883
0.1550225734
0.2090857788
0.3041196388
0.3440744921
0.4139954853
0.3823363431
0.4463882619
0.4064334086
0.4291760722
0.4305304740
0.4064334086
0.4222911964
0.4071106095
0.3782167043
0.3878668172
0.4071106095
0.3913092551
0.4160835214
0.4208803612
0.4050790068
0.3671557562
0.3995485327
0.3974604966
0.4181715576
0.4133182844
0.3913092551
0.4057562077
0.4339729120
0.4663656885
0.4843115124
0.3268623025
0.4663656885
0.4746613995
0.4519187359
0.4395033860
0.3954288939
0.3864559819
0.4216139955
0.3836907449
0.3974604966
0.4139954853
0.4050790068
0.3974604966
0.3954288939
0.3913092551
0.3809255079
0.3995485327
0.3851015801
0.3358352144
0.3623589165
0.3482505643
0.3196388262
0.3437358916
0.2042325056
0.3399548533
0.3261851016
0.2952031603
0.4085214447
0.4573927765
0.4319413093
0.3857787810
0.3616817156
0.3492663657
0.3258465011
0.3317155756
0.3582392777
0.3768058691
0.3671557562
0.3485891648
0.3292889391
0.3830135440
0.3575056433
0.3199774266
0.3206546275
0.3623589165
0.3823363431
0.3630361174
0.3516930023
0.3340857788
0.3623589165
0.3561512415
0.3199774266
0.3492663657
0.3913092551
0.3851015801
0.4174379233
0.4174379233
0.3795711061
0.3740406321
0.4091986456
0.4243792325
0.3630361174
0.4112866817
0.3961060948
0.4133182844
0.5146162528
0.4360609481
0.4650112867
0.4305304740
0.3926636569
0.3919864560
0.3761286682
0.4050790068
0.3151805869
0.3540632054
0.3651241535
0.3836907449
0.3692437923
0.3816591422
0.3664785553
0.3705981941
0.3437358916
0.3533860045
0.4119638826
0.3523702032
0.3540632054
0.3961060948
0.3272009029
0.3358352144
0.3386004515
0.3203160271
0.3268623025
0.3482505643
0.3186230248
0.3365124153
0.3382618510
0.3392776524
0.3533860045
0.3086343115
0.2900112867
0.2524830700
0.2621331828
0.2872460497
0.3368510158
0.3196388262
0.2775959368
0.3365124153
0.3240970655
0.2896726862
0.2669300226
0.2806997743
0.3237584650
0.3072234763
0.2914221219
0.3130925508
0.3358352144
0.3496049661
0.3623589165
0.3782167043
0.3664785553
0.3671557562
0.3568284424
0.3561512415
0.3568284424
0.3420428894
0.3437358916
0.3671557562
0.3733634312
0.3851015801
0.3981941309
0.4023137698
0.4147291196
0.4347065463
0.3851015801
0.3974604966
0.4085214447
0.4147291196
0.4422686230
0.4202031603
0.4222911964
0.4732505643
0.4539503386
0.4532731377
0.4332957111
0.4147291196
0.4160835214
0.3933408578
0.3981941309
0.4229683973
0.4105530474
0.5242663657
0.5262979684
0.4443566591
0.5042889391
0.4546839729
0.4636004515
0.3878668172
0.4360609481
0.4484762980
0.4367381490
0.4264108352
0.3871331828
0.4078442438
0.3788939052
0.4105530474
0.4257336343
0.4098758465
0.4091986456
0.4044018059
0.3961060948
0.4023137698
0.4064334086
0.4195259594
0.4257336343
0.4105530474
0.4319413093
0.3919864560
0.4098758465
0.3816591422
0.3823363431
0.3747742664
0.3747742664
0.3540632054
0.3547968397
0.3623589165
0.3678893905
0.3465011287
0.3134311512
0.3327313770
0.3417042889
0.3506207675
0.3309819413
0.3747742664
0.3851015801
0.3809255079
0.3747742664
0.3940180587
0.3802483070
0.3733634312
0.3602708804
0.3448081264
0.3644469526
0.3413656885
0.3595936795
0.3145033860
0.3417042889
0.3320541761
0.3330699774
0.3516930023
0.3609480813
0.3761286682
0.3568284424
0.3609480813
0.3145033860
0.3368510158
0.3145033860
0.2793453725
0.2965575621
0.3196388262
0.3155191874
0.3203160271
0.3340857788
0.3206546275
0.3172121896
0.3086343115
0.3072234763
0.3130925508
0.3062076749
0.3282731377
0.3361738149
0.3454853273
0.3193002257
0.2986455982
0.3244920993
0.3609480813
0.3575056433
0.3851015801
0.3344808126
0.3113995485
0.3209932280
0.3306433409
0.3402934537
0.3437358916
0.3296275395
0.3878668172
0.3465011287
0.3172121896
0.2924379233
0.3227426637
0.3340857788
0.3358352144
0.2714446953
0.2545146727
0.2380361174
0.2824492099
0.2862302483
0.2307562077
0.2190744921
0.1797968397
0.2018623025
0.2132054176
0.2390519187
0.1956546275
0.2180586907
0.2331828442
0.2022009029
0.2121896163
0.2235327314
0.2163092551
0.2665914221
0.2273137698
0.2028781038
0.2169864560
0.1901241535
0.3120767494
0.2638261851
0.3330699774
0.3933408578
0.3034424379
0.2438487585
0.2745485327
0.2858916479
0.2672686230
0.2359480813
0.2476297968
0.2115124153
0.2958803612
0.3096501129
0.2783295711
0.2472911964
0.2190744921
0.3678893905
0.3720090293
0.3179458239
0.2569413093
0.2886568849
0.3165349887
0.2631489842
0.2875846501
0.3024266366
0.3058690745
0.3255079007
0.3268623025
0.3127539503
0.3024266366
0.2893340858
0.2900112867
0.2824492099
0.2641647856
0.3320541761
0.2968961625
0.3079571106
0.2659142212
0.2449209932
0.2294018059
0.2256207675
0.2221783296
0.2245485327
0.2169864560
0.2084085779
0.1949774266
0.2218397291
0.2169864560
0.2875846501
0.3406320542
0.3513544018
0.3448081264
0.3430586907
0.3713318284
0.3437358916
0.3582392777
0.3898984199
0.3375282167
0.3461625282
0.3705981941
0.3575056433
0.2862302483
0.4029909707
0.3678893905
0.4147291196
0.4229683973
0.4064334086
0.4160835214
0.4202031603
0.4601580135
0.3609480813
0.4002257336
0.4525959368
0.4677765237
0.4347065463
0.4753386005
0.3857787810
0.3961060948
0.4284988713
0.3981941309
0.4216139955
0.4656884876
0.3699209932
0.3582392777
0.4036681716
0.4429458239
0.4029909707
0.3582392777
0.3609480813
0.3616817156
0.3582392777
0.3905756208
0.3967832957
0.3981941309
0.3898984199
0.3327313770
0.3705981941
0.3713318284
0.4154063205
0.4553611738
0.4753386005
0.4429458239
0.3954288939
0.4036681716
0.4264108352
0.3823363431
0.4670428894
0.4897855530
0.4105530474
0.4443566591
0.3664785553
0.3423814898
0.3616817156
0.3671557562
0.3954288939
0.3427200903
0.3327313770
0.3699209932
0.3816591422
0.3905756208
0.4305304740
0.4415914221
0.4677765237
0.4257336343
0.4581264108
0.4691309255
0.4436230248
0.4567155756
0.4704853273
0.4691309255
0.4278216704
0.2993227991
0.4064334086
0.3220654628
0.4044018059
0.3740406321
0.3482505643
0.3575056433
0.4057562077
0.4174379233
0.4463882619
0.4925507901
0.4801354402
0.5228555305
0.5146162528
0.5125282167
0.4849887133
0.4560383747
0.5159706546
0.4725733634
0.4250564334
0.3864559819
0.3103273138
0.4835778781
0.4766930023
0.4395033860
0.4216139955
0.4381489842
0.4739277652
0.4794582393
0.4029909707
0.3685665914
0.3595936795
0.3651241535
0.4567155756
0.3637133183
0.0000000100
0.0000000100
0.0000000100
0.0000000100
0.0000000100
0.0000000100
0.0000000100
0.0000000100
0.0000000100
0.0000000100
0.0000000100
0.0000000100
0.0000000100
0.0000000100
0.0000000100
0.0000000100
0.0000000100
0.0000000100
0.0000000100
0.0000000100
0.0000000100
0.0000000100
0.0000000100
0.0000000100
0.0000000100
0.0000000100
0.0000000100
0.0000000100
0.0000000100
0.0000000100
0.0000000100
0.0000000100
0.0000000100
0.0000000100
0.0000000100
0.0000000100
0.0000000100
0.0000000100
0.0000000100
0.0000000100
0.0000000100
0.0000000100
0.0000000100
0.0000000100
0.0000000100
0.0000000100
0.0000000100
0.0000000100
0.0000000100
0.0000000100
0.0000000100
0.0000000100
0.0000000100
0.0000000100
0.0000000100
0.0000000100
0.0000000100
0.0000000100
0.0000000100
0.0000000100
0.0000000100
0.0000000100
0.0000000100
0.0000000100
0.0000000100
0.0000000100
0.0000000100
0.0000000100
0.0000000100
0.0000000100
0.0000000100
0.0000000100
0.0000000100
0.0000000100
0.0000000100
0.0000000100
0.0000000100
0.0000000100
0.0000000100
0.0000000100
0.0000000100
0.0000000100
0.0000000100
0.0000000100
0.0000000100
0.0000000100
0.0000000100
0.0000000100
0.0000000100
0.0000000100
0.0000000100
0.0000000100
0.0000000100
0.0000000100
0.0000000100
0.0000000100
0.0000000100
0.0000000100
0.0000000100
0.0000000100
0.0000000100
0.0000000100
0.0000000100
0.0000000100
0.0000000100
0.0000000100
0.0000000100
0.0000000100
0.0000000100
0.0000000100
0.0000000100
0.0000000100
0.0000000100
0.0000000100
0.0000000100
0.0000000100
0.0000000100
0.0000000100
0.0000000100
0.0000000100
0.0000000100
0.0000000100
0.0000000100
0.0000000100
0.0000000100
0.0000000100
0.0000000100
0.0000000100
0.0000000100
0.0000000100
0.0000000100
0.0000000100
0.0000000100
0.0000000100
0.0000000100
0.0000000100
0.0000000100
0.0000000100
0.0000000100
0.0000000100
0.0000000100
0.0000000100
0.0000000100
0.0000000100
0.0000000100
0.0000000100
0.0000000100
0.0000000100
0.0000000100
0.0000000100
0.0000000100
0.0000000100
0.0000000100
0.0000000100
0.0000000100
0.0000000100
0.0000000100
0.0000000100
0.0000000100
0.0000000100
0.0000000100
0.0000000100
0.0000000100
0.0000000100
0.0000000100
0.0000000100
0.0000000100
0.0000000100
0.0000000100
0.0000000100
0.0000000100
0.0000000100
0.0000000100
0.0000000100
0.0000000100
0.0000000100
0.0000000100
0.0000000100
0.0000000100
0.0000000100
0.0000000100
0.0000000100
0.0000000100
0.0000000100
0.0000000100
0.0000000100
0.0000000100
0.0000000100
0.0000000100
0.0000000100
0.0000000100
0.0000000100
0.0000000100
0.0000000100
0.0000000100
0.0000000100
0.0000000100
0.0000000100
0.0000000100
0.0000000100
0.0000000100
0.0000000100
0.0000000100
0.0000000100
0.0000000100
0.0000000100
0.0000000100
0.0000000100
0.0000000100
0.0000000100
0.0000000100
0.0000000100
0.0000000100
0.0000000100
0.0000000100
0.0000000100
0.0000000100
0.0000000100
0.0000000100
0.0000000100
0.0000000100
0.0000000100
0.0000000100
0.0000000100
0.0000000100
0.0000000100
0.0000000100
0.0000000100
0.0000000100
0.0000000100
0.0000000100
0.0000000100
0.0000000100
0.0000000100
0.0000000100
0.0000000100
0.0000000100
0.0000000100
0.0000000100
0.0000000100
0.0000000100
0.0000000100
0.0000000100
0.0000000100
0.0000000100
0.0000000100
0.0000000100
0.0000000100
0.0000000100
0.0000000100
0.0000000100
0.0000000100
0.0000000100
0.0000000100
0.0000000100
0.0000000100
0.0000000100
0.0000000100
0.0000000100
0.0000000100
0.0000000100
0.0000000100
0.0000000100
0.0000000100
0.0000000100
0.0000000100
0.0000000100
0.0000000100
0.0000000100
0.0000000100
0.0000000100
0.0000000100
0.0000000100
0.0000000100
0.0000000100
0.0000000100
0.0000000100
0.0000000100
0.0000000100
0.0000000100
0.0000000100
0.0000000100
0.0000000100
0.0000000100
0.0000000100
0.0000000100
0.0000000100
0.0000000100
0.0000000100
0.0000000100
0.0000000100
0.0000000100
0.0000000100
0.0000000100
0.0000000100
0.0000000100
0.0000000100
0.0000000100
0.0000000100
0.0000000100
0.0000000100
0.0000000100
0.0000000100
0.0000000100
0.0000000100
0.0000000100
0.0000000100
0.0000000100
0.0000000100
0.0000000100
0.0000000100
0.0000000100
0.0000000100
0.0000000100
0.0000000100
0.0000000100
0.0000000100
0.0000000100
0.0000000100
0.0000000100
0.0000000100
0.0000000100
0.0000000100
0.0000000100
0.0000000100
0.0000000100
0.0000000100
0.0000000100
0.0000000100
0.0000000100
0.0000000100
0.0000000100
0.0000000100
0.0000000100
0.0000000100
0.0000000100
0.0000000100
0.0000000100
0.0000000100
0.0000000100
0.0000000100
0.0000000100
0.0000000100
0.0000000100
0.0000000100
0.0000000100
0.0000000100
0.0000000100
0.0000000100
0.0000000100
0.0000000100
0.0000000100
0.0000000100
0.0000000100
0.0000000100
0.0000000100
0.0000000100
0.0000000100
0.0000000100
0.0000000100
0.0000000100
0.0000000100
0.0000000100
0.0000000100
0.0000000100
0.0000000100
0.0000000100
0.0000000100
